sk_resp_ceap,id_deputado,dept_tx_nome_parlamentar,part_sg_partido,uf_sg_uf,desp_tx_segmento_despesa,desp_tx_tipo_despesa,forn_fl_cnpj_suspeito,forn_tx_motivo_cnpj_suspeito,forn_tx_status_consulta_cnpj,forn_tx_situacao_cadastral,qt_fornecedores,qt_documentos,desp_vl_total_liquido,vl_media_categoria_uf,vl_desvio_categoria_uf,desp_nr_zscore,desp_tx_classificacao_anomalia
503,160510,Luis Tibé,AVANTE,MG,Combustível,Combustíveis E Lubrificantes.,0,Sem indício cadastral crítico,FOUND,ATIVA,192,452,75664.30,65306.104375,92314.0005265802,0.1122,Comportamento esperado
180,62881,Danilo Forte,PP,CE,Alimentação,Fornecimento De Alimentação Do Parlamentar,0,Sem indício cadastral crítico,FOUND,ATIVA,89,211,18888.06,4778.337742,9185.089924635726,1.5362,Comportamento esperado
689,161440,Pezenti,MDB,SC,Outros,Manutenção De Escritório De Apoio À Atividade Parlamentar,0,Documento não consultado por não ser CNPJ,NOT_APPLICABLE,,1,38,115600.00,70964.571200,106769.4367602354,0.4181,Comportamento esperado
404,74273,Jefferson Campos,PL,SP,Publicidade,Divulgação Da Atividade Parlamentar.,0,Sem indício cadastral crítico,FOUND,ATIVA,7,36,82877.80,243741.226243,313657.1515008437,-0.5129,Comportamento esperado
347,160673,Giovani Cherini,PL,RS,Hotéis,"Hospedagem ,exceto Do Parlamentar No Distrito Federal.",0,Sem indício cadastral crítico,FOUND,ATIVA,58,190,63360.80,21826.986437,35658.661568585754,1.1648,Comportamento esperado
342,74270,Gilberto Nascimento,PODE,SP,Outros,Manutenção De Escritório De Apoio À Atividade Parlamentar,0,Sem indício cadastral crítico,FOUND,ATIVA,5,49,187210.21,98538.487659,143509.98800071477,0.6179,Comportamento esperado
448,204372,Julio Cesar Ribeiro,REPUBLICANOS,DF,Combustível,Combustíveis E Lubrificantes.,0,Sem indício cadastral crítico,FOUND,ATIVA,72,218,53152.74,33372.670769,51515.7382887601,0.384,Comportamento esperado
406,204435,Jesus Sérgio,PDT,AC,Publicidade,Divulgação Da Atividade Parlamentar.,1,Situação cadastral não ativa: INAPTA,FOUND,INAPTA,1,5,7500.00,295132.464706,394989.3569390969,-0.7282,Fornecedor com CNPJ suspeito
878,160632,Zé Silva,UNIÃO,MG,Hotéis,"Hospedagem ,exceto Do Parlamentar No Distrito Federal.",0,Sem indício cadastral crítico,FOUND,ATIVA,49,116,34429.73,17018.453084,26330.369533202334,0.6613,Comportamento esperado
783,204387,Sargento Fahur,PL,PR,Alimentação,Fornecimento De Alimentação Do Parlamentar,1,Situação cadastral não ativa: BAIXADA,FOUND,BAIXADA,3,6,220.36,4173.948542,8441.04850518495,-0.4684,Fornecedor com CNPJ suspeito
149,220666,Coronel Meira,PL,PE,Viagens,Passagem Aérea - Sigepa,,,,,0,246,290839.07,221741.150682,163177.94412569836,0.4235,Comportamento esperado
93,160538,Bohn Gass,PT,RS,Comunicação,Telefonia,0,Sem indício cadastral crítico,FOUND,ATIVA,6,271,46680.33,19321.830435,18898.364290143905,1.4477,Comportamento esperado
346,220531,Gilvan Maximo,REPUBLICANOS,DF,Publicidade,Divulgação Da Atividade Parlamentar.,1,Situação cadastral não ativa: BAIXADA,FOUND,BAIXADA,4,28,383823.10,274983.723704,375023.4293293225,0.2902,Fornecedor com CNPJ suspeito
815,178922,Tadeu Alencar,PSB,PE,Outros,Manutenção De Escritório De Apoio À Atividade Parlamentar,0,Sem indício cadastral crítico,FOUND,ATIVA,16,108,84488.81,90785.734524,140277.34198893898,-0.0449,Comportamento esperado
700,204565,Professora Dayane Pimentel,UNIÃO,BA,Outros,Manutenção De Escritório De Apoio À Atividade Parlamentar,0,Documento não consultado por não ser CNPJ,NOT_APPLICABLE,,1,10,40204.00,98257.521290,134321.8726415135,-0.4322,Comportamento esperado
244,178994,Dulce Miranda,MDB,TO,Serviços profissionais,"Consultorias, Pesquisas E Trabalhos Técnicos.",0,Sem indício cadastral crítico,FOUND,ATIVA,3,12,160000.00,116859.636364,127191.31032210709,0.3392,Comportamento esperado
864,224333,Welter,PT,PR,Locomoção,Locação Ou Fretamento De Veículos Automotores,0,Sem indício cadastral crítico,FOUND,ATIVA,2,36,122152.50,113439.957419,130977.93601797776,0.0665,Comportamento esperado
716,221378,Reginete Bispo,PT,RS,Outros,"Passagens Terrestres, Marítimas Ou Fluviais",0,Sem indício cadastral crítico,FOUND,ATIVA,2,2,329.15,4236.036552,8253.072405382596,-0.4734,Comportamento esperado
861,220601,Washington Quaquá,PT,RJ,Locomoção,Locação Ou Fretamento De Veículos Automotores,0,Sem indício cadastral crítico,FOUND,ATIVA,2,47,203110.00,162239.394390,163272.60476613723,0.2503,Comportamento esperado
250,204541,Eduardo Bismarck,PDT,CE,Viagens,Passagem Aérea - Rpa,0,Sem indício cadastral crítico,FOUND,ATIVA,2,10,8993.35,32586.001200,51600.505956913454,-0.4572,Comportamento esperado
412,204546,Joice Hasselmann,PSDB,SP,Publicidade,Divulgação Da Atividade Parlamentar.,1,Situação cadastral não ativa: BAIXADA,FOUND,BAIXADA,2,12,50800.00,243741.226243,313657.1515008437,-0.6151,Fornecedor com CNPJ suspeito
698,204383,Professor Israel Batista,PSB,DF,Publicidade,Divulgação Da Atividade Parlamentar.,1,Situação cadastral não ativa: BAIXADA,FOUND,BAIXADA,1,3,17400.00,274983.723704,375023.4293293225,-0.6868,Fornecedor com CNPJ suspeito
433,74554,José Rocha,UNIÃO,BA,Alimentação,Fornecimento De Alimentação Do Parlamentar,0,Sem indício cadastral crítico,FOUND,ATIVA,2,2,147.27,5334.958511,10548.888785765435,-0.4918,Comportamento esperado
374,220672,Henderson Pinto,UNIÃO,PA,Outros,"Passagens Terrestres, Marítimas Ou Fluviais",0,Sem indício cadastral crítico,FOUND,ATIVA,1,2,140.00,1078.217500,1379.000592418896,-0.6804,Comportamento esperado
338,204394,Gervásio Maia,PSB,PB,Locomoção,Locação Ou Fretamento De Veículos Automotores,0,Sem indício cadastral crítico,FOUND,ATIVA,3,15,86885.33,197980.822174,165434.59936969794,-0.6715,Comportamento esperado
396,73531,Ivan Valente,PSOL,SP,Viagens,Passagem Aérea - Rpa,0,Sem indício cadastral crítico,FOUND,ATIVA,2,17,27195.18,24943.515352,36157.13967829913,0.0623,Comportamento esperado
385,204373,Hélio Costa,PSD,SC,Serviços profissionais,"Consultorias, Pesquisas E Trabalhos Técnicos.",0,Sem indício cadastral crítico,FOUND,ATIVA,1,6,49000.00,54951.871000,53748.576570772435,-0.1107,Comportamento esperado
634,73463,Osmar Serraglio,PP,PR,Locomoção,Locação Ou Fretamento De Veículos Automotores,0,Sem indício cadastral crítico,FOUND,ATIVA,2,14,134475.40,113439.957419,130977.93601797776,0.1606,Comportamento esperado
246,204562,Edilázio Júnior,PSD,MA,Publicidade,Divulgação Da Atividade Parlamentar.,0,Sem indício cadastral crítico,FOUND,ATIVA,4,11,261150.00,299945.123175,386285.4495039867,-0.1004,Comportamento esperado
697,204390,Professor Alcides,PSDB,GO,Outros,Manutenção De Escritório De Apoio À Atividade Parlamentar,0,Sem indício cadastral crítico,FOUND,ATIVA,2,28,540966.20,100447.486545,162486.21407041358,2.7111,Possível anomalia financeira
598,179001,Márcio Biolchi,MDB,RS,Publicidade,Divulgação Da Atividade Parlamentar.,1,Situação cadastral não ativa: BAIXADA,FOUND,BAIXADA,2,15,71013.00,215724.063125,265101.600265673,-0.5459,Fornecedor com CNPJ suspeito
723,153423,Renilce Nicodemos,MDB,PA,Locomoção,Locação Ou Fretamento De Veículos Automotores,0,Sem indício cadastral crítico,FOUND,ATIVA,1,2,20240.00,121907.551481,147158.0353457022,-0.6909,Comportamento esperado
776,160635,Ruy Carneiro,PSC,PB,Combustível,Combustíveis E Lubrificantes.,1,Situação cadastral não ativa: INAPTA,FOUND,INAPTA,1,1,4635.96,61582.608974,85760.8839439169,-0.664,Fornecedor com CNPJ suspeito
69,141391,Arnaldo Jardim,CIDADANIA,SP,Viagens,Passagem Aérea - Reembolso,0,Sem indício cadastral crítico,FOUND,ATIVA,1,2,3226.65,9758.571000,11443.414965885137,-0.5708,Comportamento esperado
692,73486,Pompeo De Mattos,PDT,RS,Alimentação,Fornecimento De Alimentação Do Parlamentar,0,Sem indício cadastral crítico,FOUND,ATIVA,101,130,11957.30,7368.085075,13657.337051272762,0.336,Comportamento esperado
768,178935,Rossoni,PSDB,PR,Combustível,Combustíveis E Lubrificantes.,0,Sem indício cadastral crítico,FOUND,ATIVA,44,59,14833.09,57944.345500,82353.4495793919,-0.5235,Comportamento esperado
450,204457,Juninho Do Pneu,UNIÃO,RJ,Combustível,Combustíveis E Lubrificantes.,0,Sem indício cadastral crítico,FOUND,ATIVA,45,174,57226.62,44023.319398,62812.667137756165,0.2102,Comportamento esperado
188,220625,Delegada Ione,AVANTE,MG,Outros,"Passagens Terrestres, Marítimas Ou Fluviais",0,Sem indício cadastral crítico,FOUND,ATIVA,8,16,4139.86,3858.240000,6358.142634643256,0.0443,Comportamento esperado
384,160674,Hugo Motta,REPUBLICANOS,PB,Publicidade,Divulgação Da Atividade Parlamentar.,1,Situação cadastral não ativa: INAPTA,FOUND,INAPTA,1,21,11250.00,324815.111538,407718.48875224456,-0.7691,Fornecedor com CNPJ suspeito
297,204407,Fernanda Melchionna,PSOL,RS,Outros,Manutenção De Escritório De Apoio À Atividade Parlamentar,1,Situação cadastral não ativa: BAIXADA,FOUND,BAIXADA,3,101,102446.30,109428.142500,149558.61424927576,-0.0467,Fornecedor com CNPJ suspeito
508,73778,Luiz Carlos Hauly,PODE,PR,Outros,"Serviço De Táxi, Pedágio E Estacionamento",0,Sem indício cadastral crítico,FOUND,ATIVA,4,33,22629.53,5713.999474,13397.131596894355,1.2626,Comportamento esperado
588,178985,Miguel Lombardi,PL,SP,Viagens,Passagem Aérea - Rpa,0,Sem indício cadastral crítico,FOUND,ATIVA,2,76,48949.32,24943.515352,36157.13967829913,0.6639,Comportamento esperado
128,73441,Celso Russomanno,REPUBLICANOS,SP,Comunicação,Telefonia,0,Sem indício cadastral crítico,FOUND,ATIVA,2,252,119896.78,19889.940211,25751.500071775903,3.8835,Anomalia financeira extrema
293,204398,Felipe Francischini,UNIÃO,PR,Outros,"Serviço De Táxi, Pedágio E Estacionamento",0,Sem indício cadastral crítico,FOUND,ATIVA,2,4,132.48,5713.999474,13397.131596894355,-0.4166,Comportamento esperado
713,115200,Raniery Paulino,REPUBLICANOS,PB,Outros,Manutenção De Escritório De Apoio À Atividade Parlamentar,0,Sem indício cadastral crítico,FOUND,ATIVA,1,1,333.80,40088.436364,59072.75761932022,-0.673,Comportamento esperado
270,161550,Emidinho Madeira,PL,MG,Outros,Manutenção De Escritório De Apoio À Atividade Parlamentar,1,Situação cadastral não ativa: BAIXADA,FOUND,BAIXADA,1,15,1628.95,123562.947566,162703.54342443834,-0.7494,Fornecedor com CNPJ suspeito
294,204371,Felipe Rigoni,UNIÃO,ES,Hotéis,"Hospedagem ,exceto Do Parlamentar No Distrito Federal.",0,Sem indício cadastral crítico,FOUND,ATIVA,17,20,9840.40,14136.593684,23816.6886480095,-0.1804,Comportamento esperado
76,74646,Aécio Neves,PSDB,MG,Publicidade,Divulgação Da Atividade Parlamentar.,1,Situação cadastral não ativa: INAPTA,FOUND,INAPTA,1,1,1500.00,194891.353020,276881.75990132586,-0.6985,Fornecedor com CNPJ suspeito
241,220686,Duarte Jr.,AVANTE,MA,Publicidade,Divulgação Da Atividade Parlamentar.,0,Sem indício cadastral crítico,FOUND,ATIVA,12,59,387840.20,299945.123175,386285.4495039867,0.2275,Comportamento esperado
364,220568,Gustavo Gayer,PL,GO,Hotéis,"Hospedagem ,exceto Do Parlamentar No Distrito Federal.",0,Sem indício cadastral crítico,FOUND,ATIVA,4,7,3170.18,7024.380500,8737.204954294128,-0.4411,Comportamento esperado
448,204372,Julio Cesar Ribeiro,REPUBLICANOS,DF,Hotéis,"Hospedagem ,exceto Do Parlamentar No Distrito Federal.",0,Sem indício cadastral crítico,FOUND,ATIVA,3,3,2304.84,9328.483333,6291.891063617784,-1.1163,Comportamento esperado
223,220614,Dr. Daniel Soranz,PSD,RJ,Outros,"Serviço De Táxi, Pedágio E Estacionamento",0,Sem indício cadastral crítico,FOUND,ATIVA,5,37,2057.11,8455.730411,14321.838989715481,-0.4468,Comportamento esperado
463,204536,Kim Kataguiri,UNIÃO,SP,Outros,Manutenção De Escritório De Apoio À Atividade Parlamentar,0,Sem indício cadastral crítico,FOUND,ATIVA,1,5,1850.10,98538.487659,143509.98800071477,-0.6737,Comportamento esperado
350,152605,Glauber Braga,PSOL,RJ,Locomoção,Locação Ou Fretamento De Veículos Automotores,0,Sem indício cadastral crítico,FOUND,ATIVA,2,6,22800.00,162239.394390,163272.60476613723,-0.854,Comportamento esperado
215,160758,Domingos Sávio,PL,MG,Comunicação,Telefonia,1,Situação cadastral não ativa: BAIXADA,FOUND,BAIXADA,1,3,897.14,15607.667083,19082.29985422686,-0.7709,Fornecedor com CNPJ suspeito
26,204571,Alex Santana,REPUBLICANOS,BA,Hotéis,"Hospedagem ,exceto Do Parlamentar No Distrito Federal.",0,Sem indício cadastral crítico,FOUND,ATIVA,1,1,378.00,14559.116889,26542.375379101115,-0.5343,Comportamento esperado
820,220598,Tarcísio Motta,PSOL,RJ,Viagens,Passagem Aérea - Reembolso,0,Sem indício cadastral crítico,FOUND,ATIVA,1,1,2547.41,9840.865893,10669.362639943789,-0.6836,Comportamento esperado
112,213762,Carla Dickson,PL,RN,Publicidade,Divulgação Da Atividade Parlamentar.,0,Sem indício cadastral crítico,FOUND,ATIVA,11,56,339599.78,246483.533462,299233.5953313259,0.3112,Comportamento esperado
552,204431,Marcos Aurélio Sampaio,MDB,PI,Outros,Manutenção De Escritório De Apoio À Atividade Parlamentar,0,Documento não consultado por não ser CNPJ,NOT_APPLICABLE,,1,1,1275.00,64892.367419,74159.10998309037,-0.8578,Comportamento esperado
682,204395,Pedro Lupion,PP,PR,Serviços profissionais,"Consultorias, Pesquisas E Trabalhos Técnicos.",0,Sem indício cadastral crítico,FOUND,ATIVA,2,13,174450.00,58752.690645,58141.82428785019,1.9899,Comportamento esperado
243,220623,Duda Salabert,PSOL,MG,Publicidade,Divulgação Da Atividade Parlamentar.,1,Situação cadastral não ativa: BAIXADA,FOUND,BAIXADA,1,10,23240.00,194891.353020,276881.75990132586,-0.6199,Fornecedor com CNPJ suspeito
476,74156,Leonardo Monteiro,PT,MG,Serviços profissionais,"Consultorias, Pesquisas E Trabalhos Técnicos.",0,Sem indício cadastral crítico,FOUND,ATIVA,1,3,27000.00,50370.301935,57079.85828457048,-0.4094,Comportamento esperado
495,74478,Luciano Bivar,UNIÃO,PE,Locomoção,Locação Ou Fretamento De Veículos Automotores,1,Situação cadastral não ativa: BAIXADA,FOUND,BAIXADA,1,2,6517.00,220869.240392,185976.71020526288,-1.1526,Fornecedor com CNPJ suspeito
499,178954,Lucio Mosquini,MDB,RO,Combustível,Combustíveis E Lubrificantes.,0,Sem indício cadastral crítico,FOUND,ATIVA,33,66,64436.79,64922.175357,86632.41303886044,-0.0056,Comportamento esperado
445,220640,Juliana Cardoso,PT,SP,Alimentação,Fornecimento De Alimentação Do Parlamentar,0,Sem indício cadastral crítico,FOUND,ATIVA,15,28,1482.26,3366.001170,5609.697337170304,-0.3358,Comportamento esperado
31,220554,Alexandre Lindenmeyer,PT,RS,Outros,Manutenção De Escritório De Apoio À Atividade Parlamentar,1,Erro na consulta pública de CNPJ,ERROR,,1,26,4675.40,109428.142500,149558.61424927576,-0.7004,Fornecedor com CNPJ suspeito
297,204407,Fernanda Melchionna,PSOL,RS,Viagens,Passagem Aérea - Sigepa,,,,,0,354,372097.64,223297.576531,126627.95953182003,1.1751,Comportamento esperado
732,204362,Ricardo Guidi,PL,SC,Combustível,Combustíveis E Lubrificantes.,0,Sem indício cadastral crítico,FOUND,ATIVA,147,512,133795.31,63943.250339,85631.6159933909,0.8157,Comportamento esperado
566,220655,Mario Frias,PL,SP,Publicidade,Divulgação Da Atividade Parlamentar.,0,Sem indício cadastral crítico,FOUND,ATIVA,8,56,431227.00,243741.226243,313657.1515008437,0.5977,Comportamento esperado
324,160666,Félix Mendonça Júnior,PDT,BA,Combustível,Combustíveis E Lubrificantes.,0,Sem indício cadastral crítico,FOUND,ATIVA,155,473,121747.07,76280.976842,110667.4963849575,0.4108,Comportamento esperado
145,204376,Coronel Armando,PL,SC,Combustível,Combustíveis E Lubrificantes.,0,Sem indício cadastral crítico,FOUND,ATIVA,29,239,54471.18,63943.250339,85631.6159933909,-0.1106,Comportamento esperado
369,178964,Heitor Schuch,PSB,RS,Hotéis,"Hospedagem ,exceto Do Parlamentar No Distrito Federal.",0,Sem indício cadastral crítico,FOUND,ATIVA,23,63,8421.00,21826.986437,35658.661568585754,-0.376,Comportamento esperado
505,204448,Luiz Antonio Corrêa,PP,RJ,Outros,"Serviço De Táxi, Pedágio E Estacionamento",0,Sem indício cadastral crítico,FOUND,ATIVA,7,34,8092.44,8455.730411,14321.838989715481,-0.0254,Comportamento esperado
583,74428,Mendonça Filho,PL,PE,Hotéis,"Hospedagem ,exceto Do Parlamentar No Distrito Federal.",0,Sem indício cadastral crítico,FOUND,ATIVA,9,38,31882.28,17089.374528,23447.97906027458,0.6309,Comportamento esperado
302,204427,Fernando Rodolfo,PL,PE,Viagens,Passagem Aérea - Sigepa,,,,,0,127,177144.05,221741.150682,163177.94412569836,-0.2733,Comportamento esperado
823,204466,Tereza Nelma,PSD,AL,Outros,Manutenção De Escritório De Apoio À Atividade Parlamentar,1,Situação cadastral não ativa: BAIXADA,FOUND,BAIXADA,1,12,63600.00,55960.761000,68535.24676411308,0.1115,Fornecedor com CNPJ suspeito
190,204451,Delegado Antônio Furtado,UNIÃO,RJ,Outros,"Serviço De Táxi, Pedágio E Estacionamento",0,Sem indício cadastral crítico,FOUND,ATIVA,20,387,8506.17,8455.730411,14321.838989715481,0.0035,Comportamento esperado
783,204387,Sargento Fahur,PSD,PR,Viagens,Passagem Aérea - Sigepa,,,,,0,46,58839.24,173223.575536,125997.34942419773,-0.9078,Comportamento esperado
656,141516,Paulo Abi-ackel,PSDB,MG,Locomoção,Locação Ou Fretamento De Veículos Automotores,0,Sem indício cadastral crítico,FOUND,ATIVA,6,81,315758.46,199358.988889,190617.58878325575,0.6106,Comportamento esperado
241,220686,Duarte Jr.,AVANTE,MA,Outros,Manutenção De Escritório De Apoio À Atividade Parlamentar,0,Sem indício cadastral crítico,FOUND,ATIVA,12,78,127403.33,64195.130784,109861.24089764054,0.5753,Comportamento esperado
164,220555,Daiana Santos,PCDOB,RS,Combustível,Combustíveis E Lubrificantes.,1,Situação cadastral não ativa: BAIXADA,FOUND,BAIXADA,3,9,1226.13,60520.148547,97388.05968907535,-0.6088,Fornecedor com CNPJ suspeito
499,178954,Lucio Mosquini,MDB,RO,Publicidade,Divulgação Da Atividade Parlamentar.,1,Situação cadastral não ativa: BAIXADA,FOUND,BAIXADA,2,2,3490.00,289552.191071,359934.1329827757,-0.7948,Fornecedor com CNPJ suspeito
797,204360,Silvia Cristina,PL,RO,Alimentação,Fornecimento De Alimentação Do Parlamentar,0,Sem indício cadastral crítico,FOUND,ATIVA,5,7,319.49,3332.884500,5228.833199412531,-0.5763,Comportamento esperado
635,73692,Osmar Terra,MDB,RS,Combustível,Combustíveis E Lubrificantes.,1,Situação cadastral não ativa: BAIXADA,FOUND,BAIXADA,2,2,584.07,60520.148547,97388.05968907535,-0.6154,Fornecedor com CNPJ suspeito
452,204574,Junior Lourenço,MDB,MA,Locomoção,Locação Ou Fretamento De Veículos Automotores,0,Sem indício cadastral crítico,FOUND,ATIVA,4,28,338416.00,122090.952683,112418.39663710551,1.9243,Comportamento esperado
762,163321,Ronaldo Nogueira,REPUBLICANOS,RS,Locomoção,Locação Ou Fretamento De Veículos Automotores,0,Sem indício cadastral crítico,FOUND,ATIVA,5,43,143545.05,182736.733051,177547.8783363845,-0.2207,Comportamento esperado
517,204526,Luiz Philippe De Orleans E Bragança,PL,SP,Locomoção,Locação Ou Fretamento De Veículos Automotores,0,Sem indício cadastral crítico,FOUND,ATIVA,1,22,242000.00,147254.510948,139673.23431152088,0.6783,Comportamento esperado
183,205548,David Miranda,PDT,RJ,Viagens,Passagem Aérea - Rpa,0,Sem indício cadastral crítico,FOUND,ATIVA,2,6,4338.37,24365.871064,36425.48190750471,-0.5498,Comportamento esperado
440,112437,João Marcelo Souza,MDB,MA,Comunicação,Telefonia,0,Sem indício cadastral crítico,FOUND,ATIVA,3,16,4418.20,18512.680625,18171.321371846523,-0.7756,Comportamento esperado
564,204432,Marina Santos,REPUBLICANOS,PI,Locomoção,Locação Ou Fretamento De Veículos Automotores,0,Sem indício cadastral crítico,FOUND,ATIVA,1,2,10870.92,264114.661053,215307.58327079436,-1.1762,Comportamento esperado
559,220668,Maria Arraes,PSB,PE,Hotéis,"Hospedagem ,exceto Do Parlamentar No Distrito Federal.",0,Sem indício cadastral crítico,FOUND,ATIVA,20,29,33276.03,17089.374528,23447.97906027458,0.6903,Comportamento esperado
623,74352,Nilson Pinto,PSDB,PA,Outros,Serviço De Segurança Prestado Por Empresa Especializada.,0,Sem indício cadastral crítico,FOUND,ATIVA,1,10,10739.13,60619.565000,70541.58767406961,-0.7071,Comportamento esperado
464,151208,Laercio Oliveira,PP,SE,Outros,Manutenção De Escritório De Apoio À Atividade Parlamentar,0,Sem indício cadastral crítico,FOUND,ATIVA,1,1,499.39,43647.935652,66268.36061748704,-0.6511,Comportamento esperado
627,66179,Norma Ayub,PP,ES,Publicidade,Divulgação Da Atividade Parlamentar.,0,Sem indício cadastral crítico,FOUND,ATIVA,5,8,23850.02,254942.876552,301625.34822291706,-0.7662,Comportamento esperado
384,160674,Hugo Motta,REPUBLICANOS,PB,Viagens,Passagem Aérea - Sigepa,,,,,0,318,432450.49,168235.151250,151254.20824234045,1.7468,Comportamento esperado
579,220609,Maurício Carvalho,UNIÃO,RO,Outros,Manutenção De Escritório De Apoio À Atividade Parlamentar,0,Sem indício cadastral crítico,FOUND,ATIVA,9,74,120554.20,40149.183103,63678.43736701476,1.2627,Comportamento esperado
6,221328,Adilson Barroso,PL,SP,Outros,"Serviço De Táxi, Pedágio E Estacionamento",0,Sem indício cadastral crítico,FOUND,ATIVA,14,170,35459.47,11967.060840,16796.655097373645,1.3986,Comportamento esperado
533,156190,Marcel Van Hattem,NOVO,RS,Serviços profissionais,"Consultorias, Pesquisas E Trabalhos Técnicos.",0,Sem indício cadastral crítico,FOUND,ATIVA,2,13,18330.00,39996.666667,35707.577110401064,-0.6068,Comportamento esperado
709,220532,Rafael Prudente,MDB,DF,Hotéis,"Hospedagem ,exceto Do Parlamentar No Distrito Federal.",1,Erro na consulta pública de CNPJ,ERROR,,1,1,11231.20,9328.483333,6291.891063617784,0.3024,Fornecedor com CNPJ suspeito
346,220531,Gilvan Maximo,REPUBLICANOS,DF,Publicidade,Divulgação Da Atividade Parlamentar.,0,Sem indício cadastral crítico,FOUND,ATIVA,8,38,257722.74,274983.723704,375023.4293293225,-0.046,Comportamento esperado
526,139285,Lídice Da Mata,PSB,BA,Locomoção,Locação Ou Fretamento De Veículos Automotores,0,Sem indício cadastral crítico,FOUND,ATIVA,5,96,377687.97,292409.611930,213979.496522466,0.3985,Comportamento esperado
417,214694,Jorge Goetten,REPUBLICANOS,SC,Locomoção,Locação Ou Fretamento De Veículos Automotores,0,Sem indício cadastral crítico,FOUND,ATIVA,1,35,164415.00,154711.621212,151032.92349497412,0.0642,Comportamento esperado
490,204404,Lucas Redecker,PSDB,RS,Outros,Manutenção De Escritório De Apoio À Atividade Parlamentar,0,Sem indício cadastral crítico,FOUND,ATIVA,8,74,137427.15,109428.142500,149558.61424927576,0.1872,Comportamento esperado
134,141439,Chico D'angelo,PDT,RJ,Locomoção,Locação Ou Fretamento De Veículos Automotores,0,Sem indício cadastral crítico,FOUND,ATIVA,1,13,72500.00,162239.394390,163272.60476613723,-0.5496,Comportamento esperado
74,220577,Augusto Puppio,MDB,AP,Publicidade,Divulgação Da Atividade Parlamentar.,0,Sem indício cadastral crítico,FOUND,ATIVA,11,25,518099.00,282209.245429,388109.6753004129,0.6078,Comportamento esperado
510,74041,Luiz Couto,PT,PB,Publicidade,Divulgação Da Atividade Parlamentar.,0,Sem indício cadastral crítico,FOUND,ATIVA,18,187,305007.14,324815.111538,407718.48875224456,-0.0486,Comportamento esperado
425,215043,Josivaldo Jp,UNIÃO,MA,Hotéis,"Hospedagem ,exceto Do Parlamentar No Distrito Federal.",0,Sem indício cadastral crítico,FOUND,ATIVA,3,15,11212.70,16546.215714,24945.906621691578,-0.2138,Comportamento esperado
132,204490,Charlles Evangelista,PP,MG,Locomoção,Locação Ou Fretamento De Veículos Automotores,0,Sem indício cadastral crítico,FOUND,ATIVA,3,29,74328.76,199358.988889,190617.58878325575,-0.6559,Comportamento esperado
808,92776,Stefano Aguiar,PSD,MG,Alimentação,Fornecimento De Alimentação Do Parlamentar,0,Sem indício cadastral crítico,FOUND,ATIVA,51,128,7339.08,3421.773553,6721.942950865462,0.5828,Comportamento esperado
400,220697,Jadyel Alencar,REPUBLICANOS,PI,Hotéis,"Hospedagem ,exceto Do Parlamentar No Distrito Federal.",0,Sem indício cadastral crítico,FOUND,ATIVA,7,14,12090.73,7549.470769,12134.625273294365,0.3742,Comportamento esperado
235,204412,Dr. Zacharias Calil,UNIÃO,GO,Locomoção,Locação Ou Fretamento De Veículos Automotores,0,Sem indício cadastral crítico,FOUND,ATIVA,1,24,115500.00,189142.637500,142661.57624064668,-0.5162,Comportamento esperado
50,220632,Ana Pimentel,PT,MG,Comunicação,Telefonia,0,Sem indício cadastral crítico,FOUND,ATIVA,3,38,5863.85,15607.667083,19082.29985422686,-0.5106,Comportamento esperado
115,204361,Carlos Chiodini,MDB,SC,Comunicação,Telefonia,0,Sem indício cadastral crítico,FOUND,ATIVA,1,32,3167.62,7776.667391,7284.093764458291,-0.6328,Comportamento esperado
542,160161,Marcelo Queiroz,PSDB,RJ,Locomoção,Locação Ou Fretamento De Veículos Automotores,0,Sem indício cadastral crítico,FOUND,ATIVA,2,21,165713.04,162239.394390,163272.60476613723,0.0213,Comportamento esperado
512,229432,Luiz Fernando Vampiro,MDB,SC,Viagens,Passagem Aérea - Sigepa,,,,,0,55,59428.61,213397.721034,170101.01243018164,-0.9052,Comportamento esperado
375,73482,Henrique Fontana,PT,RS,Outros,Manutenção De Escritório De Apoio À Atividade Parlamentar,0,Sem indício cadastral crítico,FOUND,ATIVA,4,41,34756.86,109428.142500,149558.61424927576,-0.4993,Comportamento esperado
542,160161,Marcelo Queiroz,PSDB,RJ,Hotéis,"Hospedagem ,exceto Do Parlamentar No Distrito Federal.",1,Erro na consulta pública de CNPJ,ERROR,,1,1,2706.44,13016.628636,21468.959145470457,-0.4802,Fornecedor com CNPJ suspeito
669,74400,Paulo Pimenta,PT,RS,Hotéis,"Hospedagem ,exceto Do Parlamentar No Distrito Federal.",0,Sem indício cadastral crítico,FOUND,ATIVA,6,8,2556.00,21826.986437,35658.661568585754,-0.5404,Comportamento esperado
328,115746,Gelson Azevedo,PL,RJ,Publicidade,Divulgação Da Atividade Parlamentar.,0,Sem indício cadastral crítico,FOUND,ATIVA,2,5,191450.00,226781.355120,259582.44863584734,-0.1361,Comportamento esperado
555,220547,Marcos Pollon,PL,MS,Outros,"Serviço De Táxi, Pedágio E Estacionamento",0,Sem indício cadastral crítico,FOUND,ATIVA,2,10,734.30,766.408000,769.6696611663995,-0.0417,Comportamento esperado
519,178866,Luizianne Lins,REDE,CE,Hotéis,"Hospedagem ,exceto Do Parlamentar No Distrito Federal.",0,Sem indício cadastral crítico,FOUND,ATIVA,8,13,16440.58,14861.399063,17345.750222182687,0.091,Comportamento esperado
852,141555,Vinicius Carvalho,PL,SP,Outros,"Serviço De Táxi, Pedágio E Estacionamento",0,Sem indício cadastral crítico,FOUND,ATIVA,3,44,54552.44,11967.060840,16796.655097373645,2.5353,Possível anomalia financeira
480,74585,Lincoln Portela,PL,MG,Viagens,Passagem Aérea - Sigepa,,,,,0,36,41638.97,195216.599630,167832.49260588933,-0.9151,Comportamento esperado
551,160535,Marcon,PT,RS,Alimentação,Fornecimento De Alimentação Do Parlamentar,1,Situação cadastral não ativa: BAIXADA,FOUND,BAIXADA,7,8,436.80,7368.085075,13657.337051272762,-0.5075,Fornecedor com CNPJ suspeito
226,204518,Dr. Frederico,PATRIOTA,MG,Outros,"Serviço De Táxi, Pedágio E Estacionamento",0,Sem indício cadastral crítico,FOUND,ATIVA,1,8,1111.20,5572.245385,10370.293242628488,-0.4302,Comportamento esperado
309,160598,Flávia Morais,PDT,GO,Combustível,Combustíveis E Lubrificantes.,1,Situação cadastral não ativa: SUSPENSA,FOUND,SUSPENSA,3,3,693.72,65044.277593,95738.05404592726,-0.6722,Fornecedor com CNPJ suspeito
558,204430,Margarete Coelho,PP,PI,Outros,Manutenção De Escritório De Apoio À Atividade Parlamentar,0,Documento não consultado por não ser CNPJ,NOT_APPLICABLE,,1,12,55171.68,64892.367419,74159.10998309037,-0.1311,Comportamento esperado
154,220608,Cristiane Lopes,PODE,RO,Publicidade,Divulgação Da Atividade Parlamentar.,0,Sem indício cadastral crítico,FOUND,ATIVA,47,534,678905.28,289552.191071,359934.1329827757,1.0817,Comportamento esperado
632,178987,Orlando Silva,PCDOB,SP,Serviços profissionais,"Consultorias, Pesquisas E Trabalhos Técnicos.",1,Situação cadastral não ativa: BAIXADA,FOUND,BAIXADA,1,13,124900.00,42478.291429,47664.49520078613,1.7292,Fornecedor com CNPJ suspeito
301,92699,Fernando Monteiro,PP,PE,Combustível,Combustíveis E Lubrificantes.,0,Sem indício cadastral crítico,FOUND,ATIVA,56,105,35150.81,53506.291935,82942.380015203,-0.2213,Comportamento esperado
703,221338,Professora Luciene Cavalcante,PSOL,SP,Outros,"Serviço De Táxi, Pedágio E Estacionamento",0,Sem indício cadastral crítico,FOUND,ATIVA,2,697,24900.42,11967.060840,16796.655097373645,0.77,Comportamento esperado
13,178835,Afonso Motta,PDT,RS,Combustível,Combustíveis E Lubrificantes.,0,Sem indício cadastral crítico,FOUND,ATIVA,382,1437,316666.36,60520.148547,97388.05968907535,2.6302,Possível anomalia financeira
59,204515,André Janones,REDE,MG,Viagens,Passagem Aérea - Sigepa,,,,,0,53,75711.63,195216.599630,167832.49260588933,-0.712,Comportamento esperado
156,135054,Cristiano Vale,PP,PA,Locomoção,Locação Ou Fretamento De Aeronaves,0,Sem indício cadastral crítico,FOUND,ATIVA,1,1,8000.00,174153.634444,279835.95128643257,-0.5938,Comportamento esperado
432,204555,José Ricardo,PT,AM,Viagens,Passagem Aérea - Sigepa,,,,,0,147,167259.97,248402.612308,165221.2328718048,-0.4911,Comportamento esperado
181,160552,Danrlei De Deus Hinterholz,PSD,RS,Combustível,Combustíveis E Lubrificantes.,0,Sem indício cadastral crítico,FOUND,ATIVA,225,656,149446.68,60520.148547,97388.05968907535,0.9131,Comportamento esperado
22,204413,Alcides Rodrigues,PATRIOTA,GO,Alimentação,Fornecimento De Alimentação Do Parlamentar,0,Sem indício cadastral crítico,FOUND,ATIVA,4,7,378.13,3293.239000,7032.529544734017,-0.4145,Comportamento esperado
192,220673,Delegado Caveira,PL,PA,Hotéis,"Hospedagem ,exceto Do Parlamentar No Distrito Federal.",0,Sem indício cadastral crítico,FOUND,ATIVA,25,118,47524.09,12723.705217,19811.362899516178,1.7566,Comportamento esperado
375,73482,Henrique Fontana,PT,RS,Comunicação,Telefonia,0,Sem indício cadastral crítico,FOUND,ATIVA,3,28,31755.52,19321.830435,18898.364290143905,0.6579,Comportamento esperado
732,204362,Ricardo Guidi,PSD,SC,Publicidade,Divulgação Da Atividade Parlamentar.,1,Situação cadastral não ativa: BAIXADA,FOUND,BAIXADA,1,6,6920.00,148561.773265,217765.15459275612,-0.6504,Fornecedor com CNPJ suspeito
590,92172,Milton Coelho,PSB,PE,Outros,Manutenção De Escritório De Apoio À Atividade Parlamentar,1,Situação cadastral não ativa: BAIXADA,FOUND,BAIXADA,2,10,7534.00,90785.734524,140277.34198893898,-0.5935,Fornecedor com CNPJ suspeito
455,74317,Júlio Cesar,PSD,PI,Outros,Serviço De Segurança Prestado Por Empresa Especializada.,0,Sem indício cadastral crítico,FOUND,ATIVA,1,7,49000.00,147917.945000,155282.31492759756,-0.637,Comportamento esperado
873,220552,Zucco,PL,RS,Outros,"Passagens Terrestres, Marítimas Ou Fluviais",0,Sem indício cadastral crítico,FOUND,ATIVA,2,13,4022.00,4236.036552,8253.072405382596,-0.0259,Comportamento esperado
92,204561,Bira Do Pindaré,PSB,MA,Outros,"Passagens Terrestres, Marítimas Ou Fluviais",0,Sem indício cadastral crítico,FOUND,ATIVA,6,29,2025.50,2098.127143,3387.0696388112747,-0.0214,Comportamento esperado
420,204386,Jose Mario Schreiner,MDB,GO,Outros,Manutenção De Escritório De Apoio À Atividade Parlamentar,0,Documento não consultado por não ser CNPJ,NOT_APPLICABLE,,1,13,51400.00,100447.486545,162486.21407041358,-0.3019,Comportamento esperado
859,160569,Waldenor Pereira,PT,BA,Combustível,Combustíveis E Lubrificantes.,0,Sem indício cadastral crítico,FOUND,ATIVA,22,96,241455.58,76280.976842,110667.4963849575,1.4925,Comportamento esperado
833,220684,Tião Medeiros,PP,PR,Outros,"Serviço De Táxi, Pedágio E Estacionamento",0,Sem indício cadastral crítico,FOUND,ATIVA,2,3,53.69,5713.999474,13397.131596894355,-0.4225,Comportamento esperado
569,220572,Marussa Boldrin,REPUBLICANOS,GO,Viagens,Passagem Aérea - Reembolso,0,Sem indício cadastral crítico,FOUND,ATIVA,3,10,22582.26,9320.806667,11516.786579017313,1.1515,Comportamento esperado
786,220713,Saullo Vianna,MDB,AM,Locomoção,Locação Ou Fretamento De Aeronaves,0,Sem indício cadastral crítico,FOUND,ATIVA,1,4,98870.00,399154.866667,405851.79112272314,-0.7399,Comportamento esperado
342,74270,Gilberto Nascimento,PSC,SP,Outros,Manutenção De Escritório De Apoio À Atividade Parlamentar,0,Sem indício cadastral crítico,FOUND,ATIVA,2,17,48541.70,98538.487659,143509.98800071477,-0.3484,Comportamento esperado
496,178931,Luciano Ducci,PSB,PR,Outros,"Passagens Terrestres, Marítimas Ou Fluviais",0,Sem indício cadastral crítico,FOUND,ATIVA,1,1,435.80,1895.154815,2124.8795888027494,-0.6868,Comportamento esperado
561,204540,Maria Rosas,REPUBLICANOS,SP,Outros,Serviços Postais,0,Sem indício cadastral crítico,FOUND,ATIVA,1,2,226.80,1015.584878,1403.5425598127083,-0.562,Comportamento esperado
86,220683,Beto Richa,PSDB,PR,Outros,Serviços Postais,0,Sem indício cadastral crítico,FOUND,ATIVA,3,10,4505.20,2362.262000,4411.055170390342,0.4858,Comportamento esperado
368,204548,Heitor Freire,UNIÃO,CE,Comunicação,Telefonia,0,Sem indício cadastral crítico,FOUND,ATIVA,1,1,419.99,11707.711071,16858.211643996754,-0.6696,Comportamento esperado
629,74159,Odair Cunha,PT,MG,Combustível,Combustíveis E Lubrificantes.,0,Sem indício cadastral crítico,FOUND,ATIVA,336,1760,344698.03,65306.104375,92314.0005265802,3.0265,Anomalia financeira extrema
418,178857,Jorge Solla,PT,BA,Outros,"Serviço De Táxi, Pedágio E Estacionamento",0,Sem indício cadastral crítico,FOUND,ATIVA,21,2058,45734.91,7947.726552,12451.86965129915,3.0347,Anomalia financeira extrema
467,74856,Laura Carneiro,PSD,RJ,Viagens,Passagem Aérea - Sigepa,,,,,0,241,161261.87,213577.740357,175550.75566941444,-0.298,Comportamento esperado
627,66179,Norma Ayub,PP,ES,Viagens,Passagem Aérea - Sigepa,,,,,0,66,78046.17,159760.155882,99464.81207952778,-0.8215,Comportamento esperado
510,74041,Luiz Couto,PT,PB,Outros,Manutenção De Escritório De Apoio À Atividade Parlamentar,0,Sem indício cadastral crítico,FOUND,ATIVA,16,205,200254.18,40088.436364,59072.75761932022,2.7113,Possível anomalia financeira
141,74537,Claudio Cajado,PP,BA,Publicidade,Divulgação Da Atividade Parlamentar.,0,Sem indício cadastral crítico,FOUND,ATIVA,4,50,301598.30,317318.910361,328157.1355142384,-0.0479,Comportamento esperado
568,204566,Marreca Filho,PRD,MA,Viagens,Passagem Aérea - Sigepa,,,,,0,187,271871.29,132207.227045,122458.5508602934,1.1405,Comportamento esperado
772,74371,Rubens Otoni,PT,GO,Comunicação,Telefonia,0,Sem indício cadastral crítico,FOUND,ATIVA,4,218,99949.08,16840.076000,26049.85234640615,3.1904,Anomalia financeira extrema
682,204395,Pedro Lupion,REPUBLICANOS,PR,Publicidade,Divulgação Da Atividade Parlamentar.,0,Sem indício cadastral crítico,FOUND,ATIVA,5,61,762346.80,263664.052022,329972.5348930845,1.5113,Comportamento esperado
385,204373,Hélio Costa,PSD,SC,Outros,"Serviço De Táxi, Pedágio E Estacionamento",0,Sem indício cadastral crítico,FOUND,ATIVA,2,141,3116.63,2658.067742,3431.982973130558,0.1336,Comportamento esperado
217,227433,Douglas Viegas,UNIÃO,SP,Locomoção,Locação Ou Fretamento De Veículos Automotores,0,Sem indício cadastral crítico,FOUND,ATIVA,2,42,228263.02,147254.510948,139673.23431152088,0.58,Comportamento esperado
708,178951,Rafael Motta,PSB,RN,Viagens,Passagem Aérea - Rpa,0,Sem indício cadastral crítico,FOUND,ATIVA,3,5,6843.19,25061.406250,42423.5801004761,-0.4294,Comportamento esperado
741,220588,Roberto Duarte,REPUBLICANOS,AC,Viagens,Passagem Aérea - Sigepa,,,,,0,138,176128.05,131556.873333,92765.04055863072,0.4805,Comportamento esperado
878,160632,Zé Silva,SOLIDARIEDADE,MG,Outros,Manutenção De Escritório De Apoio À Atividade Parlamentar,0,Sem indício cadastral crítico,FOUND,ATIVA,5,31,38506.47,123562.947566,162703.54342443834,-0.5228,Comportamento esperado
554,204506,Marcos Pereira,REPUBLICANOS,SP,Outros,Manutenção De Escritório De Apoio À Atividade Parlamentar,0,Sem indício cadastral crítico,FOUND,ATIVA,2,67,31751.10,98538.487659,143509.98800071477,-0.4654,Comportamento esperado
187,220565,Delegada Adriana Accorsi,PT,GO,Outros,Manutenção De Escritório De Apoio À Atividade Parlamentar,0,Sem indício cadastral crítico,FOUND,ATIVA,12,132,157706.45,100447.486545,162486.21407041358,0.3524,Comportamento esperado
40,226708,Allan Garcês,PP,MA,Alimentação,Fornecimento De Alimentação Do Parlamentar,0,Sem indício cadastral crítico,FOUND,ATIVA,22,33,2536.93,1328.951538,1567.1502413768233,0.7708,Comportamento esperado
635,73692,Osmar Terra,MDB,RS,Outros,Manutenção De Escritório De Apoio À Atividade Parlamentar,0,Sem indício cadastral crítico,FOUND,ATIVA,7,62,62185.31,109428.142500,149558.61424927576,-0.3159,Comportamento esperado
423,74141,Josias Gomes,PT,BA,Combustível,Combustíveis E Lubrificantes.,1,Situação cadastral não ativa: BAIXADA,FOUND,BAIXADA,3,34,5136.35,76280.976842,110667.4963849575,-0.6429,Fornecedor com CNPJ suspeito
776,160635,Ruy Carneiro,PODE,PB,Viagens,Passagem Aérea - Sigepa,,,,,0,51,64821.32,168235.151250,151254.20824234045,-0.6837,Comportamento esperado
163,141411,Dagoberto Nogueira,PSDB,MS,Viagens,Passagem Aérea - Rpa,0,Sem indício cadastral crítico,FOUND,ATIVA,2,18,7863.17,17942.155000,19044.285855017733,-0.5292,Comportamento esperado
851,204483,Vilson Da Fetaemg,PSB,MG,Outros,Manutenção De Escritório De Apoio À Atividade Parlamentar,0,Sem indício cadastral crítico,FOUND,ATIVA,2,2,773.40,123562.947566,162703.54342443834,-0.7547,Comportamento esperado
163,141411,Dagoberto Nogueira,PP,MS,Hotéis,"Hospedagem ,exceto Do Parlamentar No Distrito Federal.",0,Sem indício cadastral crítico,FOUND,ATIVA,25,43,13862.11,14950.264286,18538.468264889183,-0.0587,Comportamento esperado
547,178983,Marcio Alvino,PL,SP,Outros,Manutenção De Escritório De Apoio À Atividade Parlamentar,0,Documento não consultado por não ser CNPJ,NOT_APPLICABLE,,1,39,37914.50,98538.487659,143509.98800071477,-0.4224,Comportamento esperado
576,204486,Mauro Benevides Filho,UNIÃO,CE,Publicidade,Divulgação Da Atividade Parlamentar.,0,Sem indício cadastral crítico,FOUND,ATIVA,10,102,757262.00,263931.285395,366906.3702021798,1.3446,Comportamento esperado
725,175765,Ribamar Silva,PODE,SP,Publicidade,Divulgação Da Atividade Parlamentar.,0,Sem indício cadastral crítico,FOUND,ATIVA,13,37,324950.00,243741.226243,313657.1515008437,0.2589,Comportamento esperado
704,160641,Professora Marcivania,PCDOB,AP,Locomoção,Locação Ou Fretamento De Veículos Automotores,0,Sem indício cadastral crítico,FOUND,ATIVA,2,20,130305.00,118873.802381,121389.286590239,0.0942,Comportamento esperado
112,213762,Carla Dickson,PL,RN,Combustível,Combustíveis E Lubrificantes.,1,CNPJ não encontrado na API pública,NOT_FOUND,,2,3,300.00,51927.710333,76131.03428420173,-0.6781,Fornecedor com CNPJ suspeito
302,204427,Fernando Rodolfo,PL,PE,Hotéis,"Hospedagem ,exceto Do Parlamentar No Distrito Federal.",0,Sem indício cadastral crítico,FOUND,ATIVA,2,2,2500.00,17089.374528,23447.97906027458,-0.6222,Comportamento esperado
857,215044,Vivi Reis,PSOL,PA,Outros,Serviço De Segurança Prestado Por Empresa Especializada.,0,Sem indício cadastral crítico,FOUND,ATIVA,1,13,110500.00,60619.565000,70541.58767406961,0.7071,Comportamento esperado
244,178994,Dulce Miranda,MDB,TO,Outros,Manutenção De Escritório De Apoio À Atividade Parlamentar,0,Documento não consultado por não ser CNPJ,NOT_APPLICABLE,,1,13,36400.00,60332.404118,100110.53801139936,-0.2391,Comportamento esperado
383,141450,Hugo Leal,PSD,RJ,Viagens,Passagem Aérea - Sigepa,,,,,0,423,464556.00,213577.740357,175550.75566941444,1.4297,Comportamento esperado
416,205550,Jorge Braz,REPUBLICANOS,RJ,Viagens,Passagem Aérea - Sigepa,,,,,0,228,110732.39,213577.740357,175550.75566941444,-0.5858,Comportamento esperado
128,73441,Celso Russomanno,REPUBLICANOS,SP,Alimentação,Fornecimento De Alimentação Do Parlamentar,0,Sem indício cadastral crítico,FOUND,ATIVA,181,417,31017.26,3366.001170,5609.697337170304,4.9292,Anomalia financeira extrema
195,204512,Delegado Marcelo Freitas,UNIÃO,MG,Viagens,Passagem Aérea - Sigepa,,,,,0,181,200297.70,195216.599630,167832.49260588933,0.0303,Comportamento esperado
382,178959,Hiran Gonçalves,PP,RR,Viagens,Passagem Aérea - Sigepa,,,,,0,68,109976.17,163783.293125,88161.1731168696,-0.6103,Comportamento esperado
504,204410,Luisa Canziani,UNIÃO,PR,Outros,Manutenção De Escritório De Apoio À Atividade Parlamentar,0,Sem indício cadastral crítico,FOUND,ATIVA,13,169,394378.27,86193.122500,116860.66498214444,2.6372,Possível anomalia financeira
31,220554,Alexandre Lindenmeyer,PT,RS,Viagens,Passagem Aérea - Sigepa,,,,,0,289,373858.48,223297.576531,126627.95953182003,1.189,Comportamento esperado
613,220622,Nely Aquino,PODE,MG,Publicidade,Divulgação Da Atividade Parlamentar.,0,Sem indício cadastral crítico,FOUND,ATIVA,17,47,247251.17,194891.353020,276881.75990132586,0.1891,Comportamento esperado
699,204446,Professor Joziel,PATRIOTA,RJ,Alimentação,Fornecimento De Alimentação Do Parlamentar,1,Situação cadastral não ativa: BAIXADA,FOUND,BAIXADA,3,48,1667.22,5314.154545,11413.915891543053,-0.3195,Fornecedor com CNPJ suspeito
387,220563,Icaro De Valmir,REPUBLICANOS,SE,Viagens,Passagem Aérea - Sigepa,,,,,0,291,294536.50,155702.681579,99733.68864426478,1.392,Comportamento esperado
429,204391,José Nelto,UNIÃO,GO,Hotéis,"Hospedagem ,exceto Do Parlamentar No Distrito Federal.",0,Sem indício cadastral crítico,FOUND,ATIVA,21,78,27518.11,7024.380500,8737.204954294128,2.3456,Possível anomalia financeira
244,178994,Dulce Miranda,MDB,TO,Combustível,Combustíveis E Lubrificantes.,0,Sem indício cadastral crítico,FOUND,ATIVA,45,158,33914.55,73777.441071,109277.9364585353,-0.3648,Comportamento esperado
900,,,,NA,Combustível,Combustíveis E Lubrificantes.,0,Sem indício cadastral crítico,FOUND,ATIVA,33,73,34198.85,20989.039000,33381.70257372158,0.3957,Comportamento esperado
176,204409,Daniel Trzeciak,PSDB,RS,Outros,Manutenção De Escritório De Apoio À Atividade Parlamentar,1,Situação cadastral não ativa: BAIXADA,FOUND,BAIXADA,1,1,358.30,109428.142500,149558.61424927576,-0.7293,Fornecedor com CNPJ suspeito
324,160666,Félix Mendonça Júnior,PDT,BA,Publicidade,Divulgação Da Atividade Parlamentar.,1,Situação cadastral não ativa: BAIXADA,FOUND,BAIXADA,1,5,35000.00,317318.910361,328157.1355142384,-0.8603,Fornecedor com CNPJ suspeito
158,206018,Célia Xakriabá,PSOL,MG,Hotéis,"Hospedagem ,exceto Do Parlamentar No Distrito Federal.",0,Sem indício cadastral crítico,FOUND,ATIVA,94,225,109335.88,17018.453084,26330.369533202334,3.5061,Anomalia financeira extrema
49,220556,Ana Paula Lima,PT,SC,Outros,"Serviço De Táxi, Pedágio E Estacionamento",0,Sem indício cadastral crítico,FOUND,ATIVA,6,200,3679.79,2658.067742,3431.982973130558,0.2977,Comportamento esperado
154,220608,Cristiane Lopes,PODE,RO,Outros,Manutenção De Escritório De Apoio À Atividade Parlamentar,0,Sem indício cadastral crítico,FOUND,ATIVA,10,47,18422.25,40149.183103,63678.43736701476,-0.3412,Comportamento esperado
84,204358,Beto Pereira,REPUBLICANOS,MS,Outros,"Serviço De Táxi, Pedágio E Estacionamento",0,Sem indício cadastral crítico,FOUND,ATIVA,1,2,179.50,766.408000,769.6696611663995,-0.7625,Comportamento esperado
818,220682,Tadeu Veneri,PT,PR,Outros,"Serviço De Táxi, Pedágio E Estacionamento",1,Situação cadastral não ativa: BAIXADA,FOUND,BAIXADA,1,5,169.64,5713.999474,13397.131596894355,-0.4138,Fornecedor com CNPJ suspeito
390,204508,Igor Timo,UNIÃO,MG,Outros,"Serviço De Táxi, Pedágio E Estacionamento",0,Sem indício cadastral crítico,FOUND,ATIVA,6,38,731.17,5572.245385,10370.293242628488,-0.4668,Comportamento esperado
598,179001,Márcio Biolchi,MDB,RS,Combustível,Combustíveis E Lubrificantes.,1,Situação cadastral não ativa: BAIXADA,FOUND,BAIXADA,12,34,6929.01,60520.148547,97388.05968907535,-0.5503,Fornecedor com CNPJ suspeito
526,139285,Lídice Da Mata,PSB,BA,Publicidade,Divulgação Da Atividade Parlamentar.,0,Sem indício cadastral crítico,FOUND,ATIVA,11,66,604365.00,317318.910361,328157.1355142384,0.8747,Comportamento esperado
109,229069,Capitão Samuel,PP,SE,Combustível,Combustíveis E Lubrificantes.,0,Sem indício cadastral crítico,FOUND,ATIVA,3,8,2213.39,53493.520741,82556.56454059949,-0.6212,Comportamento esperado
60,73696,Angela Amin,PP,SC,Alimentação,Fornecimento De Alimentação Do Parlamentar,0,Sem indício cadastral crítico,FOUND,ATIVA,5,24,1171.82,5345.501750,9873.801589562949,-0.4227,Comportamento esperado
356,198197,Greyce Elias,PL,MG,Outros,Manutenção De Escritório De Apoio À Atividade Parlamentar,1,Situação cadastral não ativa: BAIXADA,FOUND,BAIXADA,1,1,300.00,123562.947566,162703.54342443834,-0.7576,Fornecedor com CNPJ suspeito
858,91228,Waldemar Oliveira,AVANTE,PE,Combustível,Combustíveis E Lubrificantes.,0,Sem indício cadastral crítico,FOUND,ATIVA,134,414,93333.28,53506.291935,82942.380015203,0.4802,Comportamento esperado
742,220613,Roberto Monteiro Pai,PL,RJ,Outros,"Serviço De Táxi, Pedágio E Estacionamento",0,Sem indício cadastral crítico,FOUND,ATIVA,15,91,10081.46,8455.730411,14321.838989715481,0.1135,Comportamento esperado
77,69871,Bacelar,PV,BA,Combustível,Combustíveis E Lubrificantes.,0,Sem indício cadastral crítico,FOUND,ATIVA,94,377,118905.67,76280.976842,110667.4963849575,0.3852,Comportamento esperado
470,220600,Lebrão,UNIÃO,RO,Hotéis,"Hospedagem ,exceto Do Parlamentar No Distrito Federal.",0,Sem indício cadastral crítico,FOUND,ATIVA,4,98,20266.70,15598.613913,18502.405565050612,0.2523,Comportamento esperado
13,178835,Afonso Motta,PDT,RS,Hotéis,"Hospedagem ,exceto Do Parlamentar No Distrito Federal.",0,Sem indício cadastral crítico,FOUND,ATIVA,34,91,19064.70,21826.986437,35658.661568585754,-0.0775,Comportamento esperado
621,204479,Nicoletti,PL,RR,Outros,Serviço De Segurança Prestado Por Empresa Especializada.,0,Sem indício cadastral crítico,FOUND,ATIVA,2,21,182700.00,69150.000000,78047.86992609088,1.4549,Comportamento esperado
307,220700,Florentino Neto,PT,PI,Outros,Manutenção De Escritório De Apoio À Atividade Parlamentar,0,Sem indício cadastral crítico,FOUND,ATIVA,7,89,171690.48,64892.367419,74159.10998309037,1.4401,Comportamento esperado
706,220586,Rafael Brito,MDB,AL,Locomoção,Locação Ou Fretamento De Veículos Automotores,0,Sem indício cadastral crítico,FOUND,ATIVA,3,42,323740.00,233502.585833,195708.62456859284,0.4611,Comportamento esperado
138,204440,Christino Aureo,PP,RJ,Locomoção,Locação Ou Fretamento De Veículos Automotores,0,Sem indício cadastral crítico,FOUND,ATIVA,1,12,130200.00,162239.394390,163272.60476613723,-0.1962,Comportamento esperado
92,204561,Bira Do Pindaré,PSB,MA,Locomoção,Locação Ou Fretamento De Veículos Automotores,0,Sem indício cadastral crítico,FOUND,ATIVA,3,13,36754.10,122090.952683,112418.39663710551,-0.7591,Comportamento esperado
558,204430,Margarete Coelho,PP,PI,Publicidade,Divulgação Da Atividade Parlamentar.,0,Sem indício cadastral crítico,FOUND,ATIVA,1,7,91000.00,255170.175556,326071.87108703476,-0.5035,Comportamento esperado
271,225730,Enfermeira Ana Paula,PODE,CE,Outros,Manutenção De Escritório De Apoio À Atividade Parlamentar,0,Sem indício cadastral crítico,FOUND,ATIVA,3,23,34467.14,68348.775082,105244.60317209057,-0.3219,Comportamento esperado
445,220640,Juliana Cardoso,PT,SP,Outros,Manutenção De Escritório De Apoio À Atividade Parlamentar,1,Erro na consulta pública de CNPJ,ERROR,,1,29,2952.72,98538.487659,143509.98800071477,-0.6661,Fornecedor com CNPJ suspeito
751,220641,Rodrigo Gambale,PODE,SP,Publicidade,Divulgação Da Atividade Parlamentar.,0,Sem indício cadastral crítico,FOUND,ATIVA,5,14,97099.70,243741.226243,313657.1515008437,-0.4675,Comportamento esperado
878,160632,Zé Silva,UNIÃO,MG,Outros,"Serviço De Táxi, Pedágio E Estacionamento",0,Sem indício cadastral crítico,FOUND,ATIVA,8,36,3725.82,5572.245385,10370.293242628488,-0.178,Comportamento esperado
240,227800,Duarte Gonçalves Jr,REPUBLICANOS,MG,Alimentação,Fornecimento De Alimentação Do Parlamentar,0,Sem indício cadastral crítico,FOUND,ATIVA,9,16,1374.22,3421.773553,6721.942950865462,-0.3046,Comportamento esperado
249,74655,Eduardo Barbosa,PSDB,MG,Comunicação,Telefonia,0,Sem indício cadastral crítico,FOUND,ATIVA,4,69,11072.03,15607.667083,19082.29985422686,-0.2377,Comportamento esperado
610,218879,Nelho Bezerra,UNIÃO,CE,Hotéis,"Hospedagem ,exceto Do Parlamentar No Distrito Federal.",0,Sem indício cadastral crítico,FOUND,ATIVA,2,2,1399.74,14861.399063,17345.750222182687,-0.7761,Comportamento esperado
335,220702,Geraldo Mendes,UNIÃO,PR,Outros,Manutenção De Escritório De Apoio À Atividade Parlamentar,0,Documento não consultado por não ser CNPJ,NOT_APPLICABLE,,1,17,121400.00,86193.122500,116860.66498214444,0.3013,Comportamento esperado
624,178986,Nilto Tatto,PT,SP,Combustível,Combustíveis E Lubrificantes.,1,Situação cadastral não ativa: BAIXADA,FOUND,BAIXADA,3,3,609.45,42192.750821,64034.19773844777,-0.6494,Fornecedor com CNPJ suspeito
495,74478,Luciano Bivar,MDB,PE,Publicidade,Divulgação Da Atividade Parlamentar.,0,Sem indício cadastral crítico,FOUND,ATIVA,9,50,536866.00,241972.708182,301628.5621101344,0.9777,Comportamento esperado
72,160600,Arthur Oliveira Maia,UNIÃO,BA,Hotéis,"Hospedagem ,exceto Do Parlamentar No Distrito Federal.",1,Situação cadastral não ativa: BAIXADA,FOUND,BAIXADA,1,3,3570.00,14559.116889,26542.375379101115,-0.414,Fornecedor com CNPJ suspeito
363,73460,Gustavo Fruet,PDT,PR,Hotéis,"Hospedagem ,exceto Do Parlamentar No Distrito Federal.",1,Erro na consulta pública de CNPJ,ERROR,,1,1,5308.56,18419.328649,34024.43115299299,-0.3853,Fornecedor com CNPJ suspeito
130,204504,Cezinha De Madureira,PL,SP,Publicidade,Assinatura De Publicações,0,Sem indício cadastral crítico,FOUND,ATIVA,1,2,3496.00,3369.241333,3418.330377283657,0.0371,Comportamento esperado
246,204562,Edilázio Júnior,PSD,MA,Outros,Manutenção De Escritório De Apoio À Atividade Parlamentar,0,Documento não consultado por não ser CNPJ,NOT_APPLICABLE,,1,12,43200.00,64195.130784,109861.24089764054,-0.1911,Comportamento esperado
312,204392,Francisco Jr.,PSD,GO,Comunicação,Telefonia,0,Sem indício cadastral crítico,FOUND,ATIVA,3,22,8365.65,16840.076000,26049.85234640615,-0.3253,Comportamento esperado
117,178993,Carlos Henrique Gaguim,UNIÃO,TO,Combustível,Combustíveis E Lubrificantes.,0,Sem indício cadastral crítico,FOUND,ATIVA,119,1157,366621.15,73777.441071,109277.9364585353,2.6798,Possível anomalia financeira
311,220551,Franciane Bayer,REPUBLICANOS,RS,Alimentação,Fornecimento De Alimentação Do Parlamentar,0,Sem indício cadastral crítico,FOUND,ATIVA,142,358,20424.85,7368.085075,13657.337051272762,0.956,Comportamento esperado
102,143942,Caio Vianna,PSD,RJ,Combustível,Combustíveis E Lubrificantes.,1,Situação cadastral não ativa: BAIXADA,FOUND,BAIXADA,1,1,182.65,44023.319398,62812.667137756165,-0.698,Fornecedor com CNPJ suspeito
409,178910,Joaquim Passarinho,PL,PA,Hotéis,"Hospedagem ,exceto Do Parlamentar No Distrito Federal.",0,Sem indício cadastral crítico,FOUND,ATIVA,34,137,58579.09,12723.705217,19811.362899516178,2.3146,Possível anomalia financeira
691,204529,Policial Katia Sastre,PL,SP,Combustível,Combustíveis E Lubrificantes.,0,Sem indício cadastral crítico,FOUND,ATIVA,34,80,56732.91,42192.750821,64034.19773844777,0.2271,Comportamento esperado
366,204456,Gutemberg Reis,MDB,RJ,Viagens,Passagem Aérea - Sigepa,,,,,0,479,446767.76,213577.740357,175550.75566941444,1.3283,Comportamento esperado
209,178929,Diego Garcia,UNIÃO,PR,Alimentação,Fornecimento De Alimentação Do Parlamentar,0,Sem indício cadastral crítico,FOUND,ATIVA,78,254,17455.65,4173.948542,8441.04850518495,1.5735,Comportamento esperado
372,204444,Helio Lopes,PL,RJ,Viagens,Passagem Aérea - Sigepa,,,,,0,312,493350.69,213577.740357,175550.75566941444,1.5937,Comportamento esperado
121,141398,Carlos Zarattini,PT,SP,Publicidade,Divulgação Da Atividade Parlamentar.,0,Sem indício cadastral crítico,FOUND,ATIVA,15,163,811398.73,243741.226243,313657.1515008437,1.8098,Comportamento esperado
469,178832,Leandre,PSD,PR,Publicidade,Divulgação Da Atividade Parlamentar.,0,Sem indício cadastral crítico,FOUND,ATIVA,30,78,100433.31,263664.052022,329972.5348930845,-0.4947,Comportamento esperado
537,220599,Marcelo Crivella,REPUBLICANOS,RJ,Combustível,Combustíveis E Lubrificantes.,0,Sem indício cadastral crítico,FOUND,ATIVA,124,387,76191.44,44023.319398,62812.667137756165,0.5121,Comportamento esperado
337,220587,Gerlen Diniz,PP,AC,Combustível,Combustíveis E Lubrificantes.,0,Sem indício cadastral crítico,FOUND,ATIVA,7,110,207126.67,74559.202308,89345.09325877228,1.4838,Comportamento esperado
212,160599,Dimas Fabiano,PP,MG,Comunicação,Telefonia,0,Sem indício cadastral crítico,FOUND,ATIVA,1,27,8236.59,15607.667083,19082.29985422686,-0.3863,Comportamento esperado
480,74585,Lincoln Portela,PL,MG,Locomoção,Locação Ou Fretamento De Veículos Automotores,0,Sem indício cadastral crítico,FOUND,ATIVA,1,112,576585.12,199358.988889,190617.58878325575,1.979,Comportamento esperado
759,160629,Romero Rodrigues,PODE,PB,Locomoção,Locação Ou Fretamento De Veículos Automotores,0,Sem indício cadastral crítico,FOUND,ATIVA,1,38,215400.00,197980.822174,165434.59936969794,0.1053,Comportamento esperado
814,204534,Tabata Amaral,PSB,SP,Serviços profissionais,"Consultorias, Pesquisas E Trabalhos Técnicos.",1,Situação cadastral não ativa: BAIXADA,FOUND,BAIXADA,1,4,1120.00,42478.291429,47664.49520078613,-0.8677,Fornecedor com CNPJ suspeito
881,74090,Átila Lins,PSD,AM,Locomoção,Locação Ou Fretamento De Aeronaves,0,Sem indício cadastral crítico,FOUND,ATIVA,6,58,1125250.50,399154.866667,405851.79112272314,1.7891,Comportamento esperado
480,74585,Lincoln Portela,PL,MG,Outros,"Serviço De Táxi, Pedágio E Estacionamento",0,Sem indício cadastral crítico,FOUND,ATIVA,5,25,4399.00,5572.245385,10370.293242628488,-0.1131,Comportamento esperado
413,160548,Jonas Donizette,PSB,SP,Outros,Manutenção De Escritório De Apoio À Atividade Parlamentar,0,Sem indício cadastral crítico,FOUND,ATIVA,17,193,124659.78,98538.487659,143509.98800071477,0.182,Comportamento esperado
148,220595,Coronel Fernanda,PL,MT,Comunicação,Telefonia,0,Sem indício cadastral crítico,FOUND,ATIVA,4,26,3646.67,6682.953571,8863.976852355925,-0.3425,Comportamento esperado
331,220611,General Pazuello,PL,RJ,Publicidade,Divulgação Da Atividade Parlamentar.,0,Sem indício cadastral crítico,FOUND,ATIVA,9,73,564640.00,226781.355120,259582.44863584734,1.3015,Comportamento esperado
749,141531,Rodrigo De Castro,UNIÃO,MG,Outros,Manutenção De Escritório De Apoio À Atividade Parlamentar,0,Documento não consultado por não ser CNPJ,NOT_APPLICABLE,,1,48,300487.09,123562.947566,162703.54342443834,1.0874,Comportamento esperado
450,204457,Juninho Do Pneu,UNIÃO,RJ,Viagens,Passagem Aérea - Rpa,0,Sem indício cadastral crítico,FOUND,ATIVA,1,24,22575.28,24365.871064,36425.48190750471,-0.0492,Comportamento esperado
11,160508,Afonso Florence,PT,BA,Serviços profissionais,"Consultorias, Pesquisas E Trabalhos Técnicos.",0,Sem indício cadastral crítico,FOUND,ATIVA,1,6,26500.00,64386.903226,47821.13506693795,-0.7923,Comportamento esperado
586,220530,Messias Donato,UNIÃO,ES,Combustível,Combustíveis E Lubrificantes.,1,Situação cadastral não ativa: BAIXADA,FOUND,BAIXADA,1,1,200.00,49148.417879,67749.62213949014,-0.7225,Fornecedor com CNPJ suspeito
593,229225,Missionária Michele Collins,PP,PE,Combustível,Combustíveis E Lubrificantes.,0,Sem indício cadastral crítico,FOUND,ATIVA,14,39,22004.60,53506.291935,82942.380015203,-0.3798,Comportamento esperado
242,220540,Duda Ramos,PODE,RR,Combustível,Combustíveis E Lubrificantes.,1,Situação cadastral não ativa: BAIXADA,FOUND,BAIXADA,3,3,880.00,70971.916364,102686.34049821323,-0.6826,Fornecedor com CNPJ suspeito
267,218086,Ely Santos,REPUBLICANOS,SP,Combustível,Combustíveis E Lubrificantes.,1,Situação cadastral não ativa: BAIXADA,FOUND,BAIXADA,1,1,100.00,42192.750821,64034.19773844777,-0.6573,Fornecedor com CNPJ suspeito
741,220588,Roberto Duarte,REPUBLICANOS,AC,Publicidade,Divulgação Da Atividade Parlamentar.,1,Situação cadastral não ativa: INAPTA,FOUND,INAPTA,1,1,1040.00,295132.464706,394989.3569390969,-0.7446,Fornecedor com CNPJ suspeito
499,178954,Lucio Mosquini,MDB,RO,Hotéis,"Hospedagem ,exceto Do Parlamentar No Distrito Federal.",1,Situação cadastral não ativa: BAIXADA,FOUND,BAIXADA,1,1,70.00,15598.613913,18502.405565050612,-0.8393,Fornecedor com CNPJ suspeito
491,178879,Lucas Vergilio,SOLIDARIEDADE,GO,Publicidade,Divulgação Da Atividade Parlamentar.,1,Situação cadastral não ativa: BAIXADA,FOUND,BAIXADA,1,1,7000.00,294423.402917,352090.0693215526,-0.8163,Fornecedor com CNPJ suspeito
854,160591,Vinicius Gurgel,PL,AP,Serviços profissionais,"Consultorias, Pesquisas E Trabalhos Técnicos.",0,Sem indício cadastral crítico,FOUND,ATIVA,2,4,140000.00,74193.690909,67500.34505342109,0.9749,Comportamento esperado
291,220646,Felipe Becari,PODE,SP,Viagens,Passagem Aérea - Sigepa,,,,,0,78,78271.27,185430.171967,136227.76556134285,-0.7866,Comportamento esperado
490,204404,Lucas Redecker,PSD,RS,Outros,"Serviço De Táxi, Pedágio E Estacionamento",0,Sem indício cadastral crítico,FOUND,ATIVA,13,558,19353.90,10192.084923,16137.89190584743,0.5677,Comportamento esperado
259,204364,Eli Borges,PL,TO,Combustível,Combustíveis E Lubrificantes.,0,Sem indício cadastral crítico,FOUND,ATIVA,71,214,55482.56,73777.441071,109277.9364585353,-0.1674,Comportamento esperado
555,220547,Marcos Pollon,PL,MS,Combustível,Combustíveis E Lubrificantes.,0,Sem indício cadastral crítico,FOUND,ATIVA,146,354,106946.87,73790.692609,89494.27774679432,0.3705,Comportamento esperado
545,179000,Marcelo Álvaro Antônio,PL,MG,Serviços profissionais,"Consultorias, Pesquisas E Trabalhos Técnicos.",0,Sem indício cadastral crítico,FOUND,ATIVA,2,18,131700.00,50370.301935,57079.85828457048,1.4248,Comportamento esperado
271,225730,Enfermeira Ana Paula,PODE,CE,Combustível,Combustíveis E Lubrificantes.,0,Sem indício cadastral crítico,FOUND,ATIVA,80,289,73481.27,41977.960833,76764.60304100714,0.4104,Comportamento esperado
418,178857,Jorge Solla,PT,BA,Comunicação,Telefonia,0,Sem indício cadastral crítico,FOUND,ATIVA,6,108,17500.99,23153.030698,23468.568952979214,-0.2408,Comportamento esperado
41,178937,Altineu Côrtes,PL,RJ,Viagens,Passagem Aérea - Reembolso,0,Sem indício cadastral crítico,FOUND,ATIVA,3,14,39431.12,9840.865893,10669.362639943789,2.7734,Possível anomalia financeira
102,143942,Caio Vianna,PSD,RJ,Publicidade,Divulgação Da Atividade Parlamentar.,0,Sem indício cadastral crítico,FOUND,ATIVA,2,8,159400.00,226781.355120,259582.44863584734,-0.2596,Comportamento esperado
832,197438,Tito,AVANTE,BA,Publicidade,Divulgação Da Atividade Parlamentar.,0,Sem indício cadastral crítico,FOUND,ATIVA,11,36,269649.00,317318.910361,328157.1355142384,-0.1453,Comportamento esperado
169,220571,Daniel Agrobom,PSD,GO,Outros,Serviço De Segurança Prestado Por Empresa Especializada.,0,Sem indício cadastral crítico,FOUND,ATIVA,1,10,2523.90,6198.595000,3686.025394951858,-0.9969,Comportamento esperado
413,160548,Jonas Donizette,PSB,SP,Hotéis,"Hospedagem ,exceto Do Parlamentar No Distrito Federal.",0,Sem indício cadastral crítico,FOUND,ATIVA,11,24,31161.31,10014.789189,11435.329101648113,1.8492,Comportamento esperado
216,220573,Dorinaldo Malafaia,PDT,AP,Alimentação,Fornecimento De Alimentação Do Parlamentar,0,Sem indício cadastral crítico,FOUND,ATIVA,9,102,8619.63,2913.228750,3743.7956562078907,1.5242,Comportamento esperado
372,204444,Helio Lopes,PL,RJ,Locomoção,Locação Ou Fretamento De Veículos Automotores,0,Sem indício cadastral crítico,FOUND,ATIVA,6,98,625341.98,162239.394390,163272.60476613723,2.8364,Possível anomalia financeira
511,141487,Luiz Fernando Faria,UNIÃO,MG,Publicidade,Divulgação Da Atividade Parlamentar.,0,Sem indício cadastral crítico,FOUND,ATIVA,6,50,291800.00,194891.353020,276881.75990132586,0.35,Comportamento esperado
727,221329,Ricardo Abrão,PSDB,RJ,Combustível,Combustíveis E Lubrificantes.,0,Sem indício cadastral crítico,FOUND,ATIVA,38,117,26312.26,44023.319398,62812.667137756165,-0.282,Comportamento esperado
111,229106,Carla Ayres,PT,SC,Hotéis,"Hospedagem ,exceto Do Parlamentar No Distrito Federal.",0,Sem indício cadastral crítico,FOUND,ATIVA,20,38,13153.07,36695.958649,43528.74004922331,-0.5409,Comportamento esperado
711,204567,Raimundo Costa,PSD,BA,Alimentação,Fornecimento De Alimentação Do Parlamentar,1,Situação cadastral não ativa: BAIXADA,FOUND,BAIXADA,4,10,641.54,5334.958511,10548.888785765435,-0.4449,Fornecedor com CNPJ suspeito
578,141508,Mauro Nazif,PSB,RO,Viagens,Passagem Aérea - Sigepa,,,,,0,42,77308.18,146544.061250,69636.83718620405,-0.9942,Comportamento esperado
699,204446,Professor Joziel,PATRIOTA,RJ,Alimentação,Fornecimento De Alimentação Do Parlamentar,1,Situação cadastral não ativa: INAPTA,FOUND,INAPTA,1,3,181.79,5314.154545,11413.915891543053,-0.4497,Fornecedor com CNPJ suspeito
887,,,,NA,Outros,Manutenção De Escritório De Apoio À Atividade Parlamentar,0,Sem indício cadastral crítico,FOUND,ATIVA,4,28,12821.98,15500.143182,23430.81961523477,-0.1143,Comportamento esperado
904,,,,NA,Combustível,Combustíveis E Lubrificantes.,1,CNPJ não encontrado na API pública,NOT_FOUND,,1,1,100.00,20989.039000,33381.70257372158,-0.6258,Fornecedor com CNPJ suspeito
327,74200,Gastão Vieira,PROS,MA,Comunicação,Telefonia,0,Sem indício cadastral crítico,FOUND,ATIVA,2,3,3924.33,18512.680625,18171.321371846523,-0.8028,Comportamento esperado
491,178879,Lucas Vergilio,SOLIDARIEDADE,GO,Combustível,Combustíveis E Lubrificantes.,0,Sem indício cadastral crítico,FOUND,ATIVA,63,129,38783.11,65044.277593,95738.05404592726,-0.2743,Comportamento esperado
772,74371,Rubens Otoni,PT,GO,Publicidade,Divulgação Da Atividade Parlamentar.,0,Sem indício cadastral crítico,FOUND,ATIVA,19,192,728433.98,294423.402917,352090.0693215526,1.2327,Comportamento esperado
347,160673,Giovani Cherini,PL,RS,Outros,Manutenção De Escritório De Apoio À Atividade Parlamentar,0,Sem indício cadastral crítico,FOUND,ATIVA,14,331,563180.91,109428.142500,149558.61424927576,3.0339,Anomalia financeira extrema
388,204533,Idilvan Alencar,PDT,CE,Hotéis,"Hospedagem ,exceto Do Parlamentar No Distrito Federal.",0,Sem indício cadastral crítico,FOUND,ATIVA,9,26,8258.40,14861.399063,17345.750222182687,-0.3807,Comportamento esperado
454,178839,Jéssica Sales,MDB,AC,Publicidade,Divulgação Da Atividade Parlamentar.,0,Sem indício cadastral crítico,FOUND,ATIVA,12,59,444350.00,295132.464706,394989.3569390969,0.3778,Comportamento esperado
122,164360,Carmen Zanotto,CIDADANIA,SC,Viagens,Passagem Aérea - Rpa,0,Sem indício cadastral crítico,FOUND,ATIVA,3,12,7611.28,12083.098000,25544.630338693623,-0.1751,Comportamento esperado
583,74428,Mendonça Filho,PL,PE,Publicidade,Divulgação Da Atividade Parlamentar.,0,Sem indício cadastral crítico,FOUND,ATIVA,11,65,505628.86,241972.708182,301628.5621101344,0.8741,Comportamento esperado
569,220572,Marussa Boldrin,REPUBLICANOS,GO,Outros,Manutenção De Escritório De Apoio À Atividade Parlamentar,0,Sem indício cadastral crítico,FOUND,ATIVA,10,38,45389.65,100447.486545,162486.21407041358,-0.3388,Comportamento esperado
72,160600,Arthur Oliveira Maia,UNIÃO,BA,Locomoção,Locação Ou Fretamento De Veículos Automotores,0,Sem indício cadastral crítico,FOUND,ATIVA,6,42,457973.40,292409.611930,213979.496522466,0.7737,Comportamento esperado
802,220651,Simone Marquetto,PP,SP,Locomoção,Locação Ou Fretamento De Veículos Automotores,0,Sem indício cadastral crítico,FOUND,ATIVA,5,38,258828.30,147254.510948,139673.23431152088,0.7988,Comportamento esperado
125,220699,Castro Neto,MDB,PI,Publicidade,Divulgação Da Atividade Parlamentar.,0,Sem indício cadastral crítico,FOUND,ATIVA,9,84,518564.75,255170.175556,326071.87108703476,0.8078,Comportamento esperado
279,204482,Euclydes Pettersen,PSC,MG,Publicidade,Divulgação Da Atividade Parlamentar.,1,Situação cadastral não ativa: BAIXADA,FOUND,BAIXADA,1,5,45000.00,194891.353020,276881.75990132586,-0.5414,Fornecedor com CNPJ suspeito
76,74646,Aécio Neves,PSDB,MG,Combustível,Combustíveis E Lubrificantes.,0,Sem indício cadastral crítico,FOUND,ATIVA,19,61,14091.85,65306.104375,92314.0005265802,-0.5548,Comportamento esperado
79,220605,Bandeira De Mello,PV,RJ,Publicidade,Divulgação Da Atividade Parlamentar.,0,Sem indício cadastral crítico,FOUND,ATIVA,20,67,355685.13,226781.355120,259582.44863584734,0.4966,Comportamento esperado
813,178947,Sóstenes Cavalcante,PL,RJ,Locomoção,Locação Ou Fretamento De Veículos Automotores,1,Situação cadastral não ativa: BAIXADA,FOUND,BAIXADA,1,10,75000.00,162239.394390,163272.60476613723,-0.5343,Fornecedor com CNPJ suspeito
75,160512,Aureo Ribeiro,SOLIDARIEDADE,RJ,Outros,Manutenção De Escritório De Apoio À Atividade Parlamentar,0,Sem indício cadastral crítico,FOUND,ATIVA,9,125,80403.72,80988.593819,134414.71100556676,-0.0044,Comportamento esperado
507,141485,Luiz Carlos Busato,UNIÃO,RS,Viagens,Passagem Aérea - Reembolso,0,Sem indício cadastral crítico,FOUND,ATIVA,1,26,42953.06,7846.026333,10735.105702213965,3.2703,Anomalia financeira extrema
460,208297,Katia Dias,REPUBLICANOS,MG,Viagens,Passagem Aérea - Sigepa,,,,,0,43,73632.70,195216.599630,167832.49260588933,-0.7244,Comportamento esperado
162,204355,Da Vitoria,PP,ES,Locomoção,Locação Ou Fretamento De Veículos Automotores,0,Sem indício cadastral crítico,FOUND,ATIVA,5,38,184725.00,171214.090476,129265.73835992759,0.1045,Comportamento esperado
647,204570,Pastor Gil,PL,MA,Publicidade,Divulgação Da Atividade Parlamentar.,0,Sem indício cadastral crítico,FOUND,ATIVA,8,61,1302510.00,299945.123175,386285.4495039867,2.5954,Possível anomalia financeira
723,153423,Renilce Nicodemos,MDB,PA,Viagens,Passagem Aérea - Rpa,0,Sem indício cadastral crítico,FOUND,ATIVA,1,5,5917.68,40638.794706,54559.71826891466,-0.6364,Comportamento esperado
868,220564,Yandra Moura,UNIÃO,SE,Hotéis,"Hospedagem ,exceto Do Parlamentar No Distrito Federal.",1,Erro na consulta pública de CNPJ,ERROR,,1,1,445.09,13543.401111,21569.307793305772,-0.6073,Fornecedor com CNPJ suspeito
350,152605,Glauber Braga,PSOL,RJ,Outros,Serviço De Segurança Prestado Por Empresa Especializada.,0,Sem indício cadastral crítico,FOUND,ATIVA,1,6,10200.00,20518.758000,20004.550993027562,-0.5158,Comportamento esperado
125,220699,Castro Neto,MDB,PI,Outros,"Participação Em Curso, Palestra Ou Evento Similar",0,Sem indício cadastral crítico,FOUND,ATIVA,1,1,8500.00,8500.000000,,,Comportamento esperado
788,178921,Sebastião Oliveira,AVANTE,PE,Outros,Manutenção De Escritório De Apoio À Atividade Parlamentar,1,Situação cadastral não ativa: BAIXADA,FOUND,BAIXADA,1,13,39000.00,90785.734524,140277.34198893898,-0.3692,Fornecedor com CNPJ suspeito
329,160669,Genecias Noronha,PL,CE,Hotéis,"Hospedagem ,exceto Do Parlamentar No Distrito Federal.",0,Sem indício cadastral crítico,FOUND,ATIVA,1,1,7675.70,14861.399063,17345.750222182687,-0.4143,Comportamento esperado
339,74383,Giacobo,PSD,PR,Outros,Manutenção De Escritório De Apoio À Atividade Parlamentar,0,Sem indício cadastral crítico,FOUND,ATIVA,1,6,15991.60,86193.122500,116860.66498214444,-0.6007,Comportamento esperado
377,178981,Herculano Passos,REPUBLICANOS,SP,Hotéis,"Hospedagem ,exceto Do Parlamentar No Distrito Federal.",1,Situação cadastral não ativa: BAIXADA,FOUND,BAIXADA,1,1,80.00,10014.789189,11435.329101648113,-0.8688,Fornecedor com CNPJ suspeito
428,204472,José Medeiros,PL,MT,Outros,"Serviço De Táxi, Pedágio E Estacionamento",0,Sem indício cadastral crítico,FOUND,ATIVA,16,1256,43976.51,3540.579286,11648.42981256765,3.4714,Anomalia financeira extrema
696,220533,Prof. Reginaldo Veras,PV,DF,Alimentação,Fornecimento De Alimentação Do Parlamentar,0,Sem indício cadastral crítico,FOUND,ATIVA,96,273,21291.26,4734.910000,9259.63125757716,1.788,Comportamento esperado
314,204494,Fred Costa,PRD,MG,Hotéis,"Hospedagem ,exceto Do Parlamentar No Distrito Federal.",0,Sem indício cadastral crítico,FOUND,ATIVA,15,27,8901.78,17018.453084,26330.369533202334,-0.3083,Comportamento esperado
706,220586,Rafael Brito,MDB,AL,Combustível,Combustíveis E Lubrificantes.,0,Sem indício cadastral crítico,FOUND,ATIVA,93,392,78896.71,41184.340741,54405.12179897842,0.6932,Comportamento esperado
510,74041,Luiz Couto,PT,PB,Viagens,Passagem Aérea - Sigepa,,,,,0,283,373753.75,168235.151250,151254.20824234045,1.3588,Comportamento esperado
714,141523,Raul Henry,MDB,PE,Outros,Manutenção De Escritório De Apoio À Atividade Parlamentar,0,Sem indício cadastral crítico,FOUND,ATIVA,5,46,35570.79,90785.734524,140277.34198893898,-0.3936,Comportamento esperado
374,220672,Henderson Pinto,UNIÃO,PA,Viagens,Passagem Aérea - Sigepa,,,,,0,306,379082.75,266111.307931,195578.09309190325,0.5776,Comportamento esperado
846,204505,Vavá Martins,REPUBLICANOS,PA,Viagens,Passagem Aérea - Sigepa,,,,,0,151,185129.65,266111.307931,195578.09309190325,-0.4141,Comportamento esperado
163,141411,Dagoberto Nogueira,PP,MS,Locomoção,Locação Ou Fretamento De Veículos Automotores,0,Sem indício cadastral crítico,FOUND,ATIVA,1,56,392344.20,208841.042857,176263.8077260953,1.0411,Comportamento esperado
316,204393,Frei Anastacio Ribeiro,PT,PB,Combustível,Combustíveis E Lubrificantes.,0,Sem indício cadastral crítico,FOUND,ATIVA,81,180,46141.74,61582.608974,85760.8839439169,-0.18,Comportamento esperado
525,220566,Lêda Borges,REPUBLICANOS,GO,Outros,Manutenção De Escritório De Apoio À Atividade Parlamentar,0,Documento não consultado por não ser CNPJ,NOT_APPLICABLE,,2,38,154263.04,100447.486545,162486.21407041358,0.3312,Comportamento esperado
400,220697,Jadyel Alencar,REPUBLICANOS,PI,Combustível,Combustíveis E Lubrificantes.,0,Sem indício cadastral crítico,FOUND,ATIVA,10,109,27597.45,73929.545357,101552.42380940972,-0.4562,Comportamento esperado
632,178987,Orlando Silva,PCDOB,SP,Combustível,Combustíveis E Lubrificantes.,0,Sem indício cadastral crítico,FOUND,ATIVA,28,110,183899.17,42192.750821,64034.19773844777,2.213,Possível anomalia financeira
194,220583,Delegado Fabio Costa,PP,AL,Locomoção,Locação Ou Fretamento De Veículos Automotores,0,Sem indício cadastral crítico,FOUND,ATIVA,2,76,377739.99,233502.585833,195708.62456859284,0.737,Comportamento esperado
336,74374,Geraldo Resende,UNIÃO,MS,Combustível,Combustíveis E Lubrificantes.,0,Sem indício cadastral crítico,FOUND,ATIVA,42,96,241761.18,73790.692609,89494.27774679432,1.8769,Comportamento esperado
635,73692,Osmar Terra,MDB,RS,Locomoção,Locação Ou Fretamento De Veículos Automotores,0,Sem indício cadastral crítico,FOUND,ATIVA,4,21,44314.34,182736.733051,177547.8783363845,-0.7796,Comportamento esperado
48,107970,Ana Paula Leão,PP,MG,Hotéis,"Hospedagem ,exceto Do Parlamentar No Distrito Federal.",1,Erro na consulta pública de CNPJ,ERROR,,1,2,1240.30,17018.453084,26330.369533202334,-0.5992,Fornecedor com CNPJ suspeito
594,160561,Missionário José Olimpio,PL,SP,Combustível,Combustíveis E Lubrificantes.,0,Sem indício cadastral crítico,FOUND,ATIVA,44,140,26341.96,42192.750821,64034.19773844777,-0.2475,Comportamento esperado
434,74366,João Campos,REPUBLICANOS,GO,Viagens,Passagem Aérea - Sigepa,,,,,0,10,13883.28,12997.291429,13545.423262596489,0.0654,Comportamento esperado
489,220662,Lucas Ramos,PSB,PE,Viagens,Passagem Aérea - Rpa,0,Sem indício cadastral crítico,FOUND,ATIVA,2,12,21161.68,15238.795000,22485.76149111043,0.2634,Comportamento esperado
541,204558,Marcelo Nilo,REPUBLICANOS,BA,Alimentação,Fornecimento De Alimentação Do Parlamentar,0,Sem indício cadastral crítico,FOUND,ATIVA,28,58,5106.77,5334.958511,10548.888785765435,-0.0216,Comportamento esperado
584,188097,Merlong Solano,PT,PI,Viagens,Passagem Aérea - Rpa,0,Sem indício cadastral crítico,FOUND,ATIVA,2,7,6969.72,17321.367273,29804.932291452395,-0.3473,Comportamento esperado
707,233594,Rafael Fera,PODE,RO,Combustível,Combustíveis E Lubrificantes.,0,Sem indício cadastral crítico,FOUND,ATIVA,53,184,43040.09,64922.175357,86632.41303886044,-0.2526,Comportamento esperado
708,178951,Rafael Motta,PSB,RN,Locomoção,Locação Ou Fretamento De Veículos Automotores,0,Sem indício cadastral crítico,FOUND,ATIVA,2,2,12698.99,157542.546842,185025.17121572056,-0.7828,Comportamento esperado
112,213762,Carla Dickson,UNIÃO,RN,Publicidade,Divulgação Da Atividade Parlamentar.,1,Situação cadastral não ativa: BAIXADA,FOUND,BAIXADA,3,16,31500.00,246483.533462,299233.5953313259,-0.7184,Fornecedor com CNPJ suspeito
628,216198,Norma Pereira,PSDB,SC,Combustível,Combustíveis E Lubrificantes.,0,Sem indício cadastral crítico,FOUND,ATIVA,7,8,1998.63,63943.250339,85631.6159933909,-0.7234,Comportamento esperado
751,220641,Rodrigo Gambale,PODE,SP,Combustível,Combustíveis E Lubrificantes.,0,Sem indício cadastral crítico,FOUND,ATIVA,218,606,105541.76,42192.750821,64034.19773844777,0.9893,Comportamento esperado
184,204511,David Soares,PODE,SP,Alimentação,Fornecimento De Alimentação Do Parlamentar,0,Sem indício cadastral crítico,FOUND,ATIVA,113,197,17454.41,3366.001170,5609.697337170304,2.5114,Possível anomalia financeira
119,74262,Carlos Sampaio,PSD,SP,Publicidade,Divulgação Da Atividade Parlamentar.,0,Sem indício cadastral crítico,FOUND,ATIVA,2,72,590169.00,243741.226243,313657.1515008437,1.1045,Comportamento esperado
311,220551,Franciane Bayer,REPUBLICANOS,RS,Outros,Manutenção De Escritório De Apoio À Atividade Parlamentar,0,Sem indício cadastral crítico,FOUND,ATIVA,8,83,297880.00,109428.142500,149558.61424927576,1.2601,Comportamento esperado
780,204416,Sanderson,PL,RS,Combustível,Combustíveis E Lubrificantes.,0,Sem indício cadastral crítico,FOUND,ATIVA,337,1109,273909.38,60520.148547,97388.05968907535,2.1911,Possível anomalia financeira
242,220540,Duda Ramos,PODE,RR,Outros,Manutenção De Escritório De Apoio À Atividade Parlamentar,0,Documento não consultado por não ser CNPJ,NOT_APPLICABLE,,1,6,48000.00,80921.562903,170825.55022261123,-0.1927,Comportamento esperado
607,178858,Mário Negromonte Jr.,PP,BA,Combustível,Combustíveis E Lubrificantes.,0,Sem indício cadastral crítico,FOUND,ATIVA,51,91,31054.83,76280.976842,110667.4963849575,-0.4087,Comportamento esperado
798,220579,Silvia Waiãpi,PL,AP,Alimentação,Fornecimento De Alimentação Do Parlamentar,0,Sem indício cadastral crítico,FOUND,ATIVA,37,87,4176.33,2913.228750,3743.7956562078907,0.3374,Comportamento esperado
777,178990,Samuel Moreira,PSDB,SP,Outros,Manutenção De Escritório De Apoio À Atividade Parlamentar,0,Documento não consultado por não ser CNPJ,NOT_APPLICABLE,,1,13,59647.74,98538.487659,143509.98800071477,-0.271,Comportamento esperado
70,204414,Aroldo Martins,REPUBLICANOS,PR,Locomoção,Locação Ou Fretamento De Veículos Automotores,1,Situação cadastral não ativa: BAIXADA,FOUND,BAIXADA,2,15,55600.00,113439.957419,130977.93601797776,-0.4416,Fornecedor com CNPJ suspeito
461,220677,Keniston Braga,MDB,PA,Hotéis,"Hospedagem ,exceto Do Parlamentar No Distrito Federal.",0,Sem indício cadastral crítico,FOUND,ATIVA,16,34,26235.39,12723.705217,19811.362899516178,0.682,Comportamento esperado
898,,,,NA,Alimentação,Fornecimento De Alimentação Do Parlamentar,1,Situação cadastral não ativa: BAIXADA,FOUND,BAIXADA,1,96,156653.00,76824.316875,122514.48277202321,0.6516,Fornecedor com CNPJ suspeito
692,73486,Pompeo De Mattos,PDT,RS,Locomoção,Locação Ou Fretamento De Veículos Automotores,1,Situação cadastral não ativa: BAIXADA,FOUND,BAIXADA,3,5,17456.96,182736.733051,177547.8783363845,-0.9309,Fornecedor com CNPJ suspeito
779,220631,Samuel Viana,UNIÃO,MG,Outros,Manutenção De Escritório De Apoio À Atividade Parlamentar,1,Erro na consulta pública de CNPJ,ERROR,,1,15,8009.58,123562.947566,162703.54342443834,-0.7102,Fornecedor com CNPJ suspeito
823,204466,Tereza Nelma,PSD,AL,Outros,"Serviço De Táxi, Pedágio E Estacionamento",0,Sem indício cadastral crítico,FOUND,ATIVA,2,205,2572.04,1936.338000,1628.915374572909,0.3903,Comportamento esperado
83,141335,Beto Faro,PT,PA,Viagens,Passagem Aérea - Sigepa,,,,,0,107,128522.93,266111.307931,195578.09309190325,-0.7035,Comportamento esperado
566,220655,Mario Frias,PL,SP,Publicidade,Divulgação Da Atividade Parlamentar.,1,Situação cadastral não ativa: BAIXADA,FOUND,BAIXADA,1,1,2250.00,243741.226243,313657.1515008437,-0.7699,Fornecedor com CNPJ suspeito
76,74646,Aécio Neves,PSDB,MG,Outros,Serviços Postais,0,Sem indício cadastral crítico,FOUND,ATIVA,3,11,322.12,2049.065200,4121.470694655126,-0.419,Comportamento esperado
852,141555,Vinicius Carvalho,REPUBLICANOS,SP,Comunicação,Telefonia,0,Sem indício cadastral crítico,FOUND,ATIVA,2,32,6552.07,19889.940211,25751.500071775903,-0.5179,Comportamento esperado
303,204411,Filipe Barros,PL,PR,Outros,Serviço De Segurança Prestado Por Empresa Especializada.,0,Sem indício cadastral crítico,FOUND,ATIVA,1,50,11385.00,39044.515556,83285.32824636553,-0.3321,Comportamento esperado
285,178905,Fabio Garcia,UNIÃO,MT,Combustível,Combustíveis E Lubrificantes.,0,Sem indício cadastral crítico,FOUND,ATIVA,29,49,16904.17,34330.305532,57340.29977264771,-0.3039,Comportamento esperado
585,220585,Mersinho Lucena,PSD,PB,Publicidade,Divulgação Da Atividade Parlamentar.,1,Situação cadastral não ativa: BAIXADA,FOUND,BAIXADA,4,28,120545.00,324815.111538,407718.48875224456,-0.501,Fornecedor com CNPJ suspeito
255,220589,Eduardo Velloso,SOLIDARIEDADE,AC,Alimentação,Fornecimento De Alimentação Do Parlamentar,1,Erro na consulta pública de CNPJ,ERROR,,1,3,592.35,3506.161818,10352.10370735419,-0.2815,Fornecedor com CNPJ suspeito
14,160527,Aguinaldo Ribeiro,PP,PB,Locomoção,Locação Ou Fretamento De Veículos Automotores,0,Sem indício cadastral crítico,FOUND,ATIVA,1,91,471599.99,197980.822174,165434.59936969794,1.6539,Comportamento esperado
388,204533,Idilvan Alencar,PSB,CE,Publicidade,Divulgação Da Atividade Parlamentar.,1,Situação cadastral não ativa: BAIXADA,FOUND,BAIXADA,2,3,22000.00,263931.285395,366906.3702021798,-0.6594,Fornecedor com CNPJ suspeito
196,220701,Delegado Matheus Laiola,UNIÃO,PR,Outros,"Serviço De Táxi, Pedágio E Estacionamento",0,Sem indício cadastral crítico,FOUND,ATIVA,4,84,3619.22,5713.999474,13397.131596894355,-0.1564,Comportamento esperado
790,178933,Sergio Souza,MDB,PR,Outros,"Passagens Terrestres, Marítimas Ou Fluviais",0,Sem indício cadastral crítico,FOUND,ATIVA,3,13,4554.95,1895.154815,2124.8795888027494,1.2517,Comportamento esperado
375,73482,Henrique Fontana,PT,RS,Outros,Manutenção De Escritório De Apoio À Atividade Parlamentar,1,Erro na consulta pública de CNPJ,ERROR,,1,13,2923.65,109428.142500,149558.61424927576,-0.7121,Fornecedor com CNPJ suspeito
251,92346,Eduardo Bolsonaro,PL,SP,Hotéis,"Hospedagem ,exceto Do Parlamentar No Distrito Federal.",1,Situação cadastral não ativa: BAIXADA,FOUND,BAIXADA,1,1,280.00,10014.789189,11435.329101648113,-0.8513,Fornecedor com CNPJ suspeito
27,105534,Alexandre Figueiredo,PSD,SE,Locomoção,Locação Ou Fretamento De Veículos Automotores,0,Sem indício cadastral crítico,FOUND,ATIVA,1,10,56160.00,212589.297222,162975.5333971958,-0.9598,Comportamento esperado
797,204360,Silvia Cristina,PP,RO,Outros,Manutenção De Escritório De Apoio À Atividade Parlamentar,0,Documento não consultado por não ser CNPJ,NOT_APPLICABLE,,1,17,76500.00,40149.183103,63678.43736701476,0.5708,Comportamento esperado
706,220586,Rafael Brito,MDB,AL,Comunicação,Telefonia,0,Sem indício cadastral crítico,FOUND,ATIVA,1,1,137.00,4087.430000,3910.7833872298947,-1.0101,Comportamento esperado
39,204400,Aline Sleutjes,PROS,PR,Hotéis,"Hospedagem ,exceto Do Parlamentar No Distrito Federal.",1,Situação cadastral não ativa: BAIXADA,FOUND,BAIXADA,2,6,965.00,18419.328649,34024.43115299299,-0.513,Fornecedor com CNPJ suspeito
858,91228,Waldemar Oliveira,AVANTE,PE,Outros,"Serviço De Táxi, Pedágio E Estacionamento",0,Sem indício cadastral crítico,FOUND,ATIVA,1,1,105.00,5084.056842,13620.11056577697,-0.3656,Comportamento esperado
90,204388,Bibo Nunes,PL,RS,Viagens,Passagem Aérea - Rpa,0,Sem indício cadastral crítico,FOUND,ATIVA,1,2,72.95,23263.014545,27193.710295909314,-0.8528,Comportamento esperado
440,112437,João Marcelo Souza,MDB,MA,Publicidade,Divulgação Da Atividade Parlamentar.,1,Situação cadastral não ativa: INAPTA,FOUND,INAPTA,2,8,51000.00,299945.123175,386285.4495039867,-0.6445,Fornecedor com CNPJ suspeito
731,234310,Ricardo Galvão,REDE,SP,Combustível,Combustíveis E Lubrificantes.,0,Sem indício cadastral crítico,FOUND,ATIVA,3,3,471.72,42192.750821,64034.19773844777,-0.6515,Comportamento esperado
68,73433,Arlindo Chinaglia,PT,SP,Viagens,Passagem Aérea - Sigepa,,,,,0,235,299852.36,185430.171967,136227.76556134285,0.8399,Comportamento esperado
871,160592,Zeca Dirceu,PT,PR,Viagens,Passagem Aérea - Sigepa,,,,,0,392,446817.94,173223.575536,125997.34942419773,2.1714,Possível anomalia financeira
181,160552,Danrlei De Deus Hinterholz,PSD,RS,Viagens,Passagem Aérea - Sigepa,,,,,0,204,283316.29,223297.576531,126627.95953182003,0.474,Comportamento esperado
856,178992,Vitor Lippi,PSD,SP,Alimentação,Fornecimento De Alimentação Do Parlamentar,0,Sem indício cadastral crítico,FOUND,ATIVA,100,248,9045.77,3366.001170,5609.697337170304,1.0125,Comportamento esperado
396,73531,Ivan Valente,PSOL,SP,Viagens,Passagem Aérea - Sigepa,,,,,0,272,326733.40,185430.171967,136227.76556134285,1.0373,Comportamento esperado
701,160639,Professora Dorinha Seabra Rezende,UNIÃO,TO,Viagens,Passagem Aérea - Sigepa,,,,,0,96,104180.81,76378.544118,54414.42672468753,0.5109,Comportamento esperado
743,220624,Robinson Faria,PP,RN,Publicidade,Divulgação Da Atividade Parlamentar.,0,Sem indício cadastral crítico,FOUND,ATIVA,13,95,623335.00,246483.533462,299233.5953313259,1.2594,Comportamento esperado
163,141411,Dagoberto Nogueira,PP,MS,Outros,Manutenção De Escritório De Apoio À Atividade Parlamentar,0,Sem indício cadastral crítico,FOUND,ATIVA,6,118,73366.22,74966.746667,80602.5088063342,-0.0199,Comportamento esperado
610,218879,Nelho Bezerra,UNIÃO,CE,Alimentação,Fornecimento De Alimentação Do Parlamentar,1,Situação cadastral não ativa: BAIXADA,FOUND,BAIXADA,1,1,50.80,4778.337742,9185.089924635726,-0.5147,Fornecedor com CNPJ suspeito
798,220579,Silvia Waiãpi,PL,AP,Viagens,Passagem Aérea - Sigepa,,,,,0,217,354672.25,180390.483889,137999.8120825282,1.2629,Comportamento esperado
235,204412,Dr. Zacharias Calil,UNIÃO,GO,Outros,Manutenção De Escritório De Apoio À Atividade Parlamentar,0,Sem indício cadastral crítico,FOUND,ATIVA,6,43,60340.08,100447.486545,162486.21407041358,-0.2468,Comportamento esperado
203,220705,Deltan Dallagnol,PODE,PR,Publicidade,Divulgação Da Atividade Parlamentar.,0,Sem indício cadastral crítico,FOUND,ATIVA,4,7,18070.00,263664.052022,329972.5348930845,-0.7443,Comportamento esperado
297,204407,Fernanda Melchionna,PSOL,RS,Publicidade,Divulgação Da Atividade Parlamentar.,0,Sem indício cadastral crítico,FOUND,ATIVA,8,159,796279.00,215724.063125,265101.600265673,2.1899,Possível anomalia financeira
186,220539,Defensor Stélio Dener,UNIÃO,RR,Outros,Manutenção De Escritório De Apoio À Atividade Parlamentar,0,Documento não consultado por não ser CNPJ,NOT_APPLICABLE,,1,39,234000.00,80921.562903,170825.55022261123,0.8961,Comportamento esperado
586,220530,Messias Donato,UNIÃO,ES,Publicidade,Divulgação Da Atividade Parlamentar.,0,Sem indício cadastral crítico,FOUND,ATIVA,33,117,656678.97,254942.876552,301625.34822291706,1.3319,Comportamento esperado
296,204477,Felício Laterça,PP,RJ,Viagens,Passagem Aérea - Sigepa,,,,,0,55,45079.64,213577.740357,175550.75566941444,-0.9598,Comportamento esperado
815,178922,Tadeu Alencar,PSB,PE,Locomoção,Locação Ou Fretamento De Veículos Automotores,0,Sem indício cadastral crítico,FOUND,ATIVA,3,42,116910.72,220869.240392,185976.71020526288,-0.559,Comportamento esperado
198,220652,Delegado Palumbo,PODE,SP,Alimentação,Fornecimento De Alimentação Do Parlamentar,1,Situação cadastral não ativa: BAIXADA,FOUND,BAIXADA,5,9,419.07,3366.001170,5609.697337170304,-0.5253,Fornecedor com CNPJ suspeito
224,220610,Dr. Fernando Máximo,PL,RO,Outros,"Serviço De Táxi, Pedágio E Estacionamento",0,Sem indício cadastral crítico,FOUND,ATIVA,1,5,226.13,1932.761250,3462.107549787877,-0.4929,Comportamento esperado
69,141391,Arnaldo Jardim,CIDADANIA,SP,Combustível,Combustíveis E Lubrificantes.,1,Situação cadastral não ativa: BAIXADA,FOUND,BAIXADA,5,18,2749.76,42192.750821,64034.19773844777,-0.616,Fornecedor com CNPJ suspeito
334,178966,Geovania De Sá,REPUBLICANOS,SC,Locomoção,Locação Ou Fretamento De Veículos Automotores,0,Sem indício cadastral crítico,FOUND,ATIVA,2,45,295306.00,154711.621212,151032.92349497412,0.9309,Comportamento esperado
532,220648,Marangoni,PODE,SP,Outros,Manutenção De Escritório De Apoio À Atividade Parlamentar,0,Documento não consultado por não ser CNPJ,NOT_APPLICABLE,,2,36,77613.33,98538.487659,143509.98800071477,-0.1458,Comportamento esperado
471,204375,Leda Sadala,PP,AP,Combustível,Combustíveis E Lubrificantes.,1,CNPJ não encontrado na API pública,NOT_FOUND,,1,2,200.00,24571.047667,39205.554475113444,-0.6216,Fornecedor com CNPJ suspeito
251,92346,Eduardo Bolsonaro,PL,SP,Comunicação,Telefonia,0,Sem indício cadastral crítico,FOUND,ATIVA,2,39,33863.92,19889.940211,25751.500071775903,0.5426,Comportamento esperado
537,220599,Marcelo Crivella,REPUBLICANOS,RJ,Combustível,Combustíveis E Lubrificantes.,1,Situação cadastral não ativa: BAIXADA,FOUND,BAIXADA,3,3,643.61,44023.319398,62812.667137756165,-0.6906,Fornecedor com CNPJ suspeito
473,178825,Leo De Brito,PT,AC,Locomoção,Locação Ou Fretamento De Veículos Automotores,0,Sem indício cadastral crítico,FOUND,ATIVA,1,8,72000.00,136825.250667,132327.06516765346,-0.4899,Comportamento esperado
258,154919,Eleuses Paiva,PSD,SP,Outros,"Serviço De Táxi, Pedágio E Estacionamento",0,Sem indício cadastral crítico,FOUND,ATIVA,5,51,889.04,11967.060840,16796.655097373645,-0.6595,Comportamento esperado
758,178930,Roman,PP,PR,Outros,Manutenção De Escritório De Apoio À Atividade Parlamentar,0,Sem indício cadastral crítico,FOUND,ATIVA,6,12,1907.13,86193.122500,116860.66498214444,-0.7213,Comportamento esperado
221,213854,Dr. Agripino Magalhães,UNIÃO,CE,Viagens,Passagem Aérea - Sigepa,,,,,0,18,29070.64,190828.457826,170630.5409255439,-0.948,Comportamento esperado
726,235088,Ribeiro Neto,SOLIDARIEDADE,MA,Outros,Manutenção De Escritório De Apoio À Atividade Parlamentar,0,Sem indício cadastral crítico,FOUND,ATIVA,2,3,2359.90,64195.130784,109861.24089764054,-0.5628,Comportamento esperado
575,220647,Mauricio Neves,PP,SP,Viagens,Passagem Aérea - Sigepa,,,,,0,291,240921.14,185430.171967,136227.76556134285,0.4073,Comportamento esperado
267,218086,Ely Santos,REPUBLICANOS,SP,Viagens,Passagem Aérea - Sigepa,,,,,0,214,190989.96,185430.171967,136227.76556134285,0.0408,Comportamento esperado
49,220556,Ana Paula Lima,PT,SC,Combustível,Combustíveis E Lubrificantes.,0,Sem indício cadastral crítico,FOUND,ATIVA,192,565,115170.67,63943.250339,85631.6159933909,0.5982,Comportamento esperado
26,204571,Alex Santana,REPUBLICANOS,BA,Combustível,Combustíveis E Lubrificantes.,1,Situação cadastral não ativa: BAIXADA,FOUND,BAIXADA,3,5,1339.74,76280.976842,110667.4963849575,-0.6772,Fornecedor com CNPJ suspeito
523,204359,Léo Moraes,PODE,RO,Combustível,Combustíveis E Lubrificantes.,0,Sem indício cadastral crítico,FOUND,ATIVA,42,88,24705.00,64922.175357,86632.41303886044,-0.4642,Comportamento esperado
281,178871,Evair Vieira De Melo,REPUBLICANOS,ES,Viagens,Passagem Aérea - Sigepa,,,,,0,169,182602.10,159760.155882,99464.81207952778,0.2296,Comportamento esperado
169,220571,Daniel Agrobom,PSD,GO,Combustível,Combustíveis E Lubrificantes.,0,Sem indício cadastral crítico,FOUND,ATIVA,120,403,112299.57,65044.277593,95738.05404592726,0.4936,Comportamento esperado
341,204491,Gilberto Abramo,REPUBLICANOS,MG,Publicidade,Divulgação Da Atividade Parlamentar.,0,Sem indício cadastral crítico,FOUND,ATIVA,17,147,1176547.62,194891.353020,276881.75990132586,3.5454,Anomalia financeira extrema
362,204442,Gurgel,PL,RJ,Viagens,Passagem Aérea - Rpa,0,Sem indício cadastral crítico,FOUND,ATIVA,2,83,25782.98,24365.871064,36425.48190750471,0.0389,Comportamento esperado
11,160508,Afonso Florence,PT,BA,Combustível,Combustíveis E Lubrificantes.,0,Sem indício cadastral crítico,FOUND,ATIVA,85,179,37649.87,76280.976842,110667.4963849575,-0.3491,Comportamento esperado
154,220608,Cristiane Lopes,PODE,RO,Outros,Manutenção De Escritório De Apoio À Atividade Parlamentar,0,Documento não consultado por não ser CNPJ,NOT_APPLICABLE,,1,38,232000.00,40149.183103,63678.43736701476,3.0128,Anomalia financeira extrema
86,220683,Beto Richa,PSDB,PR,Outros,Aquisição De Tokens E Certificados Digitais,0,Sem indício cadastral crítico,FOUND,ATIVA,1,1,380.00,398.560000,36.65240510525877,-0.5064,Comportamento esperado
588,178985,Miguel Lombardi,PL,SP,Outros,Manutenção De Escritório De Apoio À Atividade Parlamentar,0,Sem indício cadastral crítico,FOUND,ATIVA,13,335,274303.01,98538.487659,143509.98800071477,1.2248,Comportamento esperado
889,,,,NA,Alimentação,Fornecimento De Alimentação Do Parlamentar,1,Situação cadastral não ativa: BAIXADA,FOUND,BAIXADA,1,60,50715.00,76824.316875,122514.48277202321,-0.2131,Fornecedor com CNPJ suspeito
129,204496,Celso Sabino,PDT,PA,Combustível,Combustíveis E Lubrificantes.,0,Sem indício cadastral crítico,FOUND,ATIVA,11,32,6262.97,39488.928400,62234.56368268833,-0.5339,Comportamento esperado
12,136811,Afonso Hamm,PP,RS,Comunicação,Telefonia,0,Sem indício cadastral crítico,FOUND,ATIVA,7,161,31319.17,19321.830435,18898.364290143905,0.6348,Comportamento esperado
180,62881,Danilo Forte,UNIÃO,CE,Outros,Manutenção De Escritório De Apoio À Atividade Parlamentar,1,Situação cadastral não ativa: BAIXADA,FOUND,BAIXADA,2,13,1831.18,68348.775082,105244.60317209057,-0.632,Fornecedor com CNPJ suspeito
602,81055,Márcio Jerry,PCDOB,MA,Viagens,Passagem Aérea - Rpa,0,Sem indício cadastral crítico,FOUND,ATIVA,3,7,9700.33,17893.360952,34179.698738222214,-0.2397,Comportamento esperado
2,204521,Abou Anni,UNIÃO,SP,Viagens,Passagem Aérea - Reembolso,0,Sem indício cadastral crítico,FOUND,ATIVA,1,17,37835.02,9758.571000,11443.414965885137,2.4535,Possível anomalia financeira
326,220708,Gabriel Nunes,PSD,BA,Viagens,Passagem Aérea - Sigepa,,,,,0,176,102557.44,219376.223091,157819.4558803826,-0.7402,Comportamento esperado
95,204551,Bosco Saraiva,SOLIDARIEDADE,AM,Outros,Manutenção De Escritório De Apoio À Atividade Parlamentar,0,Sem indício cadastral crítico,FOUND,ATIVA,4,34,41336.25,35177.838000,53399.12696043168,0.1153,Comportamento esperado
638,204441,Otoni De Paula,MDB,RJ,Outros,Manutenção De Escritório De Apoio À Atividade Parlamentar,0,Sem indício cadastral crítico,FOUND,ATIVA,1,6,9155.81,80988.593819,134414.71100556676,-0.5344,Comportamento esperado
879,220558,Zé Trovão,PL,SC,Combustível,Combustíveis E Lubrificantes.,1,Situação cadastral não ativa: BAIXADA,FOUND,BAIXADA,4,4,1178.36,63943.250339,85631.6159933909,-0.733,Fornecedor com CNPJ suspeito
65,220675,Antônio Doido,MDB,PA,Locomoção,Locação Ou Fretamento De Aeronaves,0,Sem indício cadastral crítico,FOUND,ATIVA,2,10,492000.00,174153.634444,279835.95128643257,1.1358,Comportamento esperado
878,160632,Zé Silva,UNIÃO,MG,Outros,"Passagens Terrestres, Marítimas Ou Fluviais",0,Sem indício cadastral crítico,FOUND,ATIVA,4,5,815.17,3858.240000,6358.142634643256,-0.4786,Comportamento esperado
541,204558,Marcelo Nilo,REPUBLICANOS,BA,Combustível,Combustíveis E Lubrificantes.,1,Situação cadastral não ativa: BAIXADA,FOUND,BAIXADA,2,2,224.85,76280.976842,110667.4963849575,-0.6872,Fornecedor com CNPJ suspeito
293,204398,Felipe Francischini,PODE,PR,Locomoção,Locação Ou Fretamento De Veículos Automotores,0,Sem indício cadastral crítico,FOUND,ATIVA,5,13,31275.22,113439.957419,130977.93601797776,-0.6273,Comportamento esperado
147,204378,Coronel Chrisóstomo,PL,RO,Alimentação,Fornecimento De Alimentação Do Parlamentar,0,Sem indício cadastral crítico,FOUND,ATIVA,37,105,8346.57,3332.884500,5228.833199412531,0.9589,Comportamento esperado
521,220669,Lula Da Fonte,PP,PE,Combustível,Combustíveis E Lubrificantes.,0,Sem indício cadastral crítico,FOUND,ATIVA,125,639,146766.09,53506.291935,82942.380015203,1.1244,Comportamento esperado
330,204473,General Girão,PL,RN,Locomoção,Locação Ou Fretamento De Veículos Automotores,0,Sem indício cadastral crítico,FOUND,ATIVA,7,95,499031.13,157542.546842,185025.17121572056,1.8456,Comportamento esperado
68,73433,Arlindo Chinaglia,PT,SP,Combustível,Combustíveis E Lubrificantes.,0,Sem indício cadastral crítico,FOUND,ATIVA,198,344,73719.56,42192.750821,64034.19773844777,0.4923,Comportamento esperado
606,74158,Mário Heringer,PDT,MG,Viagens,Passagem Aérea - Rpa,0,Sem indício cadastral crítico,FOUND,ATIVA,3,185,293557.68,40253.940526,63478.97879162227,3.9904,Anomalia financeira extrema
624,178986,Nilto Tatto,PT,SP,Publicidade,Divulgação Da Atividade Parlamentar.,0,Sem indício cadastral crítico,FOUND,ATIVA,7,152,947619.94,243741.226243,313657.1515008437,2.2441,Possível anomalia financeira
523,204359,Léo Moraes,PODE,RO,Hotéis,"Hospedagem ,exceto Do Parlamentar No Distrito Federal.",0,Sem indício cadastral crítico,FOUND,ATIVA,14,16,8648.36,15598.613913,18502.405565050612,-0.3756,Comportamento esperado
101,93083,Cacá Leão,PP,BA,Viagens,Passagem Aérea - Rpa,0,Sem indício cadastral crítico,FOUND,ATIVA,2,7,2087.89,31763.658913,54219.86604798766,-0.5473,Comportamento esperado
442,204474,Juarez Costa,MDB,MT,Combustível,Combustíveis E Lubrificantes.,0,Sem indício cadastral crítico,FOUND,ATIVA,44,122,27286.71,34330.305532,57340.29977264771,-0.1228,Comportamento esperado
206,220689,Detinha,PL,MA,Locomoção,Locação Ou Fretamento De Veículos Automotores,0,Sem indício cadastral crítico,FOUND,ATIVA,1,31,355000.00,122090.952683,112418.39663710551,2.0718,Possível anomalia financeira
543,204556,Marcelo Ramos,PSD,AM,Viagens,Passagem Aérea - Sigepa,,,,,0,164,219253.85,248402.612308,165221.2328718048,-0.1764,Comportamento esperado
858,91228,Waldemar Oliveira,AVANTE,PE,Publicidade,Divulgação Da Atividade Parlamentar.,1,Situação cadastral não ativa: BAIXADA,FOUND,BAIXADA,3,28,41000.00,241972.708182,301628.5621101344,-0.6663,Fornecedor com CNPJ suspeito
589,171786,Miguel Ângelo,PT,MG,Viagens,Passagem Aérea - Sigepa,,,,,0,96,139766.18,195216.599630,167832.49260588933,-0.3304,Comportamento esperado
797,204360,Silvia Cristina,PL,RO,Outros,Manutenção De Escritório De Apoio À Atividade Parlamentar,0,Sem indício cadastral crítico,FOUND,ATIVA,5,18,39664.08,40149.183103,63678.43736701476,-0.0076,Comportamento esperado
904,,,,NA,Alimentação,Fornecimento De Alimentação Do Parlamentar,1,Situação cadastral não ativa: BAIXADA,FOUND,BAIXADA,3,5,7248.90,76824.316875,122514.48277202321,-0.5679,Fornecedor com CNPJ suspeito
107,178829,Capitão Augusto,PL,SP,Comunicação,Telefonia,0,Sem indício cadastral crítico,FOUND,ATIVA,2,74,56852.81,19889.940211,25751.500071775903,1.4354,Comportamento esperado
64,123756,Antônia Lúcia,MDB,AC,Alimentação,Fornecimento De Alimentação Do Parlamentar,0,Sem indício cadastral crítico,FOUND,ATIVA,1,1,89.80,3506.161818,10352.10370735419,-0.33,Comportamento esperado
384,160674,Hugo Motta,REPUBLICANOS,PB,Viagens,Passagem Aérea - Reembolso,0,Sem indício cadastral crítico,FOUND,ATIVA,2,10,17539.47,14118.253125,32577.997530279183,0.105,Comportamento esperado
25,178972,Alex Manente,CIDADANIA,SP,Comunicação,Telefonia,0,Sem indício cadastral crítico,FOUND,ATIVA,1,48,13877.31,19889.940211,25751.500071775903,-0.2335,Comportamento esperado
573,220628,Mauricio Do Vôlei,PL,MG,Viagens,Passagem Aérea - Reembolso,0,Sem indício cadastral crítico,FOUND,ATIVA,2,3,2539.88,7020.191961,10297.188894597206,-0.4351,Comportamento esperado
236,220674,Dra. Alessandra Haber,PODE,PA,Combustível,Combustíveis E Lubrificantes.,0,Sem indício cadastral crítico,FOUND,ATIVA,19,28,15069.31,39488.928400,62234.56368268833,-0.3924,Comportamento esperado
291,220646,Felipe Becari,PODE,SP,Outros,Manutenção De Escritório De Apoio À Atividade Parlamentar,0,Sem indício cadastral crítico,FOUND,ATIVA,3,4,1417.50,98538.487659,143509.98800071477,-0.6768,Comportamento esperado
439,141459,João Maia,PL,RN,Locomoção,Locação Ou Fretamento De Veículos Automotores,0,Sem indício cadastral crítico,FOUND,ATIVA,1,11,77000.00,157542.546842,185025.17121572056,-0.4353,Comportamento esperado
864,224333,Welter,PT,PR,Alimentação,Fornecimento De Alimentação Do Parlamentar,1,Situação cadastral não ativa: BAIXADA,FOUND,BAIXADA,7,8,303.50,4173.948542,8441.04850518495,-0.4585,Fornecedor com CNPJ suspeito
781,160621,Sandro Alex,PSD,PR,Serviços profissionais,"Consultorias, Pesquisas E Trabalhos Técnicos.",0,Sem indício cadastral crítico,FOUND,ATIVA,2,5,87500.00,58752.690645,58141.82428785019,0.4944,Comportamento esperado
68,73433,Arlindo Chinaglia,PT,SP,Outros,"Passagens Terrestres, Marítimas Ou Fluviais",1,Situação cadastral não ativa: BAIXADA,FOUND,BAIXADA,1,2,229.60,996.486667,1138.3419633085512,-0.6737,Fornecedor com CNPJ suspeito
281,178871,Evair Vieira De Melo,REPUBLICANOS,ES,Outros,Serviços Postais,0,Sem indício cadastral crítico,FOUND,ATIVA,1,2,148.05,6239.835000,11400.549896811995,-0.5343,Comportamento esperado
591,154178,Milton Vieira,REPUBLICANOS,SP,Viagens,Passagem Aérea - Sigepa,,,,,0,167,217503.95,185430.171967,136227.76556134285,0.2354,Comportamento esperado
75,160512,Aureo Ribeiro,SOLIDARIEDADE,RJ,Viagens,Passagem Aérea - Sigepa,,,,,0,589,824456.84,213577.740357,175550.75566941444,3.4798,Anomalia financeira extrema
226,204518,Dr. Frederico,PRD,MG,Outros,Manutenção De Escritório De Apoio À Atividade Parlamentar,0,Sem indício cadastral crítico,FOUND,ATIVA,9,123,80445.86,123562.947566,162703.54342443834,-0.265,Comportamento esperado
95,204551,Bosco Saraiva,SOLIDARIEDADE,AM,Viagens,Passagem Aérea - Sigepa,,,,,0,56,89850.95,248402.612308,165221.2328718048,-0.9596,Comportamento esperado
132,204490,Charlles Evangelista,PP,MG,Comunicação,Telefonia,0,Sem indício cadastral crítico,FOUND,ATIVA,1,24,6954.69,15607.667083,19082.29985422686,-0.4535,Comportamento esperado
148,220595,Coronel Fernanda,PL,MT,Combustível,Combustíveis E Lubrificantes.,0,Sem indício cadastral crítico,FOUND,ATIVA,65,115,163339.27,34330.305532,57340.29977264771,2.2499,Possível anomalia financeira
734,220694,Ricardo Maia,MDB,BA,Publicidade,Divulgação Da Atividade Parlamentar.,0,Sem indício cadastral crítico,FOUND,ATIVA,7,41,655650.00,317318.910361,328157.1355142384,1.031,Comportamento esperado
524,204547,Léo Motta,REPUBLICANOS,MG,Viagens,Passagem Aérea - Sigepa,,,,,0,55,53382.31,195216.599630,167832.49260588933,-0.8451,Comportamento esperado
242,220540,Duda Ramos,PODE,RR,Combustível,Combustíveis E Lubrificantes.,0,Sem indício cadastral crítico,FOUND,ATIVA,17,135,289132.24,70971.916364,102686.34049821323,2.1245,Possível anomalia financeira
836,178863,Uldurico Junior,MDB,BA,Publicidade,Divulgação Da Atividade Parlamentar.,0,Sem indício cadastral crítico,FOUND,ATIVA,4,8,155000.00,317318.910361,328157.1355142384,-0.4946,Comportamento esperado
294,204371,Felipe Rigoni,UNIÃO,ES,Outros,Manutenção De Escritório De Apoio À Atividade Parlamentar,0,Sem indício cadastral crítico,FOUND,ATIVA,9,59,94548.69,101936.796563,164857.25422120074,-0.0448,Comportamento esperado
11,160508,Afonso Florence,PT,BA,Viagens,Passagem Aérea - Sigepa,,,,,0,67,104440.19,219376.223091,157819.4558803826,-0.7283,Comportamento esperado
492,138286,Luciano Alves,PSD,PR,Alimentação,Fornecimento De Alimentação Do Parlamentar,0,Sem indício cadastral crítico,FOUND,ATIVA,38,67,5453.71,4173.948542,8441.04850518495,0.1516,Comportamento esperado
235,204412,Dr. Zacharias Calil,MDB,GO,Outros,Serviço De Segurança Prestado Por Empresa Especializada.,0,Sem indício cadastral crítico,FOUND,ATIVA,1,27,8967.04,6198.595000,3686.025394951858,0.7511,Comportamento esperado
337,220587,Gerlen Diniz,PP,AC,Comunicação,Telefonia,0,Sem indício cadastral crítico,FOUND,ATIVA,5,62,7535.84,4341.214167,4755.124320798006,0.6718,Comportamento esperado
349,226179,Gisela Simona,UNIÃO,MT,Locomoção,Locação Ou Fretamento De Veículos Automotores,0,Sem indício cadastral crítico,FOUND,ATIVA,3,62,297824.00,134358.602609,119146.49353274485,1.372,Comportamento esperado
334,178966,Geovania De Sá,PSDB,SC,Outros,Serviços Postais,0,Sem indício cadastral crítico,FOUND,ATIVA,2,7,600.95,1043.824167,1437.984649529007,-0.308,Comportamento esperado
652,74160,Patrus Ananias,PT,MG,Outros,Serviços Postais,0,Sem indício cadastral crítico,FOUND,ATIVA,2,13,494.75,2049.065200,4121.470694655126,-0.3771,Comportamento esperado
177,204459,Daniela Do Waguinho,UNIÃO,RJ,Outros,Manutenção De Escritório De Apoio À Atividade Parlamentar,1,Situação cadastral não ativa: INAPTA,FOUND,INAPTA,1,12,7550.00,80988.593819,134414.71100556676,-0.5464,Fornecedor com CNPJ suspeito
560,74398,Maria Do Rosário,PT,RS,Hotéis,"Hospedagem ,exceto Do Parlamentar No Distrito Federal.",0,Sem indício cadastral crítico,FOUND,ATIVA,57,136,28841.26,21826.986437,35658.661568585754,0.1967,Comportamento esperado
572,220661,Matheus Noronha,PL,CE,Viagens,Passagem Aérea - Sigepa,,,,,0,369,504241.79,190828.457826,170630.5409255439,1.8368,Comportamento esperado
145,204376,Coronel Armando,PL,SC,Viagens,Passagem Aérea - Rpa,0,Sem indício cadastral crítico,FOUND,ATIVA,3,73,84220.00,12083.098000,25544.630338693623,2.824,Possível anomalia financeira
700,204565,Professora Dayane Pimentel,UNIÃO,BA,Publicidade,Divulgação Da Atividade Parlamentar.,0,Sem indício cadastral crítico,FOUND,ATIVA,12,21,244138.71,317318.910361,328157.1355142384,-0.223,Comportamento esperado
104,204352,Camilo Capiberibe,PSB,AP,Outros,"Serviço De Táxi, Pedágio E Estacionamento",0,Sem indício cadastral crítico,FOUND,ATIVA,3,63,1274.57,3695.458571,4756.467110816699,-0.509,Comportamento esperado
525,220566,Lêda Borges,REPUBLICANOS,GO,Alimentação,Fornecimento De Alimentação Do Parlamentar,0,Sem indício cadastral crítico,FOUND,ATIVA,21,97,7596.87,3293.239000,7032.529544734017,0.612,Comportamento esperado
710,220626,Rafael Simoes,UNIÃO,MG,Combustível,Combustíveis E Lubrificantes.,0,Sem indício cadastral crítico,FOUND,ATIVA,76,327,304555.96,65306.104375,92314.0005265802,2.5917,Possível anomalia financeira
400,220697,Jadyel Alencar,REPUBLICANOS,PI,Outros,Manutenção De Escritório De Apoio À Atividade Parlamentar,0,Sem indício cadastral crítico,FOUND,ATIVA,4,49,122979.84,64892.367419,74159.10998309037,0.7833,Comportamento esperado
471,204375,Leda Sadala,PP,AP,Combustível,Combustíveis E Lubrificantes.,0,Sem indício cadastral crítico,FOUND,ATIVA,54,178,18030.56,24571.047667,39205.554475113444,-0.1668,Comportamento esperado
451,204520,Junio Amaral,PL,MG,Locomoção,Locação Ou Fretamento De Veículos Automotores,0,Sem indício cadastral crítico,FOUND,ATIVA,3,66,392143.00,199358.988889,190617.58878325575,1.0114,Comportamento esperado
762,163321,Ronaldo Nogueira,REPUBLICANOS,RS,Publicidade,Divulgação Da Atividade Parlamentar.,0,Sem indício cadastral crítico,FOUND,ATIVA,22,104,382602.57,215724.063125,265101.600265673,0.6295,Comportamento esperado
269,198783,Emanuel Pinheiro Neto,PSD,MT,Hotéis,"Hospedagem ,exceto Do Parlamentar No Distrito Federal.",0,Sem indício cadastral crítico,FOUND,ATIVA,35,55,40484.14,20380.542308,35609.06873470771,0.5646,Comportamento esperado
183,205548,David Miranda,PDT,RJ,Locomoção,Locação Ou Fretamento De Veículos Automotores,0,Sem indício cadastral crítico,FOUND,ATIVA,1,2,16835.00,162239.394390,163272.60476613723,-0.8906,Comportamento esperado
548,204522,Marco Bertaiolli,PSD,SP,Comunicação,Telefonia,0,Sem indício cadastral crítico,FOUND,ATIVA,1,54,4501.55,19889.940211,25751.500071775903,-0.5976,Comportamento esperado
336,74374,Geraldo Resende,UNIÃO,MS,Viagens,Passagem Aérea - Sigepa,,,,,0,99,103259.26,136850.719231,90603.58730528376,-0.3708,Comportamento esperado
370,178873,Helder Salomão,PT,ES,Publicidade,Divulgação Da Atividade Parlamentar.,1,Situação cadastral não ativa: BAIXADA,FOUND,BAIXADA,1,1,2800.00,254942.876552,301625.34822291706,-0.8359,Fornecedor com CNPJ suspeito
344,204365,Gilson Marques,NOVO,SC,Serviços profissionais,"Consultorias, Pesquisas E Trabalhos Técnicos.",0,Sem indício cadastral crítico,FOUND,ATIVA,1,4,9838.71,54951.871000,53748.576570772435,-0.8393,Comportamento esperado
6,221328,Adilson Barroso,PL,SP,Alimentação,Fornecimento De Alimentação Do Parlamentar,1,Erro na consulta pública de CNPJ,ERROR,,1,21,4383.45,3366.001170,5609.697337170304,0.1814,Fornecedor com CNPJ suspeito
844,141553,Vanderlei Macris,PSDB,SP,Outros,Manutenção De Escritório De Apoio À Atividade Parlamentar,1,Situação cadastral não ativa: INAPTA,FOUND,INAPTA,1,3,1800.00,98538.487659,143509.98800071477,-0.6741,Fornecedor com CNPJ suspeito
509,204485,Luiz Carlos Motta,PL,SP,Combustível,Combustíveis E Lubrificantes.,1,Situação cadastral não ativa: BAIXADA,FOUND,BAIXADA,3,3,611.72,42192.750821,64034.19773844777,-0.6494,Fornecedor com CNPJ suspeito
433,74554,José Rocha,UNIÃO,BA,Comunicação,Telefonia,0,Sem indício cadastral crítico,FOUND,ATIVA,4,92,10175.10,23153.030698,23468.568952979214,-0.553,Comportamento esperado
126,204380,Celina Leão,PP,DF,Outros,Manutenção De Escritório De Apoio À Atividade Parlamentar,0,Sem indício cadastral crítico,FOUND,ATIVA,2,5,20928.40,95246.480000,164390.52276665662,-0.4521,Comportamento esperado
614,204415,Nereu Crispim,PSD,RS,Combustível,Combustíveis E Lubrificantes.,1,CNPJ não encontrado na API pública,NOT_FOUND,,2,3,300.00,60520.148547,97388.05968907535,-0.6184,Fornecedor com CNPJ suspeito
426,141464,José Airton Félix Cirilo,PT,CE,Combustível,Combustíveis E Lubrificantes.,0,Sem indício cadastral crítico,FOUND,ATIVA,1,51,386643.99,41977.960833,76764.60304100714,4.4899,Anomalia financeira extrema
239,204434,Dra. Vanda Milani,PROS,AC,Serviços profissionais,"Consultorias, Pesquisas E Trabalhos Técnicos.",0,Sem indício cadastral crítico,FOUND,ATIVA,4,8,151000.00,77762.496250,58254.79744380198,1.2572,Comportamento esperado
467,74856,Laura Carneiro,PSD,RJ,Viagens,Passagem Aérea - Reembolso,0,Sem indício cadastral crítico,FOUND,ATIVA,1,1,1118.29,9840.865893,10669.362639943789,-0.8175,Comportamento esperado
568,204566,Marreca Filho,PRD,MA,Publicidade,Divulgação Da Atividade Parlamentar.,0,Sem indício cadastral crítico,FOUND,ATIVA,17,149,804935.24,299945.123175,386285.4495039867,1.3073,Comportamento esperado
326,220708,Gabriel Nunes,PSD,BA,Combustível,Combustíveis E Lubrificantes.,0,Sem indício cadastral crítico,FOUND,ATIVA,258,1094,244563.35,76280.976842,110667.4963849575,1.5206,Comportamento esperado
293,204398,Felipe Francischini,UNIÃO,PR,Combustível,Combustíveis E Lubrificantes.,0,Sem indício cadastral crítico,FOUND,ATIVA,97,195,46288.61,57944.345500,82353.4495793919,-0.1415,Comportamento esperado
59,204515,André Janones,REDE,MG,Outros,Manutenção De Escritório De Apoio À Atividade Parlamentar,0,Sem indício cadastral crítico,FOUND,ATIVA,13,65,58081.94,123562.947566,162703.54342443834,-0.4025,Comportamento esperado
276,220645,Erika Hilton,PSOL,SP,Alimentação,Fornecimento De Alimentação Do Parlamentar,1,Situação cadastral não ativa: BAIXADA,FOUND,BAIXADA,3,6,424.00,3366.001170,5609.697337170304,-0.5244,Fornecedor com CNPJ suspeito
522,141480,Lázaro Botelho,PP,TO,Publicidade,Divulgação Da Atividade Parlamentar.,0,Sem indício cadastral crítico,FOUND,ATIVA,8,43,827156.70,260231.601071,329408.0872597135,1.721,Comportamento esperado
797,204360,Silvia Cristina,PP,RO,Alimentação,Fornecimento De Alimentação Do Parlamentar,0,Sem indício cadastral crítico,FOUND,ATIVA,9,21,1426.55,3332.884500,5228.833199412531,-0.3646,Comportamento esperado
336,74374,Geraldo Resende,UNIÃO,MS,Outros,Manutenção De Escritório De Apoio À Atividade Parlamentar,0,Sem indício cadastral crítico,FOUND,ATIVA,13,71,107923.35,74966.746667,80602.5088063342,0.4089,Comportamento esperado
449,74253,Julio Lopes,PP,RJ,Viagens,Passagem Aérea - Sigepa,,,,,0,141,210772.87,213577.740357,175550.75566941444,-0.016,Comportamento esperado
413,160548,Jonas Donizette,PSB,SP,Viagens,Passagem Aérea - Sigepa,,,,,0,135,185033.07,185430.171967,136227.76556134285,-0.0029,Comportamento esperado
21,160559,Alceu Moreira,MDB,RS,Outros,Manutenção De Escritório De Apoio À Atividade Parlamentar,1,Situação cadastral não ativa: BAIXADA,FOUND,BAIXADA,3,60,28571.87,109428.142500,149558.61424927576,-0.5406,Fornecedor com CNPJ suspeito
29,220542,Alexandre Guimarães,MDB,TO,Publicidade,Divulgação Da Atividade Parlamentar.,1,Situação cadastral não ativa: BAIXADA,FOUND,BAIXADA,2,27,38900.00,260231.601071,329408.0872597135,-0.6719,Fornecedor com CNPJ suspeito
338,204394,Gervásio Maia,PCDOB,PB,Alimentação,Fornecimento De Alimentação Do Parlamentar,0,Sem indício cadastral crítico,FOUND,ATIVA,1,6,490.94,1884.650000,4639.955468391323,-0.3004,Comportamento esperado
397,220696,Ivoneide Caetano,PT,BA,Combustível,Combustíveis E Lubrificantes.,1,Situação cadastral não ativa: BAIXADA,FOUND,BAIXADA,2,3,363.37,76280.976842,110667.4963849575,-0.686,Fornecedor com CNPJ suspeito
719,178925,Rejane Dias,PT,PI,Combustível,Combustíveis E Lubrificantes.,0,Sem indício cadastral crítico,FOUND,ATIVA,30,52,36639.43,73929.545357,101552.42380940972,-0.3672,Comportamento esperado
409,178910,Joaquim Passarinho,PL,PA,Locomoção,Locação Ou Fretamento De Veículos Automotores,0,Sem indício cadastral crítico,FOUND,ATIVA,7,103,300905.94,121907.551481,147158.0353457022,1.2164,Comportamento esperado
579,220609,Maurício Carvalho,UNIÃO,RO,Locomoção,Locação Ou Fretamento De Veículos Automotores,0,Sem indício cadastral crítico,FOUND,ATIVA,1,47,399979.63,233590.273571,213347.19250523738,0.7799,Comportamento esperado
442,204474,Juarez Costa,MDB,MT,Viagens,Passagem Aérea - Rpa,0,Sem indício cadastral crítico,FOUND,ATIVA,1,4,1044.57,21401.345000,46787.60669383069,-0.4351,Comportamento esperado
322,220653,Fábio Teruel,MDB,SP,Viagens,Passagem Aérea - Rpa,0,Sem indício cadastral crítico,FOUND,ATIVA,1,17,33723.82,24943.515352,36157.13967829913,0.2428,Comportamento esperado
94,74052,Bosco Costa,PL,SE,Combustível,Combustíveis E Lubrificantes.,0,Sem indício cadastral crítico,FOUND,ATIVA,30,62,20206.70,53493.520741,82556.56454059949,-0.4032,Comportamento esperado
688,73943,Perpétua Almeida,PCDOB,AC,Comunicação,Telefonia,0,Sem indício cadastral crítico,FOUND,ATIVA,5,29,9947.62,4341.214167,4755.124320798006,1.179,Comportamento esperado
658,178860,Paulo Azi,UNIÃO,BA,Outros,Manutenção De Escritório De Apoio À Atividade Parlamentar,0,Documento não consultado por não ser CNPJ,NOT_APPLICABLE,,1,15,33758.40,98257.521290,134321.8726415135,-0.4802,Comportamento esperado
856,178992,Vitor Lippi,PSDB,SP,Outros,"Passagens Terrestres, Marítimas Ou Fluviais",0,Sem indício cadastral crítico,FOUND,ATIVA,2,2,568.24,996.486667,1138.3419633085512,-0.3762,Comportamento esperado
138,204440,Christino Aureo,PP,RJ,Publicidade,Assinatura De Publicações,0,Sem indício cadastral crítico,FOUND,ATIVA,1,21,2927.90,4317.763846,4399.037924691675,-0.3159,Comportamento esperado
417,214694,Jorge Goetten,REPUBLICANOS,SC,Outros,Serviços Postais,0,Sem indício cadastral crítico,FOUND,ATIVA,1,2,3813.40,1043.824167,1437.984649529007,1.926,Comportamento esperado
775,221157,Rui Godinho,UNIÃO,SC,Hotéis,"Hospedagem ,exceto Do Parlamentar No Distrito Federal.",0,Sem indício cadastral crítico,FOUND,ATIVA,1,1,400.00,36695.958649,43528.74004922331,-0.8338,Comportamento esperado
732,204362,Ricardo Guidi,PSD,SC,Publicidade,Divulgação Da Atividade Parlamentar.,0,Sem indício cadastral crítico,FOUND,ATIVA,3,10,24500.00,148561.773265,217765.15459275612,-0.5697,Comportamento esperado
711,204567,Raimundo Costa,PODE,BA,Outros,Manutenção De Escritório De Apoio À Atividade Parlamentar,0,Sem indício cadastral crítico,FOUND,ATIVA,1,1,1265.35,98257.521290,134321.8726415135,-0.7221,Comportamento esperado
649,204553,Pastor Sargento Isidório,AVANTE,BA,Outros,Manutenção De Escritório De Apoio À Atividade Parlamentar,0,Documento não consultado por não ser CNPJ,NOT_APPLICABLE,,1,5,7285.00,98257.521290,134321.8726415135,-0.6773,Comportamento esperado
272,230765,Enfermeira Rejane,PCDOB,RJ,Outros,Manutenção De Escritório De Apoio À Atividade Parlamentar,0,Sem indício cadastral crítico,FOUND,ATIVA,2,5,51489.15,80988.593819,134414.71100556676,-0.2195,Comportamento esperado
22,204413,Alcides Rodrigues,PATRIOTA,GO,Comunicação,Telefonia,0,Sem indício cadastral crítico,FOUND,ATIVA,2,8,1055.86,16840.076000,26049.85234640615,-0.6059,Comportamento esperado
311,220551,Franciane Bayer,REPUBLICANOS,RS,Hotéis,"Hospedagem ,exceto Do Parlamentar No Distrito Federal.",0,Sem indício cadastral crítico,FOUND,ATIVA,54,239,61018.02,21826.986437,35658.661568585754,1.0991,Comportamento esperado
356,198197,Greyce Elias,AVANTE,MG,Combustível,Combustíveis E Lubrificantes.,0,Sem indício cadastral crítico,FOUND,ATIVA,78,168,47086.54,65306.104375,92314.0005265802,-0.1974,Comportamento esperado
445,220640,Juliana Cardoso,PT,SP,Combustível,Combustíveis E Lubrificantes.,0,Sem indício cadastral crítico,FOUND,ATIVA,181,468,143828.10,42192.750821,64034.19773844777,1.5872,Comportamento esperado
338,204394,Gervásio Maia,PSB,PB,Publicidade,Divulgação Da Atividade Parlamentar.,0,Sem indício cadastral crítico,FOUND,ATIVA,18,63,38010.00,324815.111538,407718.48875224456,-0.7034,Comportamento esperado
689,161440,Pezenti,MDB,SC,Viagens,Passagem Aérea - Sigepa,,,,,0,201,161343.89,213397.721034,170101.01243018164,-0.306,Comportamento esperado
39,204400,Aline Sleutjes,PROS,PR,Publicidade,Divulgação Da Atividade Parlamentar.,0,Sem indício cadastral crítico,FOUND,ATIVA,13,37,71102.24,263664.052022,329972.5348930845,-0.5836,Comportamento esperado
668,128760,Paulo Marinho Jr,PL,MA,Serviços profissionais,"Consultorias, Pesquisas E Trabalhos Técnicos.",0,Sem indício cadastral crítico,FOUND,ATIVA,2,6,92000.00,73247.500000,60193.25778602398,0.3115,Comportamento esperado
144,98148,Cobalchini,MDB,SC,Publicidade,Divulgação Da Atividade Parlamentar.,0,Sem indício cadastral crítico,FOUND,ATIVA,69,261,634685.73,148561.773265,217765.15459275612,2.2323,Possível anomalia financeira
125,220699,Castro Neto,MDB,PI,Outros,Manutenção De Escritório De Apoio À Atividade Parlamentar,0,Documento não consultado por não ser CNPJ,NOT_APPLICABLE,,1,35,90216.00,64892.367419,74159.10998309037,0.3415,Comportamento esperado
745,220546,Rodolfo Nogueira,PL,MS,Publicidade,Divulgação Da Atividade Parlamentar.,0,Sem indício cadastral crítico,FOUND,ATIVA,22,131,862587.32,244824.753226,352025.1744174792,1.7549,Comportamento esperado
115,204361,Carlos Chiodini,MDB,SC,Combustível,Combustíveis E Lubrificantes.,1,Situação cadastral não ativa: BAIXADA,FOUND,BAIXADA,5,12,3058.20,63943.250339,85631.6159933909,-0.711,Fornecedor com CNPJ suspeito
569,220572,Marussa Boldrin,REPUBLICANOS,GO,Publicidade,Divulgação Da Atividade Parlamentar.,0,Sem indício cadastral crítico,FOUND,ATIVA,5,60,928232.40,294423.402917,352090.0693215526,1.8001,Comportamento esperado
420,204386,Jose Mario Schreiner,MDB,GO,Outros,Manutenção De Escritório De Apoio À Atividade Parlamentar,0,Sem indício cadastral crítico,FOUND,ATIVA,6,56,15679.85,100447.486545,162486.21407041358,-0.5217,Comportamento esperado
139,178939,Clarissa Garotinho,UNIÃO,RJ,Outros,"Serviço De Táxi, Pedágio E Estacionamento",0,Sem indício cadastral crítico,FOUND,ATIVA,2,8,382.30,8455.730411,14321.838989715481,-0.5637,Comportamento esperado
834,178934,Toninho Wandscheer,PP,PR,Viagens,Passagem Aérea - Rpa,0,Sem indício cadastral crítico,FOUND,ATIVA,1,32,13959.41,26722.504474,58025.433845182,-0.22,Comportamento esperado
702,220580,Professora Goreth,PDT,AP,Hotéis,"Hospedagem ,exceto Do Parlamentar No Distrito Federal.",0,Sem indício cadastral crítico,FOUND,ATIVA,1,1,1764.00,5136.092500,6592.979949253359,-0.5115,Comportamento esperado
677,220667,Pedro Campos,PSB,PE,Publicidade,Divulgação Da Atividade Parlamentar.,0,Sem indício cadastral crítico,FOUND,ATIVA,45,123,332076.38,241972.708182,301628.5621101344,0.2987,Comportamento esperado
847,204396,Vermelho,PL,PR,Outros,"Passagens Terrestres, Marítimas Ou Fluviais",0,Sem indício cadastral crítico,FOUND,ATIVA,4,5,1463.66,1895.154815,2124.8795888027494,-0.2031,Comportamento esperado
123,220704,Carol Dartora,PT,PR,Publicidade,Divulgação Da Atividade Parlamentar.,1,Situação cadastral não ativa: BAIXADA,FOUND,BAIXADA,2,7,9000.00,263664.052022,329972.5348930845,-0.7718,Fornecedor com CNPJ suspeito
192,220673,Delegado Caveira,PL,PA,Viagens,Passagem Aérea - Reembolso,0,Sem indício cadastral crítico,FOUND,ATIVA,1,2,6330.08,8897.662500,8393.75284614814,-0.3059,Comportamento esperado
724,73801,Renildo Calheiros,PCDOB,PE,Publicidade,Divulgação Da Atividade Parlamentar.,0,Sem indício cadastral crítico,FOUND,ATIVA,2,42,224752.94,241972.708182,301628.5621101344,-0.0571,Comportamento esperado
817,230177,Tadeu Oliveira,PL,CE,Viagens,Passagem Aérea - Sigepa,,,,,0,26,43994.51,190828.457826,170630.5409255439,-0.8605,Comportamento esperado
538,76874,Marcelo Freixo,PSB,RJ,Viagens,Passagem Aérea - Reembolso,0,Sem indício cadastral crítico,FOUND,ATIVA,1,1,1649.96,9840.865893,10669.362639943789,-0.7677,Comportamento esperado
247,141417,Edio Lopes,PL,RR,Combustível,Combustíveis E Lubrificantes.,0,Sem indício cadastral crítico,FOUND,ATIVA,1,2,11733.00,70971.916364,102686.34049821323,-0.5769,Comportamento esperado
369,178964,Heitor Schuch,PSB,RS,Publicidade,Divulgação Da Atividade Parlamentar.,0,Sem indício cadastral crítico,FOUND,ATIVA,20,58,90569.09,215724.063125,265101.600265673,-0.4721,Comportamento esperado
608,204453,Natália Bonavides,PT,RN,Outros,Manutenção De Escritório De Apoio À Atividade Parlamentar,0,Sem indício cadastral crítico,FOUND,ATIVA,18,489,538977.35,114159.151154,175330.5134804051,2.423,Possível anomalia financeira
790,178933,Sergio Souza,MDB,PR,Publicidade,Divulgação Da Atividade Parlamentar.,0,Sem indício cadastral crítico,FOUND,ATIVA,36,135,384476.68,263664.052022,329972.5348930845,0.3661,Comportamento esperado
314,204494,Fred Costa,PATRIOTA,MG,Viagens,Passagem Aérea - Sigepa,,,,,0,117,140072.59,195216.599630,167832.49260588933,-0.3286,Comportamento esperado
51,220676,Andreia Siqueira,PSB,PA,Publicidade,Divulgação Da Atividade Parlamentar.,1,Situação cadastral não ativa: BAIXADA,FOUND,BAIXADA,1,1,500.00,319971.475333,323849.5425991789,-0.9865,Fornecedor com CNPJ suspeito
902,,,,NA,Alimentação,Fornecimento De Alimentação Do Parlamentar,0,Sem indício cadastral crítico,FOUND,ATIVA,11,29,81529.98,76824.316875,122514.48277202321,0.0384,Comportamento esperado
668,128760,Paulo Marinho Jr,PL,MA,Combustível,Combustíveis E Lubrificantes.,0,Sem indício cadastral crítico,FOUND,ATIVA,6,20,15372.18,34895.172615,52384.05405357016,-0.3727,Comportamento esperado
205,220553,Denise Pessôa,PT,RS,Alimentação,Fornecimento De Alimentação Do Parlamentar,0,Sem indício cadastral crítico,FOUND,ATIVA,79,222,8898.54,7368.085075,13657.337051272762,0.1121,Comportamento esperado
790,178933,Sergio Souza,MDB,PR,Outros,"Serviço De Táxi, Pedágio E Estacionamento",0,Sem indício cadastral crítico,FOUND,ATIVA,8,493,20272.98,5713.999474,13397.131596894355,1.0867,Comportamento esperado
703,221338,Professora Luciene Cavalcante,PSOL,SP,Publicidade,Divulgação Da Atividade Parlamentar.,0,Sem indício cadastral crítico,FOUND,ATIVA,8,139,546059.30,243741.226243,313657.1515008437,0.9638,Comportamento esperado
344,204365,Gilson Marques,NOVO,SC,Outros,"Serviço De Táxi, Pedágio E Estacionamento",0,Sem indício cadastral crítico,FOUND,ATIVA,2,262,8663.72,2658.067742,3431.982973130558,1.7499,Comportamento esperado
138,204440,Christino Aureo,PP,RJ,Outros,Manutenção De Escritório De Apoio À Atividade Parlamentar,0,Documento não consultado por não ser CNPJ,NOT_APPLICABLE,,1,19,60564.96,80988.593819,134414.71100556676,-0.1519,Comportamento esperado
75,160512,Aureo Ribeiro,SOLIDARIEDADE,RJ,Viagens,Passagem Aérea - Rpa,0,Sem indício cadastral crítico,FOUND,ATIVA,3,34,39597.88,24365.871064,36425.48190750471,0.4182,Comportamento esperado
69,141391,Arnaldo Jardim,CIDADANIA,SP,Outros,Serviços Postais,0,Sem indício cadastral crítico,FOUND,ATIVA,5,29,1166.45,1015.584878,1403.5425598127083,0.1075,Comportamento esperado
711,204567,Raimundo Costa,PODE,BA,Locomoção,Locação Ou Fretamento De Veículos Automotores,0,Sem indício cadastral crítico,FOUND,ATIVA,1,26,156000.00,292409.611930,213979.496522466,-0.6375,Comportamento esperado
879,220558,Zé Trovão,PL,SC,Publicidade,Divulgação Da Atividade Parlamentar.,0,Sem indício cadastral crítico,FOUND,ATIVA,10,67,405054.00,148561.773265,217765.15459275612,1.1778,Comportamento esperado
32,204503,Alexandre Padilha,PT,SP,Outros,Manutenção De Escritório De Apoio À Atividade Parlamentar,0,Documento não consultado por não ser CNPJ,NOT_APPLICABLE,,1,11,12534.04,98538.487659,143509.98800071477,-0.5993,Comportamento esperado
858,91228,Waldemar Oliveira,AVANTE,PE,Hotéis,"Hospedagem ,exceto Do Parlamentar No Distrito Federal.",0,Sem indício cadastral crítico,FOUND,ATIVA,7,8,11106.87,17089.374528,23447.97906027458,-0.2551,Comportamento esperado
300,204445,Fernando Mineiro,PT,RN,Publicidade,Divulgação Da Atividade Parlamentar.,1,Situação cadastral não ativa: BAIXADA,FOUND,BAIXADA,4,26,125882.29,246483.533462,299233.5953313259,-0.403,Fornecedor com CNPJ suspeito
176,204409,Daniel Trzeciak,PSDB,RS,Publicidade,Assinatura De Publicações,0,Sem indício cadastral crítico,FOUND,ATIVA,3,44,4159.50,4387.790000,5356.19612339018,-0.0426,Comportamento esperado
18,73579,Alberto Fraga,PL,DF,Comunicação,Telefonia,0,Sem indício cadastral crítico,FOUND,ATIVA,1,5,4076.98,1663.937500,1669.7312686452474,1.4452,Comportamento esperado
468,160534,Lauriete,PSC,ES,Combustível,Combustíveis E Lubrificantes.,0,Sem indício cadastral crítico,FOUND,ATIVA,22,52,57357.79,49148.417879,67749.62213949014,0.1212,Comportamento esperado
271,225730,Enfermeira Ana Paula,PODE,CE,Viagens,Passagem Aérea - Sigepa,,,,,0,50,65186.82,190828.457826,170630.5409255439,-0.7363,Comportamento esperado
672,216544,Paulo Vicente Caleffi,PSD,RS,Outros,Manutenção De Escritório De Apoio À Atividade Parlamentar,0,Sem indício cadastral crítico,FOUND,ATIVA,1,1,1899.00,109428.142500,149558.61424927576,-0.719,Comportamento esperado
613,220622,Nely Aquino,PODE,MG,Hotéis,"Hospedagem ,exceto Do Parlamentar No Distrito Federal.",0,Sem indício cadastral crítico,FOUND,ATIVA,12,29,7215.97,17018.453084,26330.369533202334,-0.3723,Comportamento esperado
21,160559,Alceu Moreira,MDB,RS,Outros,"Serviço De Táxi, Pedágio E Estacionamento",0,Sem indício cadastral crítico,FOUND,ATIVA,3,20,3677.00,10192.084923,16137.89190584743,-0.4037,Comportamento esperado
290,66828,Fausto Pinato,PP,SP,Combustível,Combustíveis E Lubrificantes.,1,Situação cadastral não ativa: BAIXADA,FOUND,BAIXADA,1,1,150.00,42192.750821,64034.19773844777,-0.6566,Fornecedor com CNPJ suspeito
214,143632,Domingos Neto,PSD,CE,Viagens,Passagem Aérea - Reembolso,0,Sem indício cadastral crítico,FOUND,ATIVA,3,6,18295.97,12007.303200,17888.200103405623,0.3516,Comportamento esperado
615,146307,Neri Geller,PP,MT,Locomoção,Locação Ou Fretamento De Veículos Automotores,0,Sem indício cadastral crítico,FOUND,ATIVA,2,26,156432.14,134358.602609,119146.49353274485,0.1853,Comportamento esperado
45,204356,Amaro Neto,REPUBLICANOS,ES,Serviços profissionais,"Consultorias, Pesquisas E Trabalhos Técnicos.",0,Sem indício cadastral crítico,FOUND,ATIVA,1,6,126000.00,58062.500000,47700.19279685506,1.4243,Comportamento esperado
539,220634,Marcelo Lima,PSB,SP,Viagens,Passagem Aérea - Reembolso,0,Sem indício cadastral crítico,FOUND,ATIVA,2,2,3618.72,9758.571000,11443.414965885137,-0.5365,Comportamento esperado
439,141459,João Maia,PL,RN,Combustível,Combustíveis E Lubrificantes.,1,Situação cadastral não ativa: BAIXADA,FOUND,BAIXADA,2,7,2992.51,51927.710333,76131.03428420173,-0.6428,Fornecedor com CNPJ suspeito
886,,,,NA,Publicidade,Assinatura De Publicações,0,Sem indício cadastral crítico,FOUND,ATIVA,2,3,2727.28,47331.640000,63080.09085297199,-0.7071,Comportamento esperado
469,178832,Leandre,PSD,PR,Combustível,Combustíveis E Lubrificantes.,0,Sem indício cadastral crítico,FOUND,ATIVA,117,264,64923.61,57944.345500,82353.4495793919,0.0847,Comportamento esperado
458,204497,Júnior Ferrari,PSD,PA,Combustível,Combustíveis E Lubrificantes.,0,Sem indício cadastral crítico,FOUND,ATIVA,89,527,145939.67,39488.928400,62234.56368268833,1.7105,Comportamento esperado
533,156190,Marcel Van Hattem,NOVO,RS,Viagens,Passagem Aérea - Reembolso,0,Sem indício cadastral crítico,FOUND,ATIVA,4,56,46266.37,7846.026333,10735.105702213965,3.5789,Anomalia financeira extrema
442,204474,Juarez Costa,REPUBLICANOS,MT,Alimentação,Fornecimento De Alimentação Do Parlamentar,0,Sem indício cadastral crítico,FOUND,ATIVA,9,18,1657.09,2273.261250,4466.178507118996,-0.138,Comportamento esperado
200,220619,Delegado Ramagem,PL,RJ,Combustível,Combustíveis E Lubrificantes.,1,Situação cadastral não ativa: BAIXADA,FOUND,BAIXADA,2,20,4595.25,44023.319398,62812.667137756165,-0.6277,Fornecedor com CNPJ suspeito
121,141398,Carlos Zarattini,PT,SP,Hotéis,"Hospedagem ,exceto Do Parlamentar No Distrito Federal.",0,Sem indício cadastral crítico,FOUND,ATIVA,17,41,17717.53,10014.789189,11435.329101648113,0.6736,Comportamento esperado
661,160517,Paulo Folletto,PSB,ES,Viagens,Passagem Aérea - Rpa,0,Sem indício cadastral crítico,FOUND,ATIVA,1,71,63102.80,13452.752000,24537.48964332959,2.0234,Possível anomalia financeira
482,204405,Liziane Bayer,REPUBLICANOS,RS,Outros,Manutenção De Escritório De Apoio À Atividade Parlamentar,0,Sem indício cadastral crítico,FOUND,ATIVA,4,37,105042.05,109428.142500,149558.61424927576,-0.0293,Comportamento esperado
100,220574,Cabo Gilberto Silva,PL,PB,Publicidade,Divulgação Da Atividade Parlamentar.,0,Sem indício cadastral crítico,FOUND,ATIVA,9,137,1219500.00,324815.111538,407718.48875224456,2.1944,Possível anomalia financeira
45,204356,Amaro Neto,PP,ES,Outros,Manutenção De Escritório De Apoio À Atividade Parlamentar,0,Sem indício cadastral crítico,FOUND,ATIVA,7,161,118479.88,101936.796563,164857.25422120074,0.1003,Comportamento esperado
251,92346,Eduardo Bolsonaro,PL,SP,Alimentação,Fornecimento De Alimentação Do Parlamentar,1,Situação cadastral não ativa: BAIXADA,FOUND,BAIXADA,1,7,424.70,3366.001170,5609.697337170304,-0.5243,Fornecedor com CNPJ suspeito
607,178858,Mário Negromonte Jr.,PSB,BA,Locomoção,Locação Ou Fretamento De Veículos Automotores,0,Sem indício cadastral crítico,FOUND,ATIVA,5,34,419897.68,292409.611930,213979.496522466,0.5958,Comportamento esperado
43,204545,Alê Silva,REPUBLICANOS,MG,Comunicação,Telefonia,0,Sem indício cadastral crítico,FOUND,ATIVA,1,8,1064.53,15607.667083,19082.29985422686,-0.7621,Comportamento esperado
721,178989,Renata Abreu,PODE,SP,Comunicação,Telefonia,0,Sem indício cadastral crítico,FOUND,ATIVA,2,47,46536.38,19889.940211,25751.500071775903,1.0348,Comportamento esperado
43,204545,Alê Silva,REPUBLICANOS,MG,Publicidade,Divulgação Da Atividade Parlamentar.,1,Situação cadastral não ativa: BAIXADA,FOUND,BAIXADA,2,4,8678.50,194891.353020,276881.75990132586,-0.6725,Fornecedor com CNPJ suspeito
396,73531,Ivan Valente,PSOL,SP,Outros,"Passagens Terrestres, Marítimas Ou Fluviais",0,Sem indício cadastral crítico,FOUND,ATIVA,5,30,2279.24,996.486667,1138.3419633085512,1.1269,Comportamento esperado
272,230765,Enfermeira Rejane,PCDOB,RJ,Viagens,Passagem Aérea - Sigepa,,,,,0,20,28488.18,213577.740357,175550.75566941444,-1.0543,Comportamento esperado
684,229259,Pedro Tourinho,PT,SP,Alimentação,Fornecimento De Alimentação Do Parlamentar,0,Sem indício cadastral crítico,FOUND,ATIVA,20,22,1590.85,3366.001170,5609.697337170304,-0.3164,Comportamento esperado
581,220607,Max Lemos,PDT,RJ,Outros,Manutenção De Escritório De Apoio À Atividade Parlamentar,0,Sem indício cadastral crítico,FOUND,ATIVA,2,36,213445.93,80988.593819,134414.71100556676,0.9854,Comportamento esperado
306,225727,Flavinha,MDB,MT,Outros,Manutenção De Escritório De Apoio À Atividade Parlamentar,0,Sem indício cadastral crítico,FOUND,ATIVA,1,4,3452.80,55063.669706,75019.05976556618,-0.688,Comportamento esperado
371,220537,Helena Lima,PSD,RR,Locomoção,Locação Ou Fretamento De Veículos Automotores,0,Sem indício cadastral crítico,FOUND,ATIVA,2,39,112099.05,156360.151875,107532.52503854835,-0.4116,Comportamento esperado
672,216544,Paulo Vicente Caleffi,PSD,RS,Hotéis,"Hospedagem ,exceto Do Parlamentar No Distrito Federal.",0,Sem indício cadastral crítico,FOUND,ATIVA,4,4,901.66,21826.986437,35658.661568585754,-0.5868,Comportamento esperado
62,160553,Antonio Brito,PSD,BA,Combustível,Combustíveis E Lubrificantes.,1,Situação cadastral não ativa: SUSPENSA,FOUND,SUSPENSA,2,2,250.00,76280.976842,110667.4963849575,-0.687,Fornecedor com CNPJ suspeito
389,204564,Igor Kannário,UNIÃO,BA,Outros,Manutenção De Escritório De Apoio À Atividade Parlamentar,0,Documento não consultado por não ser CNPJ,NOT_APPLICABLE,,1,10,21500.00,98257.521290,134321.8726415135,-0.5714,Comportamento esperado
83,141335,Beto Faro,PT,PA,Publicidade,Divulgação Da Atividade Parlamentar.,0,Sem indício cadastral crítico,FOUND,ATIVA,2,14,282927.40,319971.475333,323849.5425991789,-0.1144,Comportamento esperado
156,135054,Cristiano Vale,PP,PA,Combustível,Combustíveis E Lubrificantes.,0,Sem indício cadastral crítico,FOUND,ATIVA,1,7,42000.00,39488.928400,62234.56368268833,0.0403,Comportamento esperado
495,74478,Luciano Bivar,MDB,PE,Combustível,Combustíveis E Lubrificantes.,0,Sem indício cadastral crítico,FOUND,ATIVA,38,134,32232.78,53506.291935,82942.380015203,-0.2565,Comportamento esperado
9,121948,Adriano Do Baldy,PP,GO,Outros,"Serviço De Táxi, Pedágio E Estacionamento",0,Sem indício cadastral crítico,FOUND,ATIVA,6,463,15118.81,4054.328571,5832.390128543895,1.8971,Comportamento esperado
47,220596,Amália Barros,PL,MT,Combustível,Combustíveis E Lubrificantes.,0,Sem indício cadastral crítico,FOUND,ATIVA,91,244,48984.99,34330.305532,57340.29977264771,0.2556,Comportamento esperado
814,204534,Tabata Amaral,PSB,SP,Viagens,Passagem Aérea - Sigepa,,,,,0,330,335299.22,185430.171967,136227.76556134285,1.1001,Comportamento esperado
257,74075,Elcione Barbalho,MDB,PA,Viagens,Passagem Aérea - Rpa,0,Sem indício cadastral crítico,FOUND,ATIVA,2,86,101945.61,40638.794706,54559.71826891466,1.1237,Comportamento esperado
259,204364,Eli Borges,REPUBLICANOS,TO,Outros,Manutenção De Escritório De Apoio À Atividade Parlamentar,0,Sem indício cadastral crítico,FOUND,ATIVA,10,179,170401.17,60332.404118,100110.53801139936,1.0995,Comportamento esperado
527,166402,Magda Mofatto,PL,GO,Outros,"Serviço De Táxi, Pedágio E Estacionamento",0,Sem indício cadastral crítico,FOUND,ATIVA,4,25,18359.30,4054.328571,5832.390128543895,2.4527,Possível anomalia financeira
98,210989,Bruno Farias,REPUBLICANOS,MG,Locomoção,Locação Ou Fretamento De Veículos Automotores,0,Sem indício cadastral crítico,FOUND,ATIVA,4,114,494683.18,199358.988889,190617.58878325575,1.5493,Comportamento esperado
445,220640,Juliana Cardoso,PT,SP,Locomoção,Locação Ou Fretamento De Veículos Automotores,0,Sem indício cadastral crítico,FOUND,ATIVA,9,76,240457.69,147254.510948,139673.23431152088,0.6673,Comportamento esperado
523,204359,Léo Moraes,PODE,RO,Outros,Manutenção De Escritório De Apoio À Atividade Parlamentar,0,Sem indício cadastral crítico,FOUND,ATIVA,2,3,408.30,40149.183103,63678.43736701476,-0.6241,Comportamento esperado
461,220677,Keniston Braga,MDB,PA,Publicidade,Divulgação Da Atividade Parlamentar.,1,Situação cadastral não ativa: BAIXADA,FOUND,BAIXADA,4,41,555504.96,319971.475333,323849.5425991789,0.7273,Fornecedor com CNPJ suspeito
226,204518,Dr. Frederico,PATRIOTA,MG,Comunicação,Telefonia,0,Sem indício cadastral crítico,FOUND,ATIVA,3,24,6400.63,15607.667083,19082.29985422686,-0.4825,Comportamento esperado
823,204466,Tereza Nelma,PSD,AL,Viagens,Passagem Aérea - Sigepa,,,,,0,91,112944.85,198077.580000,173709.55138656954,-0.4901,Comportamento esperado
794,178961,Shéridan,PSDB,RR,Serviços profissionais,"Consultorias, Pesquisas E Trabalhos Técnicos.",0,Sem indício cadastral crítico,FOUND,ATIVA,1,11,250000.00,120130.560000,87266.22616779071,1.4882,Comportamento esperado
214,143632,Domingos Neto,PSD,CE,Outros,Manutenção De Escritório De Apoio À Atividade Parlamentar,0,Sem indício cadastral crítico,FOUND,ATIVA,5,87,137321.16,68348.775082,105244.60317209057,0.6554,Comportamento esperado
842,74376,Vander Loubet,PT,MS,Outros,Manutenção De Escritório De Apoio À Atividade Parlamentar,0,Documento não consultado por não ser CNPJ,NOT_APPLICABLE,,1,45,131886.00,74966.746667,80602.5088063342,0.7062,Comportamento esperado
281,178871,Evair Vieira De Melo,PP,ES,Combustível,Combustíveis E Lubrificantes.,0,Sem indício cadastral crítico,FOUND,ATIVA,11,48,62699.16,49148.417879,67749.62213949014,0.2,Comportamento esperado
158,206018,Célia Xakriabá,PSOL,MG,Outros,"Serviço De Táxi, Pedágio E Estacionamento",1,Situação cadastral não ativa: BAIXADA,FOUND,BAIXADA,1,176,2740.41,5572.245385,10370.293242628488,-0.2731,Fornecedor com CNPJ suspeito
513,220658,Luiz Gastão,PSD,CE,Alimentação,Fornecimento De Alimentação Do Parlamentar,0,Sem indício cadastral crítico,FOUND,ATIVA,1,1,86.54,4778.337742,9185.089924635726,-0.5108,Comportamento esperado
512,229432,Luiz Fernando Vampiro,MDB,SC,Outros,"Serviço De Táxi, Pedágio E Estacionamento",0,Sem indício cadastral crítico,FOUND,ATIVA,9,118,7179.83,2658.067742,3431.982973130558,1.3175,Comportamento esperado
709,220532,Rafael Prudente,MDB,DF,Comunicação,Telefonia,0,Sem indício cadastral crítico,FOUND,ATIVA,3,8,1338.12,1663.937500,1669.7312686452474,-0.1951,Comportamento esperado
656,141516,Paulo Abi-ackel,PSDB,MG,Locomoção,Locação Ou Fretamento De Aeronaves,0,Sem indício cadastral crítico,FOUND,ATIVA,2,2,59535.00,59535.000000,,,Comportamento esperado
831,160976,Tiririca,PSD,SP,Hotéis,"Hospedagem ,exceto Do Parlamentar No Distrito Federal.",0,Sem indício cadastral crítico,FOUND,ATIVA,4,6,5182.39,10014.789189,11435.329101648113,-0.4226,Comportamento esperado
116,178962,Carlos Gomes,REPUBLICANOS,RS,Alimentação,Fornecimento De Alimentação Do Parlamentar,1,Situação cadastral não ativa: BAIXADA,FOUND,BAIXADA,1,1,40.80,7368.085075,13657.337051272762,-0.5365,Fornecedor com CNPJ suspeito
37,178927,Aliel Machado,PV,PR,Viagens,Passagem Aérea - Rpa,0,Sem indício cadastral crítico,FOUND,ATIVA,2,6,6261.72,26722.504474,58025.433845182,-0.3526,Comportamento esperado
525,220566,Lêda Borges,REPUBLICANOS,GO,Publicidade,Divulgação Da Atividade Parlamentar.,1,Situação cadastral não ativa: BAIXADA,FOUND,BAIXADA,3,12,70950.00,294423.402917,352090.0693215526,-0.6347,Fornecedor com CNPJ suspeito
340,204575,Gil Cutrim,REPUBLICANOS,MA,Serviços profissionais,"Consultorias, Pesquisas E Trabalhos Técnicos.",0,Sem indício cadastral crítico,FOUND,ATIVA,1,2,44000.00,73247.500000,60193.25778602398,-0.4859,Comportamento esperado
262,204389,Elias Vaz,PSB,GO,Locomoção,Locação Ou Fretamento De Veículos Automotores,0,Sem indício cadastral crítico,FOUND,ATIVA,1,16,45346.00,189142.637500,142661.57624064668,-1.008,Comportamento esperado
506,160645,Luiz Carlos,PSDB,AP,Outros,Manutenção De Escritório De Apoio À Atividade Parlamentar,0,Documento não consultado por não ser CNPJ,NOT_APPLICABLE,,1,10,19666.67,30123.933200,30290.240248736845,-0.3452,Comportamento esperado
670,133968,Paulo Ramos,PDT,RJ,Outros,"Serviço De Táxi, Pedágio E Estacionamento",0,Sem indício cadastral crítico,FOUND,ATIVA,2,49,9404.98,8455.730411,14321.838989715481,0.0663,Comportamento esperado
43,204545,Alê Silva,REPUBLICANOS,MG,Alimentação,Fornecimento De Alimentação Do Parlamentar,1,Situação cadastral não ativa: BAIXADA,FOUND,BAIXADA,1,1,70.00,3421.773553,6721.942950865462,-0.4986,Fornecedor com CNPJ suspeito
115,204361,Carlos Chiodini,MDB,SC,Locomoção,Locação Ou Fretamento De Veículos Automotores,0,Sem indício cadastral crítico,FOUND,ATIVA,1,39,229198.30,154711.621212,151032.92349497412,0.4932,Comportamento esperado
153,178963,Covatti Filho,PP,RS,Viagens,Passagem Aérea - Sigepa,,,,,0,155,210617.11,223297.576531,126627.95953182003,-0.1001,Comportamento esperado
617,74165,Neucimar Fraga,PP,ES,Outros,Manutenção De Escritório De Apoio À Atividade Parlamentar,0,Sem indício cadastral crítico,FOUND,ATIVA,6,50,58668.57,101936.796563,164857.25422120074,-0.2625,Comportamento esperado
864,224333,Welter,PT,PR,Combustível,Combustíveis E Lubrificantes.,0,Sem indício cadastral crítico,FOUND,ATIVA,249,1274,300530.08,57944.345500,82353.4495793919,2.9457,Possível anomalia financeira
388,204533,Idilvan Alencar,PDT,CE,Publicidade,Divulgação Da Atividade Parlamentar.,0,Sem indício cadastral crítico,FOUND,ATIVA,11,35,183371.25,263931.285395,366906.3702021798,-0.2196,Comportamento esperado
20,220538,Albuquerque,REPUBLICANOS,RR,Comunicação,Telefonia,0,Sem indício cadastral crítico,FOUND,ATIVA,2,7,1672.97,7507.576000,8511.707827192691,-0.6855,Comportamento esperado
253,178977,Eduardo Cury,PSDB,SP,Combustível,Combustíveis E Lubrificantes.,0,Sem indício cadastral crítico,FOUND,ATIVA,38,158,46976.84,42192.750821,64034.19773844777,0.0747,Comportamento esperado
319,220681,Fábio Macedo,PODE,MA,Publicidade,Divulgação Da Atividade Parlamentar.,0,Sem indício cadastral crítico,FOUND,ATIVA,3,41,1105547.90,299945.123175,386285.4495039867,2.0855,Possível anomalia financeira
366,204456,Gutemberg Reis,MDB,RJ,Publicidade,Divulgação Da Atividade Parlamentar.,1,Situação cadastral não ativa: BAIXADA,FOUND,BAIXADA,1,14,42000.00,226781.355120,259582.44863584734,-0.7118,Fornecedor com CNPJ suspeito
900,,,,NA,Publicidade,Divulgação Da Atividade Parlamentar.,0,Sem indício cadastral crítico,FOUND,ATIVA,4,33,290000.00,50979.424375,81608.46012151951,2.9289,Possível anomalia financeira
335,220702,Geraldo Mendes,UNIÃO,PR,Outros,Serviço De Segurança Prestado Por Empresa Especializada.,0,Sem indício cadastral crítico,FOUND,ATIVA,2,7,8298.30,39044.515556,83285.32824636553,-0.3692,Comportamento esperado
280,74454,Eunício Oliveira,MDB,CE,Alimentação,Fornecimento De Alimentação Do Parlamentar,0,Sem indício cadastral crítico,FOUND,ATIVA,3,38,1613.94,4778.337742,9185.089924635726,-0.3445,Comportamento esperado
394,204436,Isnaldo Bulhões Jr.,MDB,AL,Alimentação,Fornecimento De Alimentação Do Parlamentar,0,Sem indício cadastral crítico,FOUND,ATIVA,5,7,1091.47,2542.058000,4729.8142873309525,-0.3067,Comportamento esperado
743,220624,Robinson Faria,PP,RN,Combustível,Combustíveis E Lubrificantes.,0,Sem indício cadastral crítico,FOUND,ATIVA,16,183,193165.04,51927.710333,76131.03428420173,1.8552,Comportamento esperado
640,204573,Otto Alencar Filho,PSD,BA,Locomoção,Locação Ou Fretamento De Veículos Automotores,0,Sem indício cadastral crítico,FOUND,ATIVA,4,94,544291.34,292409.611930,213979.496522466,1.1771,Comportamento esperado
229,204481,Dr. Jaziel,PL,CE,Locomoção,Locação Ou Fretamento De Veículos Automotores,0,Sem indício cadastral crítico,FOUND,ATIVA,2,62,407173.00,139651.247778,143531.8586124825,1.8638,Comportamento esperado
590,92172,Milton Coelho,PSB,PE,Outros,Manutenção De Escritório De Apoio À Atividade Parlamentar,0,Sem indício cadastral crítico,FOUND,ATIVA,8,60,82300.65,90785.734524,140277.34198893898,-0.0605,Comportamento esperado
756,204480,Rogério Correia,PT,MG,Locomoção,Locação Ou Fretamento De Veículos Automotores,0,Sem indício cadastral crítico,FOUND,ATIVA,2,56,301712.45,199358.988889,190617.58878325575,0.537,Comportamento esperado
149,220666,Coronel Meira,PL,PE,Outros,Manutenção De Escritório De Apoio À Atividade Parlamentar,1,Erro na consulta pública de CNPJ,ERROR,,1,30,41104.11,90785.734524,140277.34198893898,-0.3542,Fornecedor com CNPJ suspeito
7,204560,Adolfo Viana,PSDB,BA,Combustível,Combustíveis E Lubrificantes.,0,Sem indício cadastral crítico,FOUND,ATIVA,31,145,46171.10,76280.976842,110667.4963849575,-0.2721,Comportamento esperado
713,115200,Raniery Paulino,REPUBLICANOS,PB,Publicidade,Divulgação Da Atividade Parlamentar.,0,Sem indício cadastral crítico,FOUND,ATIVA,4,12,175800.00,324815.111538,407718.48875224456,-0.3655,Comportamento esperado
637,141515,Otavio Leite,PSDB,RJ,Viagens,Passagem Aérea - Sigepa,,,,,0,8,6902.06,213577.740357,175550.75566941444,-1.1773,Comportamento esperado
290,66828,Fausto Pinato,PP,SP,Outros,Manutenção De Escritório De Apoio À Atividade Parlamentar,0,Sem indício cadastral crítico,FOUND,ATIVA,2,12,14617.70,98538.487659,143509.98800071477,-0.5848,Comportamento esperado
296,204477,Felício Laterça,PP,RJ,Outros,Serviço De Segurança Prestado Por Empresa Especializada.,0,Sem indício cadastral crítico,FOUND,ATIVA,1,12,24050.00,20518.758000,20004.550993027562,0.1765,Comportamento esperado
91,141513,Bilac Pinto,UNIÃO,MG,Viagens,Passagem Aérea - Rpa,0,Sem indício cadastral crítico,FOUND,ATIVA,1,1,1906.23,40253.940526,63478.97879162227,-0.6041,Comportamento esperado
632,178987,Orlando Silva,PCDOB,SP,Viagens,Passagem Aérea - Rpa,0,Sem indício cadastral crítico,FOUND,ATIVA,2,7,10982.53,24943.515352,36157.13967829913,-0.3861,Comportamento esperado
699,204446,Professor Joziel,PATRIOTA,RJ,Outros,"Serviço De Táxi, Pedágio E Estacionamento",0,Sem indício cadastral crítico,FOUND,ATIVA,7,11,257.75,8455.730411,14321.838989715481,-0.5724,Comportamento esperado
123,220704,Carol Dartora,PT,PR,Outros,"Serviço De Táxi, Pedágio E Estacionamento",1,Erro na consulta pública de CNPJ,ERROR,,1,8,846.12,5713.999474,13397.131596894355,-0.3634,Fornecedor com CNPJ suspeito
735,220633,Ricardo Salles,NOVO,SP,Viagens,Passagem Aérea - Reembolso,1,Erro na consulta pública de CNPJ,ERROR,,1,6,54346.89,9758.571000,11443.414965885137,3.8964,Anomalia crítica: outlier financeiro com fornecedor suspeito
792,167614,Severino Ninho,PSB,PE,Locomoção,Locação Ou Fretamento De Veículos Automotores,0,Sem indício cadastral crítico,FOUND,ATIVA,1,3,2030.00,220869.240392,185976.71020526288,-1.1767,Comportamento esperado
451,204520,Junio Amaral,PL,MG,Outros,Manutenção De Escritório De Apoio À Atividade Parlamentar,0,Sem indício cadastral crítico,FOUND,ATIVA,20,196,141072.17,123562.947566,162703.54342443834,0.1076,Comportamento esperado
205,220553,Denise Pessôa,PT,RS,Combustível,Combustíveis E Lubrificantes.,0,Sem indício cadastral crítico,FOUND,ATIVA,208,1479,271062.01,60520.148547,97388.05968907535,2.1619,Possível anomalia financeira
158,206018,Célia Xakriabá,PSOL,MG,Viagens,Passagem Aérea - Sigepa,,,,,0,255,365486.10,195216.599630,167832.49260588933,1.0145,Comportamento esperado
314,204494,Fred Costa,PRD,MG,Combustível,Combustíveis E Lubrificantes.,0,Sem indício cadastral crítico,FOUND,ATIVA,280,894,193765.31,65306.104375,92314.0005265802,1.3915,Comportamento esperado
56,204423,André Ferreira,PL,PE,Viagens,Passagem Aérea - Sigepa,,,,,0,287,331771.48,221741.150682,163177.94412569836,0.6743,Comportamento esperado
741,220588,Roberto Duarte,REPUBLICANOS,AC,Outros,Manutenção De Escritório De Apoio À Atividade Parlamentar,0,Documento não consultado por não ser CNPJ,NOT_APPLICABLE,,2,39,188181.65,29735.132000,50394.769544197494,3.1441,Anomalia financeira extrema
711,204567,Raimundo Costa,PSD,BA,Alimentação,Fornecimento De Alimentação Do Parlamentar,0,Sem indício cadastral crítico,FOUND,ATIVA,102,341,32100.68,5334.958511,10548.888785765435,2.5373,Possível anomalia financeira
682,204395,Pedro Lupion,PP,PR,Locomoção,Locação Ou Fretamento De Veículos Automotores,0,Sem indício cadastral crítico,FOUND,ATIVA,1,15,7167.00,113439.957419,130977.93601797776,-0.8114,Comportamento esperado
607,178858,Mário Negromonte Jr.,PP,BA,Viagens,Passagem Aérea - Sigepa,,,,,0,80,80634.65,219376.223091,157819.4558803826,-0.8791,Comportamento esperado
718,205865,Reinhold Stephanes,PL,PR,Outros,Manutenção De Escritório De Apoio À Atividade Parlamentar,0,Sem indício cadastral crítico,FOUND,ATIVA,8,93,86809.29,86193.122500,116860.66498214444,0.0053,Comportamento esperado
584,188097,Merlong Solano,PT,PI,Alimentação,Fornecimento De Alimentação Do Parlamentar,0,Sem indício cadastral crítico,FOUND,ATIVA,34,360,19124.97,3231.855000,6522.778260515771,2.4366,Possível anomalia financeira
275,220663,Eriberto Medeiros,PSB,PE,Publicidade,Divulgação Da Atividade Parlamentar.,0,Sem indício cadastral crítico,FOUND,ATIVA,5,70,681500.00,241972.708182,301628.5621101344,1.4572,Comportamento esperado
442,204474,Juarez Costa,MDB,MT,Outros,Manutenção De Escritório De Apoio À Atividade Parlamentar,0,Documento não consultado por não ser CNPJ,NOT_APPLICABLE,,1,14,46500.00,55063.669706,75019.05976556618,-0.1142,Comportamento esperado
304,220545,Filipe Martins,PL,TO,Combustível,Combustíveis E Lubrificantes.,1,Situação cadastral não ativa: BAIXADA,FOUND,BAIXADA,2,6,1154.17,73777.441071,109277.9364585353,-0.6646,Fornecedor com CNPJ suspeito
78,178975,Baleia Rossi,MDB,SP,Outros,"Passagens Terrestres, Marítimas Ou Fluviais",0,Sem indício cadastral crítico,FOUND,ATIVA,1,5,1970.52,996.486667,1138.3419633085512,0.8557,Comportamento esperado
744,204489,Robério Monteiro,PSB,CE,Publicidade,Divulgação Da Atividade Parlamentar.,0,Sem indício cadastral crítico,FOUND,ATIVA,1,21,550000.00,263931.285395,366906.3702021798,0.7797,Comportamento esperado
346,220531,Gilvan Maximo,REPUBLICANOS,DF,Viagens,Passagem Aérea - Reembolso,0,Sem indício cadastral crítico,FOUND,ATIVA,2,4,9091.09,6465.514000,2287.387207171099,1.1478,Comportamento esperado
708,178951,Rafael Motta,PSB,RN,Viagens,Passagem Aérea - Reembolso,0,Sem indício cadastral crítico,FOUND,ATIVA,1,1,552.10,3706.697143,4352.996359037126,-0.7247,Comportamento esperado
237,230088,Dra. Mayra Pinheiro,PL,CE,Combustível,Combustíveis E Lubrificantes.,0,Sem indício cadastral crítico,FOUND,ATIVA,6,7,1662.06,41977.960833,76764.60304100714,-0.5252,Comportamento esperado
25,178972,Alex Manente,CIDADANIA,SP,Outros,Manutenção De Escritório De Apoio À Atividade Parlamentar,1,Erro na consulta pública de CNPJ,ERROR,,1,7,1191.85,98538.487659,143509.98800071477,-0.6783,Fornecedor com CNPJ suspeito
473,178825,Leo De Brito,PT,AC,Outros,Manutenção De Escritório De Apoio À Atividade Parlamentar,0,Sem indício cadastral crítico,FOUND,ATIVA,2,2,510.68,29735.132000,50394.769544197494,-0.5799,Comportamento esperado
335,220702,Geraldo Mendes,UNIÃO,PR,Combustível,Combustíveis E Lubrificantes.,0,Sem indício cadastral crítico,FOUND,ATIVA,94,222,52496.36,57944.345500,82353.4495793919,-0.0662,Comportamento esperado
826,220597,Thiago Flores,UNIÃO,RO,Publicidade,Divulgação Da Atividade Parlamentar.,0,Sem indício cadastral crítico,FOUND,ATIVA,37,468,627271.09,289552.191071,359934.1329827757,0.9383,Comportamento esperado
215,160758,Domingos Sávio,PL,MG,Hotéis,"Hospedagem ,exceto Do Parlamentar No Distrito Federal.",0,Sem indício cadastral crítico,FOUND,ATIVA,40,96,43844.86,17018.453084,26330.369533202334,1.0188,Comportamento esperado
666,220685,Paulo Litro,UNIÃO,PR,Comunicação,Telefonia,0,Sem indício cadastral crítico,FOUND,ATIVA,5,75,15982.83,10984.091277,13121.60062975809,0.381,Comportamento esperado
652,74160,Patrus Ananias,PT,MG,Publicidade,Divulgação Da Atividade Parlamentar.,1,Situação cadastral não ativa: BAIXADA,FOUND,BAIXADA,5,37,110033.87,194891.353020,276881.75990132586,-0.3065,Fornecedor com CNPJ suspeito
356,198197,Greyce Elias,PL,MG,Viagens,Passagem Aérea - Rpa,0,Sem indício cadastral crítico,FOUND,ATIVA,2,19,37243.46,40253.940526,63478.97879162227,-0.0474,Comportamento esperado
382,178959,Hiran Gonçalves,PP,RR,Locomoção,Locação Ou Fretamento De Veículos Automotores,0,Sem indício cadastral crítico,FOUND,ATIVA,2,10,35560.00,156360.151875,107532.52503854835,-1.1234,Comportamento esperado
116,178962,Carlos Gomes,REPUBLICANOS,RS,Locomoção,Locação Ou Fretamento De Veículos Automotores,0,Sem indício cadastral crítico,FOUND,ATIVA,4,49,63266.73,182736.733051,177547.8783363845,-0.6729,Comportamento esperado
303,204411,Filipe Barros,PL,PR,Locomoção,Locação Ou Fretamento De Veículos Automotores,0,Sem indício cadastral crítico,FOUND,ATIVA,3,22,88523.09,113439.957419,130977.93601797776,-0.1902,Comportamento esperado
706,220586,Rafael Brito,MDB,AL,Hotéis,"Hospedagem ,exceto Do Parlamentar No Distrito Federal.",0,Sem indício cadastral crítico,FOUND,ATIVA,13,38,26755.26,10355.987000,9952.54062426837,1.6477,Comportamento esperado
818,220682,Tadeu Veneri,PT,PR,Locomoção,Locação Ou Fretamento De Veículos Automotores,0,Sem indício cadastral crítico,FOUND,ATIVA,5,85,309343.69,113439.957419,130977.93601797776,1.4957,Comportamento esperado
282,178953,Expedito Netto,PSD,RO,Hotéis,"Hospedagem ,exceto Do Parlamentar No Distrito Federal.",0,Sem indício cadastral crítico,FOUND,ATIVA,13,21,7994.85,15598.613913,18502.405565050612,-0.411,Comportamento esperado
251,92346,Eduardo Bolsonaro,PL,SP,Outros,"Passagens Terrestres, Marítimas Ou Fluviais",0,Sem indício cadastral crítico,FOUND,ATIVA,1,1,499.16,996.486667,1138.3419633085512,-0.4369,Comportamento esperado
814,204534,Tabata Amaral,PSB,SP,Serviços profissionais,"Consultorias, Pesquisas E Trabalhos Técnicos.",0,Sem indício cadastral crítico,FOUND,ATIVA,6,26,148887.18,42478.291429,47664.49520078613,2.2325,Possível anomalia financeira
630,204498,Olival Marques,MDB,PA,Publicidade,Divulgação Da Atividade Parlamentar.,1,Situação cadastral não ativa: INAPTA,FOUND,INAPTA,1,7,74400.00,319971.475333,323849.5425991789,-0.7583,Fornecedor com CNPJ suspeito
622,209787,Nikolas Ferreira,PL,MG,Outros,"Serviço De Táxi, Pedágio E Estacionamento",0,Sem indício cadastral crítico,FOUND,ATIVA,7,44,1374.96,5572.245385,10370.293242628488,-0.4047,Comportamento esperado
1,220593,Abilio Brunini,PL,MT,Alimentação,Fornecimento De Alimentação Do Parlamentar,0,Sem indício cadastral crítico,FOUND,ATIVA,4,5,423.56,2273.261250,4466.178507118996,-0.4142,Comportamento esperado
383,141450,Hugo Leal,PSD,RJ,Outros,Manutenção De Escritório De Apoio À Atividade Parlamentar,1,Situação cadastral não ativa: BAIXADA,FOUND,BAIXADA,2,7,4864.20,80988.593819,134414.71100556676,-0.5663,Fornecedor com CNPJ suspeito
479,74299,Leônidas Cristino,PDT,CE,Viagens,Passagem Aérea - Reembolso,0,Sem indício cadastral crítico,FOUND,ATIVA,1,1,2822.85,12007.303200,17888.200103405623,-0.5134,Comportamento esperado
625,227660,Nitinho,PSD,SE,Locomoção,Locação Ou Fretamento De Veículos Automotores,0,Sem indício cadastral crítico,FOUND,ATIVA,4,38,196307.33,212589.297222,162975.5333971958,-0.0999,Comportamento esperado
612,204449,Nelson Barbudo,PODE,MT,Outros,"Serviço De Táxi, Pedágio E Estacionamento",0,Sem indício cadastral crítico,FOUND,ATIVA,1,7,120.92,3540.579286,11648.42981256765,-0.2936,Comportamento esperado
593,229225,Missionária Michele Collins,PP,PE,Combustível,Combustíveis E Lubrificantes.,1,Situação cadastral não ativa: BAIXADA,FOUND,BAIXADA,1,1,200.00,53506.291935,82942.380015203,-0.6427,Fornecedor com CNPJ suspeito
579,220609,Maurício Carvalho,UNIÃO,RO,Publicidade,Divulgação Da Atividade Parlamentar.,0,Sem indício cadastral crítico,FOUND,ATIVA,5,51,641636.00,289552.191071,359934.1329827757,0.9782,Comportamento esperado
177,204459,Daniela Do Waguinho,UNIÃO,RJ,Viagens,Passagem Aérea - Sigepa,,,,,0,42,60321.82,213577.740357,175550.75566941444,-0.873,Comportamento esperado
27,105534,Alexandre Figueiredo,PSD,SE,Viagens,Passagem Aérea - Sigepa,,,,,0,14,18895.59,155702.681579,99733.68864426478,-1.3717,Comportamento esperado
624,178986,Nilto Tatto,PT,SP,Hotéis,"Hospedagem ,exceto Do Parlamentar No Distrito Federal.",1,Situação cadastral não ativa: BAIXADA,FOUND,BAIXADA,5,7,1904.47,10014.789189,11435.329101648113,-0.7092,Fornecedor com CNPJ suspeito
679,217330,Pedro Dalua,PSC,AP,Publicidade,Divulgação Da Atividade Parlamentar.,1,Situação cadastral não ativa: BAIXADA,FOUND,BAIXADA,1,1,2900.00,282209.245429,388109.6753004129,-0.7197,Fornecedor com CNPJ suspeito
39,204400,Aline Sleutjes,PROS,PR,Combustível,Combustíveis E Lubrificantes.,1,Situação cadastral não ativa: BAIXADA,FOUND,BAIXADA,2,2,850.28,57944.345500,82353.4495793919,-0.6933,Fornecedor com CNPJ suspeito
415,235800,Jorge Araújo,PP,BA,Combustível,Combustíveis E Lubrificantes.,0,Sem indício cadastral crítico,FOUND,ATIVA,6,6,2121.56,76280.976842,110667.4963849575,-0.6701,Comportamento esperado
377,178981,Herculano Passos,REPUBLICANOS,SP,Combustível,Combustíveis E Lubrificantes.,1,Situação cadastral não ativa: INAPTA,FOUND,INAPTA,1,4,732.94,42192.750821,64034.19773844777,-0.6475,Fornecedor com CNPJ suspeito
296,204477,Felício Laterça,PP,RJ,Combustível,Combustíveis E Lubrificantes.,0,Sem indício cadastral crítico,FOUND,ATIVA,65,123,40804.54,44023.319398,62812.667137756165,-0.0512,Comportamento esperado
359,204531,Guilherme Derrite,PL,SP,Combustível,Combustíveis E Lubrificantes.,0,Sem indício cadastral crítico,FOUND,ATIVA,94,241,45182.72,42192.750821,64034.19773844777,0.0467,Comportamento esperado
809,177282,Subtenente Gonzaga,PSD,MG,Outros,"Serviço De Táxi, Pedágio E Estacionamento",0,Sem indício cadastral crítico,FOUND,ATIVA,21,470,13308.27,5572.245385,10370.293242628488,0.746,Comportamento esperado
586,220530,Messias Donato,UNIÃO,ES,Viagens,Passagem Aérea - Sigepa,,,,,0,137,161779.31,159760.155882,99464.81207952778,0.0203,Comportamento esperado
82,109429,Benes Leocádio,UNIÃO,RN,Viagens,Passagem Aérea - Sigepa,,,,,0,244,308654.42,162797.373750,139730.51949096413,1.0438,Comportamento esperado
525,220566,Lêda Borges,REPUBLICANOS,GO,Combustível,Combustíveis E Lubrificantes.,0,Sem indício cadastral crítico,FOUND,ATIVA,178,464,108984.02,65044.277593,95738.05404592726,0.459,Comportamento esperado
751,220641,Rodrigo Gambale,PODE,SP,Hotéis,"Hospedagem ,exceto Do Parlamentar No Distrito Federal.",0,Sem indício cadastral crítico,FOUND,ATIVA,4,4,1461.20,10014.789189,11435.329101648113,-0.748,Comportamento esperado
467,74856,Laura Carneiro,PSD,RJ,Outros,"Serviço De Táxi, Pedágio E Estacionamento",0,Sem indício cadastral crítico,FOUND,ATIVA,1,34,11771.00,8455.730411,14321.838989715481,0.2315,Comportamento esperado
467,74856,Laura Carneiro,PSD,RJ,Locomoção,Locação Ou Fretamento De Veículos Automotores,0,Sem indício cadastral crítico,FOUND,ATIVA,2,72,480960.00,162239.394390,163272.60476613723,1.9521,Comportamento esperado
345,220526,Gilvan Da Federal,PL,ES,Outros,Manutenção De Escritório De Apoio À Atividade Parlamentar,0,Sem indício cadastral crítico,FOUND,ATIVA,12,86,98138.50,101936.796563,164857.25422120074,-0.023,Comportamento esperado
695,89536,Prof. Paulo Fernando,REPUBLICANOS,DF,Publicidade,Divulgação Da Atividade Parlamentar.,0,Sem indício cadastral crítico,FOUND,ATIVA,13,27,171436.51,274983.723704,375023.4293293225,-0.2761,Comportamento esperado
333,204527,Geninho Zuliani,UNIÃO,SP,Outros,"Serviço De Táxi, Pedágio E Estacionamento",0,Sem indício cadastral crítico,FOUND,ATIVA,5,101,9777.65,11967.060840,16796.655097373645,-0.1303,Comportamento esperado
854,160591,Vinicius Gurgel,PL,AP,Publicidade,Divulgação Da Atividade Parlamentar.,0,Sem indício cadastral crítico,FOUND,ATIVA,6,66,1114500.00,282209.245429,388109.6753004129,2.1445,Possível anomalia financeira
93,160538,Bohn Gass,PT,RS,Hotéis,"Hospedagem ,exceto Do Parlamentar No Distrito Federal.",1,Situação cadastral não ativa: BAIXADA,FOUND,BAIXADA,3,7,940.00,21826.986437,35658.661568585754,-0.5857,Fornecedor com CNPJ suspeito
310,191923,Flávio Nogueira,PT,PI,Alimentação,Fornecimento De Alimentação Do Parlamentar,0,Sem indício cadastral crítico,FOUND,ATIVA,6,22,1344.13,3231.855000,6522.778260515771,-0.2894,Comportamento esperado
856,178992,Vitor Lippi,PSDB,SP,Publicidade,Divulgação Da Atividade Parlamentar.,0,Sem indício cadastral crítico,FOUND,ATIVA,16,45,57569.14,243741.226243,313657.1515008437,-0.5936,Comportamento esperado
239,204434,Dra. Vanda Milani,PROS,AC,Publicidade,Divulgação Da Atividade Parlamentar.,0,Sem indício cadastral crítico,FOUND,ATIVA,11,22,157400.00,295132.464706,394989.3569390969,-0.3487,Comportamento esperado
442,204474,Juarez Costa,REPUBLICANOS,MT,Publicidade,Divulgação Da Atividade Parlamentar.,0,Sem indício cadastral crítico,FOUND,ATIVA,7,44,559669.40,167205.955714,207800.9242977291,1.8887,Comportamento esperado
296,204477,Felício Laterça,PP,RJ,Viagens,Passagem Aérea - Rpa,0,Sem indício cadastral crítico,FOUND,ATIVA,1,27,13996.98,24365.871064,36425.48190750471,-0.2847,Comportamento esperado
472,231911,Lenir De Assis,PT,PR,Outros,"Serviço De Táxi, Pedágio E Estacionamento",0,Documento não consultado por não ser CNPJ,NOT_APPLICABLE,,4,5,398.00,5713.999474,13397.131596894355,-0.3968,Comportamento esperado
296,204477,Felício Laterça,PP,RJ,Hotéis,"Hospedagem ,exceto Do Parlamentar No Distrito Federal.",0,Sem indício cadastral crítico,FOUND,ATIVA,13,26,10760.31,13016.628636,21468.959145470457,-0.1051,Comportamento esperado
269,198783,Emanuel Pinheiro Neto,MDB,MT,Viagens,Passagem Aérea - Sigepa,,,,,0,32,38468.43,116334.207895,92091.32039496631,-0.8455,Comportamento esperado
519,178866,Luizianne Lins,PT,CE,Outros,Manutenção De Escritório De Apoio À Atividade Parlamentar,1,Situação cadastral não ativa: BAIXADA,FOUND,BAIXADA,1,3,1439.30,68348.775082,105244.60317209057,-0.6358,Fornecedor com CNPJ suspeito
164,220555,Daiana Santos,PCDOB,RS,Publicidade,Divulgação Da Atividade Parlamentar.,1,Situação cadastral não ativa: BAIXADA,FOUND,BAIXADA,2,3,50000.00,215724.063125,265101.600265673,-0.6251,Fornecedor com CNPJ suspeito
692,73486,Pompeo De Mattos,PDT,RS,Outros,"Serviço De Táxi, Pedágio E Estacionamento",0,Sem indício cadastral crítico,FOUND,ATIVA,8,51,975.60,10192.084923,16137.89190584743,-0.5711,Comportamento esperado
164,220555,Daiana Santos,PCDOB,RS,Combustível,Combustíveis E Lubrificantes.,0,Sem indício cadastral crítico,FOUND,ATIVA,120,293,61559.40,60520.148547,97388.05968907535,0.0107,Comportamento esperado
868,220564,Yandra Moura,UNIÃO,SE,Combustível,Combustíveis E Lubrificantes.,0,Sem indício cadastral crítico,FOUND,ATIVA,20,82,93775.47,53493.520741,82556.56454059949,0.4879,Comportamento esperado
764,178945,Rosangela Gomes,REPUBLICANOS,RJ,Viagens,Passagem Aérea - Sigepa,,,,,0,64,79256.65,213577.740357,175550.75566941444,-0.7651,Comportamento esperado
458,204497,Júnior Ferrari,PSD,PA,Viagens,Passagem Aérea - Sigepa,,,,,0,262,283733.90,266111.307931,195578.09309190325,0.0901,Comportamento esperado
98,210989,Bruno Farias,REPUBLICANOS,MG,Combustível,Combustíveis E Lubrificantes.,0,Sem indício cadastral crítico,FOUND,ATIVA,238,800,248315.23,65306.104375,92314.0005265802,1.9825,Comportamento esperado
598,179001,Márcio Biolchi,MDB,RS,Hotéis,"Hospedagem ,exceto Do Parlamentar No Distrito Federal.",0,Sem indício cadastral crítico,FOUND,ATIVA,72,201,59811.60,21826.986437,35658.661568585754,1.0652,Comportamento esperado
118,204460,Carlos Jordy,PL,RJ,Comunicação,Telefonia,0,Sem indício cadastral crítico,FOUND,ATIVA,5,48,9424.02,11897.719661,18918.17939394703,-0.1308,Comportamento esperado
630,204498,Olival Marques,MDB,PA,Viagens,Passagem Aérea - Sigepa,,,,,0,74,112295.23,266111.307931,195578.09309190325,-0.7865,Comportamento esperado
298,220656,Fernanda Pessoa,PSD,CE,Outros,"Serviço De Táxi, Pedágio E Estacionamento",0,Sem indício cadastral crítico,FOUND,ATIVA,3,22,11356.56,1553.572000,3462.198937126519,2.8314,Possível anomalia financeira
371,220537,Helena Lima,PSD,RR,Publicidade,Divulgação Da Atividade Parlamentar.,0,Sem indício cadastral crítico,FOUND,ATIVA,22,141,739709.67,302008.159333,364968.0243701814,1.1993,Comportamento esperado
205,220553,Denise Pessôa,PT,RS,Comunicação,Telefonia,0,Sem indício cadastral crítico,FOUND,ATIVA,2,38,14743.92,19321.830435,18898.364290143905,-0.2422,Comportamento esperado
643,74319,Paes Landim,UNIÃO,PI,Locomoção,Locação Ou Fretamento De Veículos Automotores,0,Sem indício cadastral crítico,FOUND,ATIVA,2,2,2293.53,264114.661053,215307.58327079436,-1.216,Comportamento esperado
385,204373,Hélio Costa,PSD,SC,Viagens,Passagem Aérea - Sigepa,,,,,0,66,98501.02,213397.721034,170101.01243018164,-0.6755,Comportamento esperado
461,220677,Keniston Braga,MDB,PA,Alimentação,Fornecimento De Alimentação Do Parlamentar,0,Sem indício cadastral crítico,FOUND,ATIVA,6,10,905.79,3234.680000,6858.9099531514485,-0.3395,Comportamento esperado
29,220542,Alexandre Guimarães,MDB,TO,Viagens,Passagem Aérea - Sigepa,,,,,0,33,53870.09,76378.544118,54414.42672468753,-0.4136,Comportamento esperado
633,204363,Osires Damaso,PSC,TO,Publicidade,Divulgação Da Atividade Parlamentar.,0,Sem indício cadastral crítico,FOUND,ATIVA,9,21,34850.00,260231.601071,329408.0872597135,-0.6842,Comportamento esperado
306,225727,Flavinha,MDB,MT,Outros,Manutenção De Escritório De Apoio À Atividade Parlamentar,0,Documento não consultado por não ser CNPJ,NOT_APPLICABLE,,1,4,15866.67,55063.669706,75019.05976556618,-0.5225,Comportamento esperado
728,220543,Ricardo Ayres,REPUBLICANOS,TO,Combustível,Combustíveis E Lubrificantes.,1,Situação cadastral não ativa: BAIXADA,FOUND,BAIXADA,1,1,157.72,73777.441071,109277.9364585353,-0.6737,Fornecedor com CNPJ suspeito
716,221378,Reginete Bispo,PT,RS,Outros,"Serviço De Táxi, Pedágio E Estacionamento",1,Situação cadastral não ativa: BAIXADA,FOUND,BAIXADA,1,1,30.00,10192.084923,16137.89190584743,-0.6297,Fornecedor com CNPJ suspeito
418,178857,Jorge Solla,PT,BA,Viagens,Passagem Aérea - Rpa,0,Sem indício cadastral crítico,FOUND,ATIVA,1,2,1291.44,31763.658913,54219.86604798766,-0.562,Comportamento esperado
718,205865,Reinhold Stephanes,PSD,PR,Outros,Manutenção De Escritório De Apoio À Atividade Parlamentar,0,Sem indício cadastral crítico,FOUND,ATIVA,7,16,9548.19,86193.122500,116860.66498214444,-0.6559,Comportamento esperado
557,220604,Marcos Tavares,PDT,RJ,Outros,Manutenção De Escritório De Apoio À Atividade Parlamentar,0,Documento não consultado por não ser CNPJ,NOT_APPLICABLE,,1,36,468000.00,80988.593819,134414.71100556676,2.8792,Possível anomalia financeira
259,204364,Eli Borges,PL,TO,Serviços profissionais,"Consultorias, Pesquisas E Trabalhos Técnicos.",0,Sem indício cadastral crítico,FOUND,ATIVA,4,34,206700.00,116859.636364,127191.31032210709,0.7063,Comportamento esperado
297,204407,Fernanda Melchionna,PSOL,RS,Combustível,Combustíveis E Lubrificantes.,1,Situação cadastral não ativa: BAIXADA,FOUND,BAIXADA,11,14,1895.88,60520.148547,97388.05968907535,-0.602,Fornecedor com CNPJ suspeito
425,215043,Josivaldo Jp,UNIÃO,MA,Outros,Aquisição De Tokens E Certificados Digitais,0,Sem indício cadastral crítico,FOUND,ATIVA,1,1,200.00,200.000000,,,Comportamento esperado
884,204509,Áurea Carolina,PSOL,MG,Alimentação,Fornecimento De Alimentação Do Parlamentar,1,Erro na consulta pública de CNPJ,ERROR,,1,6,600.64,3421.773553,6721.942950865462,-0.4197,Fornecedor com CNPJ suspeito
70,204414,Aroldo Martins,REPUBLICANOS,PR,Combustível,Combustíveis E Lubrificantes.,1,Situação cadastral não ativa: BAIXADA,FOUND,BAIXADA,2,2,350.00,57944.345500,82353.4495793919,-0.6994,Fornecedor com CNPJ suspeito
112,213762,Carla Dickson,PL,RN,Hotéis,"Hospedagem ,exceto Do Parlamentar No Distrito Federal.",0,Sem indício cadastral crítico,FOUND,ATIVA,2,4,1954.00,10401.272857,14188.915930464025,-0.5953,Comportamento esperado
752,74693,Rodrigo Maia,PSDB,RJ,Viagens,Passagem Aérea - Reembolso,0,Sem indício cadastral crítico,FOUND,ATIVA,1,1,4927.66,9840.865893,10669.362639943789,-0.4605,Comportamento esperado
177,204459,Daniela Do Waguinho,REPUBLICANOS,RJ,Viagens,Passagem Aérea - Sigepa,,,,,0,177,245175.80,213577.740357,175550.75566941444,0.18,Comportamento esperado
103,220548,Camila Jara,PT,MS,Outros,Manutenção De Escritório De Apoio À Atividade Parlamentar,0,Sem indício cadastral crítico,FOUND,ATIVA,10,110,174646.70,74966.746667,80602.5088063342,1.2367,Comportamento esperado
2,204521,Abou Anni,UNIÃO,SP,Outros,"Serviço De Táxi, Pedágio E Estacionamento",0,Sem indício cadastral crítico,FOUND,ATIVA,30,397,5883.41,11967.060840,16796.655097373645,-0.3622,Comportamento esperado
750,223128,Rodrigo Estacho,PSD,PR,Combustível,Combustíveis E Lubrificantes.,0,Sem indício cadastral crítico,FOUND,ATIVA,336,1468,296395.14,57944.345500,82353.4495793919,2.8955,Possível anomalia financeira
521,220669,Lula Da Fonte,PP,PE,Viagens,Passagem Aérea - Sigepa,,,,,0,412,304615.75,221741.150682,163177.94412569836,0.5079,Comportamento esperado
300,204445,Fernando Mineiro,PT,RN,Combustível,Combustíveis E Lubrificantes.,0,Sem indício cadastral crítico,FOUND,ATIVA,181,571,116487.03,51927.710333,76131.03428420173,0.848,Comportamento esperado
521,220669,Lula Da Fonte,PP,PE,Hotéis,"Hospedagem ,exceto Do Parlamentar No Distrito Federal.",0,Sem indício cadastral crítico,FOUND,ATIVA,2,2,2085.00,17089.374528,23447.97906027458,-0.6399,Comportamento esperado
696,220533,Prof. Reginaldo Veras,PV,DF,Combustível,Combustíveis E Lubrificantes.,0,Sem indício cadastral crítico,FOUND,ATIVA,101,343,77029.05,33372.670769,51515.7382887601,0.8474,Comportamento esperado
57,133439,André Figueiredo,PDT,CE,Comunicação,Telefonia,0,Sem indício cadastral crítico,FOUND,ATIVA,10,99,34667.67,11707.711071,16858.211643996754,1.3619,Comportamento esperado
251,92346,Eduardo Bolsonaro,PL,SP,Viagens,Passagem Aérea - Sigepa,,,,,0,152,164033.58,185430.171967,136227.76556134285,-0.1571,Comportamento esperado
217,227433,Douglas Viegas,UNIÃO,SP,Viagens,Passagem Aérea - Sigepa,,,,,0,182,124214.31,185430.171967,136227.76556134285,-0.4494,Comportamento esperado
655,220627,Paulinho Freire,UNIÃO,RN,Locomoção,Locação Ou Fretamento De Veículos Automotores,0,Sem indício cadastral crítico,FOUND,ATIVA,4,44,211927.29,157542.546842,185025.17121572056,0.2939,Comportamento esperado
774,73604,Rui Falcão,PT,SP,Alimentação,Fornecimento De Alimentação Do Parlamentar,0,Sem indício cadastral crítico,FOUND,ATIVA,14,71,6342.92,3366.001170,5609.697337170304,0.5307,Comportamento esperado
774,73604,Rui Falcão,PT,SP,Outros,"Serviço De Táxi, Pedágio E Estacionamento",0,Sem indício cadastral crítico,FOUND,ATIVA,3,10,479.87,11967.060840,16796.655097373645,-0.6839,Comportamento esperado
254,141421,Eduardo Da Fonte,PP,PE,Viagens,Passagem Aérea - Rpa,0,Sem indício cadastral crítico,FOUND,ATIVA,3,109,56894.11,15238.795000,22485.76149111043,1.8525,Comportamento esperado
495,74478,Luciano Bivar,MDB,PE,Outros,Manutenção De Escritório De Apoio À Atividade Parlamentar,0,Documento não consultado por não ser CNPJ,NOT_APPLICABLE,,2,36,49320.00,90785.734524,140277.34198893898,-0.2956,Comportamento esperado
180,62881,Danilo Forte,PP,CE,Publicidade,Assinatura De Publicações,0,Sem indício cadastral crítico,FOUND,ATIVA,3,8,1697.54,3249.055000,4250.208219057374,-0.365,Comportamento esperado
604,160542,Márcio Macêdo,PT,SE,Serviços profissionais,"Consultorias, Pesquisas E Trabalhos Técnicos.",0,Sem indício cadastral crítico,FOUND,ATIVA,1,5,28000.00,82649.800000,100296.5049865647,-0.5449,Comportamento esperado
287,204368,Fabio Schiochet,UNIÃO,SC,Outros,Manutenção De Escritório De Apoio À Atividade Parlamentar,1,Situação cadastral não ativa: INAPTA,FOUND,INAPTA,1,44,17900.00,70964.571200,106769.4367602354,-0.497,Fornecedor com CNPJ suspeito
38,204353,Aline Gurgel,REPUBLICANOS,AP,Publicidade,Divulgação Da Atividade Parlamentar.,1,Situação cadastral não ativa: BAIXADA,FOUND,BAIXADA,1,1,2000.00,282209.245429,388109.6753004129,-0.722,Fornecedor com CNPJ suspeito
1,220593,Abilio Brunini,PL,MT,Comunicação,Telefonia,0,Sem indício cadastral crítico,FOUND,ATIVA,1,3,824.70,6682.953571,8863.976852355925,-0.6609,Comportamento esperado
119,74262,Carlos Sampaio,PSD,SP,Comunicação,Telefonia,0,Sem indício cadastral crítico,FOUND,ATIVA,1,135,49457.45,19889.940211,25751.500071775903,1.1482,Comportamento esperado
68,73433,Arlindo Chinaglia,PT,SP,Viagens,Passagem Aérea - Reembolso,1,Erro na consulta pública de CNPJ,ERROR,,1,2,7754.23,9758.571000,11443.414965885137,-0.1752,Fornecedor com CNPJ suspeito
720,225386,Renan Ferreirinha,PSD,RJ,Viagens,Passagem Aérea - Sigepa,,,,,0,10,10376.74,213577.740357,175550.75566941444,-1.1575,Comportamento esperado
851,204483,Vilson Da Fetaemg,PSB,MG,Hotéis,"Hospedagem ,exceto Do Parlamentar No Distrito Federal.",0,Sem indício cadastral crítico,FOUND,ATIVA,5,5,1051.36,17018.453084,26330.369533202334,-0.6064,Comportamento esperado
605,150418,Márcio Marinho,REPUBLICANOS,BA,Comunicação,Telefonia,0,Sem indício cadastral crítico,FOUND,ATIVA,4,59,17378.48,23153.030698,23468.568952979214,-0.2461,Comportamento esperado
587,178984,Miguel Haddad,PSDB,SP,Combustível,Combustíveis E Lubrificantes.,0,Sem indício cadastral crítico,FOUND,ATIVA,8,8,2650.99,42192.750821,64034.19773844777,-0.6175,Comportamento esperado
381,178884,Hildo Rocha,MDB,MA,Outros,"Serviço De Táxi, Pedágio E Estacionamento",0,Sem indício cadastral crítico,FOUND,ATIVA,1,1,55.00,3095.474615,4475.3830763031065,-0.6794,Comportamento esperado
253,178977,Eduardo Cury,PSDB,SP,Alimentação,Fornecimento De Alimentação Do Parlamentar,1,Situação cadastral não ativa: BAIXADA,FOUND,BAIXADA,7,8,382.85,3366.001170,5609.697337170304,-0.5318,Fornecedor com CNPJ suspeito
641,220706,Padovani,PP,PR,Outros,"Serviço De Táxi, Pedágio E Estacionamento",0,Sem indício cadastral crítico,FOUND,ATIVA,4,10,127.70,5713.999474,13397.131596894355,-0.417,Comportamento esperado
172,178916,Daniel Coelho,CIDADANIA,PE,Serviços profissionais,"Consultorias, Pesquisas E Trabalhos Técnicos.",0,Sem indício cadastral crítico,FOUND,ATIVA,1,8,54000.00,33394.939474,25891.938420366478,0.7958,Comportamento esperado
92,204561,Bira Do Pindaré,PSB,MA,Hotéis,"Hospedagem ,exceto Do Parlamentar No Distrito Federal.",0,Sem indício cadastral crítico,FOUND,ATIVA,11,36,10226.20,16546.215714,24945.906621691578,-0.2533,Comportamento esperado
813,178947,Sóstenes Cavalcante,PL,RJ,Combustível,Combustíveis E Lubrificantes.,0,Sem indício cadastral crítico,FOUND,ATIVA,191,732,175355.54,44023.319398,62812.667137756165,2.0909,Possível anomalia financeira
106,220690,Capitão Alden,PL,BA,Publicidade,Divulgação Da Atividade Parlamentar.,0,Sem indício cadastral crítico,FOUND,ATIVA,3,74,839059.10,317318.910361,328157.1355142384,1.5899,Comportamento esperado
847,204396,Vermelho,PL,PR,Viagens,Passagem Aérea - Sigepa,,,,,0,422,318481.27,173223.575536,125997.34942419773,1.1529,Comportamento esperado
173,204367,Daniel Freitas,PL,SC,Publicidade,Divulgação Da Atividade Parlamentar.,0,Sem indício cadastral crítico,FOUND,ATIVA,7,27,89660.00,148561.773265,217765.15459275612,-0.2705,Comportamento esperado
656,141516,Paulo Abi-ackel,PSDB,MG,Hotéis,"Hospedagem ,exceto Do Parlamentar No Distrito Federal.",0,Sem indício cadastral crítico,FOUND,ATIVA,32,62,38943.31,17018.453084,26330.369533202334,0.8327,Comportamento esperado
113,204507,Carla Zambelli,PL,SP,Outros,"Passagens Terrestres, Marítimas Ou Fluviais",0,Sem indício cadastral crítico,FOUND,ATIVA,10,27,4763.84,996.486667,1138.3419633085512,3.3095,Anomalia financeira extrema
377,178981,Herculano Passos,REPUBLICANOS,SP,Alimentação,Fornecimento De Alimentação Do Parlamentar,0,Sem indício cadastral crítico,FOUND,ATIVA,13,21,1637.54,3366.001170,5609.697337170304,-0.3081,Comportamento esperado
710,220626,Rafael Simoes,UNIÃO,MG,Viagens,Passagem Aérea - Sigepa,,,,,0,116,114976.34,195216.599630,167832.49260588933,-0.4781,Comportamento esperado
21,160559,Alceu Moreira,MDB,RS,Publicidade,Assinatura De Publicações,0,Sem indício cadastral crítico,FOUND,ATIVA,1,49,11726.10,4387.790000,5356.19612339018,1.3701,Comportamento esperado
55,220657,André Fernandes,PL,CE,Locomoção,Locação Ou Fretamento De Veículos Automotores,0,Sem indício cadastral crítico,FOUND,ATIVA,3,38,206906.00,139651.247778,143531.8586124825,0.4686,Comportamento esperado
87,178948,Beto Rosado,PP,RN,Serviços profissionais,"Consultorias, Pesquisas E Trabalhos Técnicos.",0,Sem indício cadastral crítico,FOUND,ATIVA,2,18,164300.00,75620.571429,70092.2679683885,1.2652,Comportamento esperado
574,220550,Mauricio Marcon,PL,RS,Outros,Manutenção De Escritório De Apoio À Atividade Parlamentar,0,Sem indício cadastral crítico,FOUND,ATIVA,5,95,96488.98,109428.142500,149558.61424927576,-0.0865,Comportamento esperado
449,74253,Julio Lopes,PP,RJ,Comunicação,Telefonia,0,Sem indício cadastral crítico,FOUND,ATIVA,1,55,5930.59,11897.719661,18918.17939394703,-0.3154,Comportamento esperado
549,219585,Marco Brasil,PP,PR,Publicidade,Divulgação Da Atividade Parlamentar.,0,Sem indício cadastral crítico,FOUND,ATIVA,20,65,558849.92,263664.052022,329972.5348930845,0.8946,Comportamento esperado
258,154919,Eleuses Paiva,PSD,SP,Combustível,Combustíveis E Lubrificantes.,1,Situação cadastral não ativa: BAIXADA,FOUND,BAIXADA,2,5,923.13,42192.750821,64034.19773844777,-0.6445,Fornecedor com CNPJ suspeito
83,141335,Beto Faro,PT,PA,Viagens,Passagem Aérea - Rpa,0,Sem indício cadastral crítico,FOUND,ATIVA,2,6,6774.30,40638.794706,54559.71826891466,-0.6207,Comportamento esperado
49,220556,Ana Paula Lima,PT,SC,Outros,"Participação Em Curso, Palestra Ou Evento Similar",0,Sem indício cadastral crítico,FOUND,ATIVA,1,1,9100.00,9122.805000,32.251140289918844,-0.7071,Comportamento esperado
444,204420,Julian Lemos,UNIÃO,PB,Combustível,Combustíveis E Lubrificantes.,1,CNPJ não encontrado na API pública,NOT_FOUND,,1,1,200.00,61582.608974,85760.8839439169,-0.7157,Fornecedor com CNPJ suspeito
24,160511,Alessandro Molon,PSB,RJ,Viagens,Passagem Aérea - Reembolso,0,Sem indício cadastral crítico,FOUND,ATIVA,4,11,21533.26,9840.865893,10669.362639943789,1.0959,Comportamento esperado
681,122974,Pedro Lucas Fernandes,UNIÃO,MA,Outros,Serviço De Segurança Prestado Por Empresa Especializada.,0,Sem indício cadastral crítico,FOUND,ATIVA,2,12,70650.00,53298.125000,58691.938342592795,0.2956,Comportamento esperado
375,73482,Henrique Fontana,PT,RS,Alimentação,Fornecimento De Alimentação Do Parlamentar,0,Sem indício cadastral crítico,FOUND,ATIVA,11,12,745.89,7368.085075,13657.337051272762,-0.4849,Comportamento esperado
177,204459,Daniela Do Waguinho,UNIÃO,RJ,Locomoção,Locação Ou Fretamento De Veículos Automotores,0,Sem indício cadastral crítico,FOUND,ATIVA,3,15,72650.00,162239.394390,163272.60476613723,-0.5487,Comportamento esperado
302,204427,Fernando Rodolfo,PL,PE,Locomoção,Locação Ou Fretamento De Veículos Automotores,0,Sem indício cadastral crítico,FOUND,ATIVA,3,8,79055.24,220869.240392,185976.71020526288,-0.7625,Comportamento esperado
853,204478,Vinicius Farah,UNIÃO,RJ,Alimentação,Fornecimento De Alimentação Do Parlamentar,1,Situação cadastral não ativa: BAIXADA,FOUND,BAIXADA,1,1,82.00,5314.154545,11413.915891543053,-0.4584,Fornecedor com CNPJ suspeito
459,204550,Júnior Mano,PSB,CE,Locomoção,Locação Ou Fretamento De Aeronaves,0,Sem indício cadastral crítico,FOUND,ATIVA,2,4,98260.00,46678.600000,38881.59920573464,1.3266,Comportamento esperado
799,227310,Silvio Antonio,PL,MA,Alimentação,Fornecimento De Alimentação Do Parlamentar,0,Sem indício cadastral crítico,FOUND,ATIVA,14,38,3028.47,1328.951538,1567.1502413768233,1.0845,Comportamento esperado
833,220684,Tião Medeiros,PP,PR,Outros,Serviço De Segurança Prestado Por Empresa Especializada.,0,Sem indício cadastral crítico,FOUND,ATIVA,1,7,52700.00,39044.515556,83285.32824636553,0.164,Comportamento esperado
421,209189,Joseildo Ramos,PT,BA,Hotéis,"Hospedagem ,exceto Do Parlamentar No Distrito Federal.",0,Sem indício cadastral crítico,FOUND,ATIVA,39,77,27551.42,14559.116889,26542.375379101115,0.4895,Comportamento esperado
295,227370,Felipe Saliba,PRD,MG,Combustível,Combustíveis E Lubrificantes.,0,Sem indício cadastral crítico,FOUND,ATIVA,83,138,28296.92,65306.104375,92314.0005265802,-0.4009,Comportamento esperado
199,220654,Delegado Paulo Bilynskyj,PL,SP,Viagens,Passagem Aérea - Sigepa,,,,,0,308,200652.59,185430.171967,136227.76556134285,0.1117,Comportamento esperado
455,74317,Júlio Cesar,PSD,PI,Viagens,Passagem Aérea - Sigepa,,,,,0,215,309474.11,155026.570000,94704.85142824263,1.6308,Comportamento esperado
814,204534,Tabata Amaral,PSB,SP,Publicidade,Divulgação Da Atividade Parlamentar.,0,Sem indício cadastral crítico,FOUND,ATIVA,44,237,850867.07,243741.226243,313657.1515008437,1.9356,Comportamento esperado
4,204379,Acácio Favacho,MDB,AP,Publicidade,Divulgação Da Atividade Parlamentar.,0,Sem indício cadastral crítico,FOUND,ATIVA,23,178,1120865.25,282209.245429,388109.6753004129,2.1609,Possível anomalia financeira
471,204375,Leda Sadala,PP,AP,Viagens,Passagem Aérea - Sigepa,,,,,0,152,229666.56,180390.483889,137999.8120825282,0.3571,Comportamento esperado
331,220611,General Pazuello,PL,RJ,Outros,Manutenção De Escritório De Apoio À Atividade Parlamentar,0,Sem indício cadastral crítico,FOUND,ATIVA,10,108,341307.15,80988.593819,134414.71100556676,1.9367,Comportamento esperado
560,74398,Maria Do Rosário,PT,RS,Hotéis,"Hospedagem ,exceto Do Parlamentar No Distrito Federal.",1,CNPJ não encontrado na API pública,NOT_FOUND,,1,1,200.00,21826.986437,35658.661568585754,-0.6065,Fornecedor com CNPJ suspeito
429,204391,José Nelto,PP,GO,Combustível,Combustíveis E Lubrificantes.,0,Sem indício cadastral crítico,FOUND,ATIVA,38,99,43125.86,65044.277593,95738.05404592726,-0.2289,Comportamento esperado
179,160528,Danilo Cabral,PSB,PE,Publicidade,Divulgação Da Atividade Parlamentar.,1,Situação cadastral não ativa: BAIXADA,FOUND,BAIXADA,4,15,43867.75,241972.708182,301628.5621101344,-0.6568,Fornecedor com CNPJ suspeito
783,204387,Sargento Fahur,PL,PR,Viagens,Passagem Aérea - Rpa,0,Sem indício cadastral crítico,FOUND,ATIVA,3,52,34839.32,26722.504474,58025.433845182,0.1399,Comportamento esperado
287,204368,Fabio Schiochet,UNIÃO,SC,Publicidade,Divulgação Da Atividade Parlamentar.,1,Situação cadastral não ativa: BAIXADA,FOUND,BAIXADA,2,8,31165.14,148561.773265,217765.15459275612,-0.5391,Fornecedor com CNPJ suspeito
344,204365,Gilson Marques,NOVO,SC,Hotéis,"Hospedagem ,exceto Do Parlamentar No Distrito Federal.",0,Sem indício cadastral crítico,FOUND,ATIVA,19,41,27814.21,36695.958649,43528.74004922331,-0.204,Comportamento esperado
643,74319,Paes Landim,UNIÃO,PI,Viagens,Passagem Aérea - Rpa,0,Sem indício cadastral crítico,FOUND,ATIVA,1,3,9016.61,17321.367273,29804.932291452395,-0.2786,Comportamento esperado
382,178959,Hiran Gonçalves,PP,RR,Publicidade,Divulgação Da Atividade Parlamentar.,0,Sem indício cadastral crítico,FOUND,ATIVA,5,24,172060.00,302008.159333,364968.0243701814,-0.3561,Comportamento esperado
442,204474,Juarez Costa,MDB,MT,Comunicação,Telefonia,0,Sem indício cadastral crítico,FOUND,ATIVA,2,22,2695.05,6682.953571,8863.976852355925,-0.4499,Comportamento esperado
549,219585,Marco Brasil,PP,PR,Comunicação,Telefonia,0,Sem indício cadastral crítico,FOUND,ATIVA,2,18,2243.48,10984.091277,13121.60062975809,-0.6661,Comportamento esperado
212,160599,Dimas Fabiano,PP,MG,Outros,"Serviço De Táxi, Pedágio E Estacionamento",1,Situação cadastral não ativa: BAIXADA,FOUND,BAIXADA,3,17,289.19,5572.245385,10370.293242628488,-0.5094,Fornecedor com CNPJ suspeito
552,204431,Marcos Aurélio Sampaio,PSD,PI,Outros,Manutenção De Escritório De Apoio À Atividade Parlamentar,0,Documento não consultado por não ser CNPJ,NOT_APPLICABLE,,1,13,16575.00,64892.367419,74159.10998309037,-0.6515,Comportamento esperado
71,160541,Arthur Lira,PP,AL,Viagens,Passagem Aérea - Rpa,0,Sem indício cadastral crítico,FOUND,ATIVA,1,1,2749.65,21225.077273,32156.183325062724,-0.5746,Comportamento esperado
700,204565,Professora Dayane Pimentel,UNIÃO,BA,Combustível,Combustíveis E Lubrificantes.,1,CNPJ não encontrado na API pública,NOT_FOUND,,1,1,200.00,76280.976842,110667.4963849575,-0.6875,Fornecedor com CNPJ suspeito
193,220649,Delegado Da Cunha,UNIÃO,SP,Viagens,Passagem Aérea - Rpa,0,Sem indício cadastral crítico,FOUND,ATIVA,1,5,4434.47,24943.515352,36157.13967829913,-0.5672,Comportamento esperado
749,141531,Rodrigo De Castro,UNIÃO,MG,Outros,Serviço De Segurança Prestado Por Empresa Especializada.,0,Sem indício cadastral crítico,FOUND,ATIVA,1,47,11642.31,6910.803333,5568.322882362166,0.8497,Comportamento esperado
835,157130,Túlio Gadêlha,REDE,PE,Locomoção,Locação Ou Fretamento De Veículos Automotores,0,Sem indício cadastral crítico,FOUND,ATIVA,3,6,8662.64,220869.240392,185976.71020526288,-1.141,Comportamento esperado
471,204375,Leda Sadala,PP,AP,Comunicação,Telefonia,0,Sem indício cadastral crítico,FOUND,ATIVA,2,14,2323.96,4978.914286,4084.738765910076,-0.65,Comportamento esperado
411,204468,Joenia Wapichana,REDE,RR,Publicidade,Divulgação Da Atividade Parlamentar.,1,Erro na consulta pública de CNPJ,ERROR,,1,9,1053.87,302008.159333,364968.0243701814,-0.8246,Fornecedor com CNPJ suspeito
99,220635,Bruno Ganem,PODE,SP,Publicidade,Assinatura De Publicações,1,Erro na consulta pública de CNPJ,ERROR,,1,1,1350.00,3369.241333,3418.330377283657,-0.5907,Fornecedor com CNPJ suspeito
583,74428,Mendonça Filho,PL,PE,Outros,"Participação Em Curso, Palestra Ou Evento Similar",1,Erro na consulta pública de CNPJ,ERROR,,1,1,2446.43,10723.215000,11705.141599846198,-0.7071,Fornecedor com CNPJ suspeito
228,220570,Dr. Ismael Alexandrino,PSD,GO,Publicidade,Divulgação Da Atividade Parlamentar.,0,Sem indício cadastral crítico,FOUND,ATIVA,12,97,868924.12,294423.402917,352090.0693215526,1.6317,Comportamento esperado
598,179001,Márcio Biolchi,MDB,RS,Locomoção,Locação Ou Fretamento De Veículos Automotores,0,Sem indício cadastral crítico,FOUND,ATIVA,10,122,464509.06,182736.733051,177547.8783363845,1.587,Comportamento esperado
904,,,,NA,Combustível,Combustíveis E Lubrificantes.,0,Sem indício cadastral crítico,FOUND,ATIVA,89,656,92091.77,20989.039000,33381.70257372158,2.13,Possível anomalia financeira
495,74478,Luciano Bivar,UNIÃO,PE,Viagens,Passagem Aérea - Sigepa,,,,,0,87,129720.77,221741.150682,163177.94412569836,-0.5639,Comportamento esperado
69,141391,Arnaldo Jardim,CIDADANIA,SP,Outros,Manutenção De Escritório De Apoio À Atividade Parlamentar,0,Sem indício cadastral crítico,FOUND,ATIVA,16,381,827184.98,98538.487659,143509.98800071477,5.0773,Anomalia financeira extrema
636,204422,Ossesio Silva,REPUBLICANOS,PE,Viagens,Passagem Aérea - Rpa,0,Sem indício cadastral crítico,FOUND,ATIVA,3,16,15449.50,15238.795000,22485.76149111043,0.0094,Comportamento esperado
835,157130,Túlio Gadêlha,REDE,PE,Viagens,Passagem Aérea - Rpa,0,Sem indício cadastral crítico,FOUND,ATIVA,1,1,1061.90,15238.795000,22485.76149111043,-0.6305,Comportamento esperado
826,220597,Thiago Flores,UNIÃO,RO,Hotéis,"Hospedagem ,exceto Do Parlamentar No Distrito Federal.",0,Sem indício cadastral crítico,FOUND,ATIVA,33,117,38804.06,15598.613913,18502.405565050612,1.2542,Comportamento esperado
125,220699,Castro Neto,MDB,PI,Viagens,Passagem Aérea - Sigepa,,,,,0,295,278951.32,155026.570000,94704.85142824263,1.3085,Comportamento esperado
521,220669,Lula Da Fonte,PP,PE,Outros,Manutenção De Escritório De Apoio À Atividade Parlamentar,0,Sem indício cadastral crítico,FOUND,ATIVA,7,36,10147.51,90785.734524,140277.34198893898,-0.5748,Comportamento esperado
349,226179,Gisela Simona,UNIÃO,MT,Viagens,Passagem Aérea - Sigepa,,,,,0,93,60503.45,116334.207895,92091.32039496631,-0.6063,Comportamento esperado
888,,,,NA,Outros,Manutenção De Escritório De Apoio À Atividade Parlamentar,1,Erro na consulta pública de CNPJ,ERROR,,1,1,2580.00,15500.143182,23430.81961523477,-0.5514,Fornecedor com CNPJ suspeito
781,160621,Sandro Alex,PSD,PR,Locomoção,Locação Ou Fretamento De Veículos Automotores,0,Sem indício cadastral crítico,FOUND,ATIVA,3,17,67155.01,113439.957419,130977.93601797776,-0.3534,Comportamento esperado
294,204371,Felipe Rigoni,UNIÃO,ES,Outros,"Serviço De Táxi, Pedágio E Estacionamento",0,Sem indício cadastral crítico,FOUND,ATIVA,4,204,6816.06,4193.280000,4516.28138620702,0.5807,Comportamento esperado
399,220527,Jack Rocha,PT,ES,Outros,Manutenção De Escritório De Apoio À Atividade Parlamentar,0,Sem indício cadastral crítico,FOUND,ATIVA,14,184,189568.69,101936.796563,164857.25422120074,0.5316,Comportamento esperado
86,220683,Beto Richa,PSDB,PR,Comunicação,Telefonia,0,Sem indício cadastral crítico,FOUND,ATIVA,4,31,8435.08,10984.091277,13121.60062975809,-0.1943,Comportamento esperado
846,204505,Vavá Martins,REPUBLICANOS,PA,Viagens,Passagem Aérea - Rpa,0,Sem indício cadastral crítico,FOUND,ATIVA,2,2,1938.95,40638.794706,54559.71826891466,-0.7093,Comportamento esperado
99,220635,Bruno Ganem,PODE,SP,Outros,"Serviço De Táxi, Pedágio E Estacionamento",0,Sem indício cadastral crítico,FOUND,ATIVA,1,33,1108.53,11967.060840,16796.655097373645,-0.6465,Comportamento esperado
212,160599,Dimas Fabiano,PP,MG,Publicidade,Assinatura De Publicações,0,Sem indício cadastral crítico,FOUND,ATIVA,1,15,418.50,1596.091765,1698.0009011232714,-0.6935,Comportamento esperado
366,204456,Gutemberg Reis,MDB,RJ,Hotéis,"Hospedagem ,exceto Do Parlamentar No Distrito Federal.",1,Erro na consulta pública de CNPJ,ERROR,,1,5,7347.33,13016.628636,21468.959145470457,-0.2641,Fornecedor com CNPJ suspeito
847,204396,Vermelho,PL,PR,Comunicação,Telefonia,0,Sem indício cadastral crítico,FOUND,ATIVA,2,44,9573.78,10984.091277,13121.60062975809,-0.1075,Comportamento esperado
567,204403,Marlon Santos,PL,RS,Publicidade,Divulgação Da Atividade Parlamentar.,0,Sem indício cadastral crítico,FOUND,ATIVA,5,12,72585.00,215724.063125,265101.600265673,-0.5399,Comportamento esperado
469,178832,Leandre,PSD,PR,Serviços profissionais,"Consultorias, Pesquisas E Trabalhos Técnicos.",0,Sem indício cadastral crítico,FOUND,ATIVA,2,14,111000.00,58752.690645,58141.82428785019,0.8986,Comportamento esperado
388,204533,Idilvan Alencar,PDT,CE,Locomoção,Locação Ou Fretamento De Veículos Automotores,1,Situação cadastral não ativa: BAIXADA,FOUND,BAIXADA,1,1,1783.86,139651.247778,143531.8586124825,-0.9605,Fornecedor com CNPJ suspeito
179,160528,Danilo Cabral,PSB,PE,Publicidade,Assinatura De Publicações,0,Sem indício cadastral crítico,FOUND,ATIVA,1,1,450.00,1262.036000,1247.3031245157156,-0.651,Comportamento esperado
789,77003,Sergio Santos Rodrigues,PODE,MG,Outros,"Serviço De Táxi, Pedágio E Estacionamento",0,Sem indício cadastral crítico,FOUND,ATIVA,3,22,3896.00,5572.245385,10370.293242628488,-0.1616,Comportamento esperado
588,178985,Miguel Lombardi,PL,SP,Publicidade,Divulgação Da Atividade Parlamentar.,0,Sem indício cadastral crítico,FOUND,ATIVA,21,110,454650.68,243741.226243,313657.1515008437,0.6724,Comportamento esperado
819,204464,Talíria Petrone,PSOL,RJ,Outros,Manutenção De Escritório De Apoio À Atividade Parlamentar,0,Sem indício cadastral crítico,FOUND,ATIVA,11,173,330499.85,80988.593819,134414.71100556676,1.8563,Comportamento esperado
842,74376,Vander Loubet,PT,MS,Outros,Manutenção De Escritório De Apoio À Atividade Parlamentar,0,Sem indício cadastral crítico,FOUND,ATIVA,19,201,75372.91,74966.746667,80602.5088063342,0.005,Comportamento esperado
174,228941,Daniel José,PODE,SP,Locomoção,Locação Ou Fretamento De Veículos Automotores,0,Sem indício cadastral crítico,FOUND,ATIVA,1,4,14994.00,147254.510948,139673.23431152088,-0.9469,Comportamento esperado
551,160535,Marcon,PT,RS,Outros,"Serviço De Táxi, Pedágio E Estacionamento",0,Sem indício cadastral crítico,FOUND,ATIVA,14,365,44542.70,10192.084923,16137.89190584743,2.1286,Possível anomalia financeira
584,188097,Merlong Solano,PT,PI,Combustível,Combustíveis E Lubrificantes.,1,Situação cadastral não ativa: BAIXADA,FOUND,BAIXADA,7,26,7287.51,73929.545357,101552.42380940972,-0.6562,Fornecedor com CNPJ suspeito
425,215043,Josivaldo Jp,PSD,MA,Combustível,Combustíveis E Lubrificantes.,0,Sem indício cadastral crítico,FOUND,ATIVA,35,85,18389.94,34895.172615,52384.05405357016,-0.3151,Comportamento esperado
50,220632,Ana Pimentel,PT,MG,Viagens,Passagem Aérea - Reembolso,0,Sem indício cadastral crítico,FOUND,ATIVA,2,8,15689.70,7020.191961,10297.188894597206,0.8419,Comportamento esperado
756,204480,Rogério Correia,PT,MG,Outros,Manutenção De Escritório De Apoio À Atividade Parlamentar,0,Sem indício cadastral crítico,FOUND,ATIVA,11,228,240295.28,123562.947566,162703.54342443834,0.7175,Comportamento esperado
302,204427,Fernando Rodolfo,PRD,PE,Hotéis,"Hospedagem ,exceto Do Parlamentar No Distrito Federal.",0,Sem indício cadastral crítico,FOUND,ATIVA,25,46,42717.23,17089.374528,23447.97906027458,1.093,Comportamento esperado
170,74060,Daniel Almeida,PCDOB,BA,Locomoção,Locação Ou Fretamento De Veículos Automotores,0,Sem indício cadastral crítico,FOUND,ATIVA,5,62,269009.00,292409.611930,213979.496522466,-0.1094,Comportamento esperado
225,220688,Dr. Francisco,PT,PI,Comunicação,Telefonia,0,Sem indício cadastral crítico,FOUND,ATIVA,5,91,14198.51,15912.685455,14251.787111607697,-0.1203,Comportamento esperado
741,220588,Roberto Duarte,REPUBLICANOS,AC,Hotéis,"Hospedagem ,exceto Do Parlamentar No Distrito Federal.",1,Situação cadastral não ativa: BAIXADA,FOUND,BAIXADA,1,1,520.00,11165.562105,15437.148423150342,-0.6896,Fornecedor com CNPJ suspeito
276,220645,Erika Hilton,PSOL,SP,Outros,Aquisição De Tokens E Certificados Digitais,0,Sem indício cadastral crítico,FOUND,ATIVA,1,1,74.80,237.090000,170.74249018787194,-0.9505,Comportamento esperado
238,81297,Dra. Soraya Manato,PTB,ES,Viagens,Passagem Aérea - Rpa,0,Sem indício cadastral crítico,FOUND,ATIVA,2,51,56512.41,13452.752000,24537.48964332959,1.7549,Comportamento esperado
693,160601,Pr. Marco Feliciano,PL,SP,Outros,Manutenção De Escritório De Apoio À Atividade Parlamentar,0,Sem indício cadastral crítico,FOUND,ATIVA,2,42,33015.20,98538.487659,143509.98800071477,-0.4566,Comportamento esperado
132,204490,Charlles Evangelista,PP,MG,Outros,Manutenção De Escritório De Apoio À Atividade Parlamentar,0,Documento não consultado por não ser CNPJ,NOT_APPLICABLE,,1,13,58250.00,123562.947566,162703.54342443834,-0.4014,Comportamento esperado
844,141553,Vanderlei Macris,PSDB,SP,Serviços profissionais,"Consultorias, Pesquisas E Trabalhos Técnicos.",0,Sem indício cadastral crítico,FOUND,ATIVA,1,6,76200.00,42478.291429,47664.49520078613,0.7075,Comportamento esperado
394,204436,Isnaldo Bulhões Jr.,MDB,AL,Combustível,Combustíveis E Lubrificantes.,1,Situação cadastral não ativa: BAIXADA,FOUND,BAIXADA,5,10,1771.80,41184.340741,54405.12179897842,-0.7244,Fornecedor com CNPJ suspeito
534,146788,Marcelo Aro,PP,MG,Publicidade,Divulgação Da Atividade Parlamentar.,0,Sem indício cadastral crítico,FOUND,ATIVA,4,5,8600.00,194891.353020,276881.75990132586,-0.6728,Comportamento esperado
826,220597,Thiago Flores,UNIÃO,RO,Alimentação,Fornecimento De Alimentação Do Parlamentar,0,Sem indício cadastral crítico,FOUND,ATIVA,10,12,550.09,3332.884500,5228.833199412531,-0.5322,Comportamento esperado
20,220538,Albuquerque,REPUBLICANOS,RR,Publicidade,Divulgação Da Atividade Parlamentar.,1,Situação cadastral não ativa: BAIXADA,FOUND,BAIXADA,1,2,6500.00,302008.159333,364968.0243701814,-0.8097,Fornecedor com CNPJ suspeito
271,225730,Enfermeira Ana Paula,PODE,CE,Locomoção,Locação Ou Fretamento De Veículos Automotores,0,Sem indício cadastral crítico,FOUND,ATIVA,2,28,257991.67,139651.247778,143531.8586124825,0.8245,Comportamento esperado
581,220607,Max Lemos,PDT,RJ,Viagens,Passagem Aérea - Reembolso,0,Sem indício cadastral crítico,FOUND,ATIVA,1,1,2901.85,9840.865893,10669.362639943789,-0.6504,Comportamento esperado
504,204410,Luisa Canziani,PSD,PR,Serviços profissionais,"Consultorias, Pesquisas E Trabalhos Técnicos.",0,Sem indício cadastral crítico,FOUND,ATIVA,1,6,44159.00,58752.690645,58141.82428785019,-0.251,Comportamento esperado
130,204504,Cezinha De Madureira,PSD,SP,Locomoção,Locação Ou Fretamento De Veículos Automotores,0,Sem indício cadastral crítico,FOUND,ATIVA,1,24,123898.96,147254.510948,139673.23431152088,-0.1672,Comportamento esperado
776,160635,Ruy Carneiro,PODE,PB,Publicidade,Divulgação Da Atividade Parlamentar.,1,Situação cadastral não ativa: BAIXADA,FOUND,BAIXADA,3,23,58285.00,324815.111538,407718.48875224456,-0.6537,Fornecedor com CNPJ suspeito
96,204502,Bozzella,UNIÃO,SP,Viagens,Passagem Aérea - Reembolso,0,Sem indício cadastral crítico,FOUND,ATIVA,1,3,7594.62,9758.571000,11443.414965885137,-0.1891,Comportamento esperado
517,204526,Luiz Philippe De Orleans E Bragança,PL,SP,Outros,Manutenção De Escritório De Apoio À Atividade Parlamentar,1,Erro na consulta pública de CNPJ,ERROR,,1,22,2519.45,98538.487659,143509.98800071477,-0.6691,Fornecedor com CNPJ suspeito
168,220603,Dani Cunha,PL,RJ,Hotéis,"Hospedagem ,exceto Do Parlamentar No Distrito Federal.",0,Sem indício cadastral crítico,FOUND,ATIVA,3,7,10172.43,13016.628636,21468.959145470457,-0.1325,Comportamento esperado
114,141401,Carlos Bezerra,MDB,MT,Viagens,Passagem Aérea - Sigepa,,,,,0,31,27209.35,116334.207895,92091.32039496631,-0.9678,Comportamento esperado
209,178929,Diego Garcia,REPUBLICANOS,PR,Viagens,Passagem Aérea - Reembolso,0,Sem indício cadastral crítico,FOUND,ATIVA,4,18,40195.25,17801.644063,39455.64199846602,0.5676,Comportamento esperado
582,220591,Meire Serafim,UNIÃO,AC,Comunicação,Telefonia,0,Sem indício cadastral crítico,FOUND,ATIVA,1,2,119.38,4341.214167,4755.124320798006,-0.8878,Comportamento esperado
689,161440,Pezenti,MDB,SC,Locomoção,Locação Ou Fretamento De Veículos Automotores,0,Sem indício cadastral crítico,FOUND,ATIVA,4,48,187275.00,154711.621212,151032.92349497412,0.2156,Comportamento esperado
436,230957,João Cury,MDB,SP,Comunicação,Telefonia,0,Sem indício cadastral crítico,FOUND,ATIVA,1,14,1550.13,19889.940211,25751.500071775903,-0.7122,Comportamento esperado
486,234253,Lucas Abrahao,REDE,AP,Combustível,Combustíveis E Lubrificantes.,0,Sem indício cadastral crítico,FOUND,ATIVA,1,1,245.50,24571.047667,39205.554475113444,-0.6205,Comportamento esperado
373,234788,Heloísa Helena,REDE,RJ,Locomoção,Locação Ou Fretamento De Veículos Automotores,0,Sem indício cadastral crítico,FOUND,ATIVA,1,2,9900.00,162239.394390,163272.60476613723,-0.933,Comportamento esperado
652,74160,Patrus Ananias,PT,MG,Hotéis,"Hospedagem ,exceto Do Parlamentar No Distrito Federal.",0,Sem indício cadastral crítico,FOUND,ATIVA,104,346,98823.66,17018.453084,26330.369533202334,3.1069,Anomalia financeira extrema
202,178908,Delegado Éder Mauro,PL,PA,Combustível,Combustíveis E Lubrificantes.,0,Sem indício cadastral crítico,FOUND,ATIVA,1,38,160543.62,39488.928400,62234.56368268833,1.9451,Comportamento esperado
560,74398,Maria Do Rosário,PT,RS,Combustível,Combustíveis E Lubrificantes.,0,Sem indício cadastral crítico,FOUND,ATIVA,418,1515,279468.32,60520.148547,97388.05968907535,2.2482,Possível anomalia financeira
545,179000,Marcelo Álvaro Antônio,PL,MG,Outros,"Serviço De Táxi, Pedágio E Estacionamento",0,Documento não consultado por não ser CNPJ,NOT_APPLICABLE,,1,1,250.00,5572.245385,10370.293242628488,-0.5132,Comportamento esperado
358,220639,Guilherme Boulos,PSOL,SP,Viagens,Passagem Aérea - Sigepa,,,,,0,277,393348.96,185430.171967,136227.76556134285,1.5263,Comportamento esperado
871,160592,Zeca Dirceu,PT,PR,Combustível,Combustíveis E Lubrificantes.,0,Sem indício cadastral crítico,FOUND,ATIVA,71,132,202468.99,57944.345500,82353.4495793919,1.7549,Comportamento esperado
568,204566,Marreca Filho,PATRIOTA,MA,Viagens,Passagem Aérea - Sigepa,,,,,0,52,95015.56,132207.227045,122458.5508602934,-0.3037,Comportamento esperado
182,116379,Darci De Matos,PSD,SC,Hotéis,"Hospedagem ,exceto Do Parlamentar No Distrito Federal.",0,Sem indício cadastral crítico,FOUND,ATIVA,42,67,27118.54,36695.958649,43528.74004922331,-0.22,Comportamento esperado
830,204519,Tiago Mitraud,NOVO,MG,Hotéis,"Hospedagem ,exceto Do Parlamentar No Distrito Federal.",0,Sem indício cadastral crítico,FOUND,ATIVA,8,9,1769.68,17018.453084,26330.369533202334,-0.5791,Comportamento esperado
54,74471,André De Paula,PSD,PE,Viagens,Passagem Aérea - Rpa,0,Sem indício cadastral crítico,FOUND,ATIVA,2,104,102124.19,15238.795000,22485.76149111043,3.864,Anomalia financeira extrema
884,204509,Áurea Carolina,PSOL,MG,Locomoção,Locação Ou Fretamento De Veículos Automotores,0,Sem indício cadastral crítico,FOUND,ATIVA,1,13,53035.20,199358.988889,190617.58878325575,-0.7676,Comportamento esperado
166,74467,Damião Feliciano,UNIÃO,PB,Combustível,Combustíveis E Lubrificantes.,0,Sem indício cadastral crítico,FOUND,ATIVA,56,188,242530.89,61582.608974,85760.8839439169,2.1099,Possível anomalia financeira
275,220663,Eriberto Medeiros,PSB,PE,Outros,Manutenção De Escritório De Apoio À Atividade Parlamentar,0,Sem indício cadastral crítico,FOUND,ATIVA,5,95,238002.42,90785.734524,140277.34198893898,1.0495,Comportamento esperado
880,204517,Zé Vitor,PL,MG,Serviços profissionais,"Consultorias, Pesquisas E Trabalhos Técnicos.",0,Sem indício cadastral crítico,FOUND,ATIVA,3,12,45500.00,50370.301935,57079.85828457048,-0.0853,Comportamento esperado
811,73808,Sérgio Brito,PSD,BA,Locomoção,Locação Ou Fretamento De Veículos Automotores,0,Sem indício cadastral crítico,FOUND,ATIVA,1,10,16080.00,292409.611930,213979.496522466,-1.2914,Comportamento esperado
584,188097,Merlong Solano,PT,PI,Viagens,Passagem Aérea - Sigepa,,,,,0,150,183182.02,155026.570000,94704.85142824263,0.2973,Comportamento esperado
138,204440,Christino Aureo,PP,RJ,Publicidade,Divulgação Da Atividade Parlamentar.,1,Situação cadastral não ativa: BAIXADA,FOUND,BAIXADA,1,9,63712.20,226781.355120,259582.44863584734,-0.6282,Fornecedor com CNPJ suspeito
629,74159,Odair Cunha,PT,MG,Outros,Manutenção De Escritório De Apoio À Atividade Parlamentar,0,Documento não consultado por não ser CNPJ,NOT_APPLICABLE,,4,76,191200.00,123562.947566,162703.54342443834,0.4157,Comportamento esperado
608,204453,Natália Bonavides,PT,RN,Publicidade,Divulgação Da Atividade Parlamentar.,1,Situação cadastral não ativa: BAIXADA,FOUND,BAIXADA,2,17,50000.00,246483.533462,299233.5953313259,-0.6566,Fornecedor com CNPJ suspeito
783,204387,Sargento Fahur,PL,PR,Locomoção,Locação Ou Fretamento De Veículos Automotores,0,Sem indício cadastral crítico,FOUND,ATIVA,2,36,137337.82,113439.957419,130977.93601797776,0.1825,Comportamento esperado
148,220595,Coronel Fernanda,PL,MT,Combustível,Combustíveis E Lubrificantes.,1,Situação cadastral não ativa: BAIXADA,FOUND,BAIXADA,2,2,489.06,34330.305532,57340.29977264771,-0.5902,Fornecedor com CNPJ suspeito
592,178895,Misael Varella,PSD,MG,Comunicação,Telefonia,0,Sem indício cadastral crítico,FOUND,ATIVA,2,26,32590.71,15607.667083,19082.29985422686,0.89,Comportamento esperado
414,217480,Jones Moura,PSD,RJ,Hotéis,"Hospedagem ,exceto Do Parlamentar No Distrito Federal.",0,Sem indício cadastral crítico,FOUND,ATIVA,10,15,7052.15,13016.628636,21468.959145470457,-0.2778,Comportamento esperado
604,160542,Márcio Macêdo,PT,SE,Serviços profissionais,"Consultorias, Pesquisas E Trabalhos Técnicos.",1,Situação cadastral não ativa: BAIXADA,FOUND,BAIXADA,1,6,90000.00,82649.800000,100296.5049865647,0.0733,Fornecedor com CNPJ suspeito
847,204396,Vermelho,PL,PR,Combustível,Combustíveis E Lubrificantes.,0,Sem indício cadastral crítico,FOUND,ATIVA,141,444,200600.27,57944.345500,82353.4495793919,1.7322,Comportamento esperado
404,74273,Jefferson Campos,PL,SP,Comunicação,Telefonia,0,Sem indício cadastral crítico,FOUND,ATIVA,1,27,3902.03,19889.940211,25751.500071775903,-0.6209,Comportamento esperado
518,74784,Luiza Erundina,PSOL,SP,Combustível,Combustíveis E Lubrificantes.,0,Sem indício cadastral crítico,FOUND,ATIVA,61,307,175713.35,42192.750821,64034.19773844777,2.0851,Possível anomalia financeira
691,204529,Policial Katia Sastre,PL,SP,Outros,"Serviço De Táxi, Pedágio E Estacionamento",1,Situação cadastral não ativa: BAIXADA,FOUND,BAIXADA,1,13,180.40,11967.060840,16796.655097373645,-0.7017,Fornecedor com CNPJ suspeito
797,204360,Silvia Cristina,PL,RO,Combustível,Combustíveis E Lubrificantes.,1,Situação cadastral não ativa: BAIXADA,FOUND,BAIXADA,1,20,8108.59,64922.175357,86632.41303886044,-0.6558,Fornecedor com CNPJ suspeito
597,220584,Murilo Galdino,REPUBLICANOS,PB,Publicidade,Divulgação Da Atividade Parlamentar.,0,Sem indício cadastral crítico,FOUND,ATIVA,19,137,927800.00,324815.111538,407718.48875224456,1.4789,Comportamento esperado
398,220670,Iza Arruda,MDB,PE,Alimentação,Fornecimento De Alimentação Do Parlamentar,0,Sem indício cadastral crítico,FOUND,ATIVA,20,95,6575.89,3487.092941,8073.709935566787,0.3826,Comportamento esperado
321,141427,Fábio Ramalho,MDB,MG,Viagens,Passagem Aérea - Rpa,0,Sem indício cadastral crítico,FOUND,ATIVA,3,33,29915.13,40253.940526,63478.97879162227,-0.1629,Comportamento esperado
229,204481,Dr. Jaziel,PL,CE,Publicidade,Divulgação Da Atividade Parlamentar.,0,Sem indício cadastral crítico,FOUND,ATIVA,24,286,756617.16,263931.285395,366906.3702021798,1.3428,Comportamento esperado
363,73460,Gustavo Fruet,PDT,PR,Outros,Manutenção De Escritório De Apoio À Atividade Parlamentar,0,Sem indício cadastral crítico,FOUND,ATIVA,5,48,26870.63,86193.122500,116860.66498214444,-0.5076,Comportamento esperado
294,204371,Felipe Rigoni,UNIÃO,ES,Combustível,Combustíveis E Lubrificantes.,0,Sem indício cadastral crítico,FOUND,ATIVA,64,139,34249.61,49148.417879,67749.62213949014,-0.2199,Comportamento esperado
680,229112,Pedro Jr,PL,TO,Viagens,Passagem Aérea - Reembolso,0,Sem indício cadastral crítico,FOUND,ATIVA,1,1,2591.87,4645.874444,4227.848303939934,-0.4858,Comportamento esperado
636,204422,Ossesio Silva,REPUBLICANOS,PE,Publicidade,Divulgação Da Atividade Parlamentar.,0,Sem indício cadastral crítico,FOUND,ATIVA,6,65,614175.28,241972.708182,301628.5621101344,1.234,Comportamento esperado
274,204537,Enrico Misasi,MDB,SP,Outros,"Serviço De Táxi, Pedágio E Estacionamento",0,Sem indício cadastral crítico,FOUND,ATIVA,1,6,3653.86,11967.060840,16796.655097373645,-0.4949,Comportamento esperado
756,204480,Rogério Correia,PT,MG,Combustível,Combustíveis E Lubrificantes.,1,Situação cadastral não ativa: SUSPENSA,FOUND,SUSPENSA,1,1,141.93,65306.104375,92314.0005265802,-0.7059,Fornecedor com CNPJ suspeito
556,178943,Marcos Soares,PSDB,RJ,Outros,Manutenção De Escritório De Apoio À Atividade Parlamentar,0,Sem indício cadastral crítico,FOUND,ATIVA,3,3,851.55,80988.593819,134414.71100556676,-0.5962,Comportamento esperado
269,198783,Emanuel Pinheiro Neto,PSD,MT,Locomoção,Locação Ou Fretamento De Veículos Automotores,0,Sem indício cadastral crítico,FOUND,ATIVA,9,70,228484.61,134358.602609,119146.49353274485,0.79,Comportamento esperado
33,204516,Alexis Fonteyne,NOVO,SP,Comunicação,Telefonia,0,Sem indício cadastral crítico,FOUND,ATIVA,1,13,1274.88,19889.940211,25751.500071775903,-0.7229,Comportamento esperado
619,178896,Newton Cardoso Jr,MDB,MG,Publicidade,Divulgação Da Atividade Parlamentar.,1,Situação cadastral não ativa: BAIXADA,FOUND,BAIXADA,2,4,21100.00,194891.353020,276881.75990132586,-0.6277,Fornecedor com CNPJ suspeito
356,198197,Greyce Elias,PL,MG,Alimentação,Fornecimento De Alimentação Do Parlamentar,0,Sem indício cadastral crítico,FOUND,ATIVA,1,1,100.00,3421.773553,6721.942950865462,-0.4942,Comportamento esperado
313,204510,Franco Cartafina,PP,MG,Publicidade,Divulgação Da Atividade Parlamentar.,1,Situação cadastral não ativa: BAIXADA,FOUND,BAIXADA,3,7,25780.00,194891.353020,276881.75990132586,-0.6108,Fornecedor com CNPJ suspeito
423,74141,Josias Gomes,PT,BA,Locomoção,Locação Ou Fretamento De Veículos Automotores,1,Situação cadastral não ativa: SUSPENSA,FOUND,SUSPENSA,1,6,27000.00,292409.611930,213979.496522466,-1.2404,Fornecedor com CNPJ suspeito
193,220649,Delegado Da Cunha,UNIÃO,SP,Outros,"Serviço De Táxi, Pedágio E Estacionamento",0,Sem indício cadastral crítico,FOUND,ATIVA,9,21,1249.26,11967.060840,16796.655097373645,-0.6381,Comportamento esperado
812,235776,Sérgio Turra,PP,RS,Hotéis,"Hospedagem ,exceto Do Parlamentar No Distrito Federal.",0,Sem indício cadastral crítico,FOUND,ATIVA,1,1,180.00,21826.986437,35658.661568585754,-0.6071,Comportamento esperado
77,69871,Bacelar,PV,BA,Viagens,Passagem Aérea - Sigepa,,,,,0,251,221983.47,219376.223091,157819.4558803826,0.0165,Comportamento esperado
250,204541,Eduardo Bismarck,PV,CE,Combustível,Combustíveis E Lubrificantes.,0,Sem indício cadastral crítico,FOUND,ATIVA,101,376,105624.55,41977.960833,76764.60304100714,0.8291,Comportamento esperado
760,178861,Ronaldo Carletto,PP,BA,Combustível,Combustíveis E Lubrificantes.,0,Sem indício cadastral crítico,FOUND,ATIVA,36,70,17443.84,76280.976842,110667.4963849575,-0.5317,Comportamento esperado
104,204352,Camilo Capiberibe,PSB,AP,Viagens,Passagem Aérea - Sigepa,,,,,0,67,107282.70,180390.483889,137999.8120825282,-0.5298,Comportamento esperado
685,160604,Pedro Uczai,PT,SC,Alimentação,Fornecimento De Alimentação Do Parlamentar,0,Sem indício cadastral crítico,FOUND,ATIVA,276,821,51309.50,5345.501750,9873.801589562949,4.6551,Anomalia financeira extrema
685,160604,Pedro Uczai,PT,SC,Viagens,Passagem Aérea - Sigepa,,,,,0,456,537894.59,213397.721034,170101.01243018164,1.9077,Comportamento esperado
513,220658,Luiz Gastão,PSD,CE,Outros,Manutenção De Escritório De Apoio À Atividade Parlamentar,0,Sem indício cadastral crítico,FOUND,ATIVA,13,241,188467.64,68348.775082,105244.60317209057,1.1413,Comportamento esperado
417,214694,Jorge Goetten,REPUBLICANOS,SC,Combustível,Combustíveis E Lubrificantes.,0,Sem indício cadastral crítico,FOUND,ATIVA,264,688,224585.73,63943.250339,85631.6159933909,1.876,Comportamento esperado
784,220621,Sargento Gonçalves,PL,RN,Combustível,Combustíveis E Lubrificantes.,0,Sem indício cadastral crítico,FOUND,ATIVA,111,278,100677.74,51927.710333,76131.03428420173,0.6403,Comportamento esperado
548,204522,Marco Bertaiolli,PSD,SP,Viagens,Passagem Aérea - Rpa,0,Sem indício cadastral crítico,FOUND,ATIVA,3,95,96118.32,24943.515352,36157.13967829913,1.9685,Comportamento esperado
259,204364,Eli Borges,PL,TO,Publicidade,Divulgação Da Atividade Parlamentar.,0,Sem indício cadastral crítico,FOUND,ATIVA,6,22,34443.33,260231.601071,329408.0872597135,-0.6854,Comportamento esperado
498,220616,Luciano Vieira,PSDB,RJ,Combustível,Combustíveis E Lubrificantes.,0,Sem indício cadastral crítico,FOUND,ATIVA,97,427,95856.14,44023.319398,62812.667137756165,0.8252,Comportamento esperado
154,220608,Cristiane Lopes,PODE,RO,Alimentação,Fornecimento De Alimentação Do Parlamentar,0,Sem indício cadastral crítico,FOUND,ATIVA,100,301,17179.80,3332.884500,5228.833199412531,2.6482,Possível anomalia financeira
343,220529,Gilson Daniel,PODE,ES,Outros,Manutenção De Escritório De Apoio À Atividade Parlamentar,0,Sem indício cadastral crítico,FOUND,ATIVA,14,123,49466.81,101936.796563,164857.25422120074,-0.3183,Comportamento esperado
147,204378,Coronel Chrisóstomo,PL,RO,Publicidade,Divulgação Da Atividade Parlamentar.,1,Situação cadastral não ativa: BAIXADA,FOUND,BAIXADA,4,35,30400.00,289552.191071,359934.1329827757,-0.72,Fornecedor com CNPJ suspeito
49,220556,Ana Paula Lima,PT,SC,Comunicação,Telefonia,0,Sem indício cadastral crítico,FOUND,ATIVA,4,80,14112.07,7776.667391,7284.093764458291,0.8698,Comportamento esperado
514,204455,Luiz Lima,NOVO,RJ,Comunicação,Telefonia,0,Sem indício cadastral crítico,FOUND,ATIVA,2,38,7723.21,11897.719661,18918.17939394703,-0.2207,Comportamento esperado
623,74352,Nilson Pinto,PSDB,PA,Viagens,Passagem Aérea - Sigepa,,,,,0,70,114055.78,266111.307931,195578.09309190325,-0.7775,Comportamento esperado
815,178922,Tadeu Alencar,PSB,PE,Comunicação,Telefonia,0,Sem indício cadastral crítico,FOUND,ATIVA,2,21,6580.15,10941.974167,12252.099914667077,-0.356,Comportamento esperado
277,160575,Erika Kokay,PT,DF,Serviços profissionais,"Consultorias, Pesquisas E Trabalhos Técnicos.",0,Sem indício cadastral crítico,FOUND,ATIVA,4,16,150068.30,130756.100000,49792.87902531846,0.3879,Comportamento esperado
794,178961,Shéridan,PSDB,RR,Locomoção,Locação Ou Fretamento De Veículos Automotores,0,Sem indício cadastral crítico,FOUND,ATIVA,1,12,61601.10,156360.151875,107532.52503854835,-0.8812,Comportamento esperado
56,204423,André Ferreira,PL,PE,Locomoção,Locação Ou Fretamento De Veículos Automotores,0,Sem indício cadastral crítico,FOUND,ATIVA,5,103,533674.71,220869.240392,185976.71020526288,1.682,Comportamento esperado
493,220581,Luciano Amaral,PSD,AL,Combustível,Combustíveis E Lubrificantes.,1,Situação cadastral não ativa: BAIXADA,FOUND,BAIXADA,2,7,1613.25,41184.340741,54405.12179897842,-0.7273,Fornecedor com CNPJ suspeito
744,204489,Robério Monteiro,PSB,CE,Viagens,Passagem Aérea - Sigepa,,,,,0,49,91254.14,190828.457826,170630.5409255439,-0.5836,Comportamento esperado
143,88256,Clodoaldo Magalhães,PV,PE,Comunicação,Telefonia,0,Sem indício cadastral crítico,FOUND,ATIVA,2,3,244.62,10941.974167,12252.099914667077,-0.8731,Comportamento esperado
419,218245,Jorielson,PL,AP,Viagens,Passagem Aérea - Sigepa,,,,,0,16,23893.66,180390.483889,137999.8120825282,-1.134,Comportamento esperado
69,141391,Arnaldo Jardim,CIDADANIA,SP,Viagens,Passagem Aérea - Rpa,0,Sem indício cadastral crítico,FOUND,ATIVA,3,22,33520.95,24943.515352,36157.13967829913,0.2372,Comportamento esperado
737,178920,Ricardo Teobaldo,PODE,PE,Combustível,Combustíveis E Lubrificantes.,0,Sem indício cadastral crítico,FOUND,ATIVA,6,8,3356.54,53506.291935,82942.380015203,-0.6046,Comportamento esperado
111,229106,Carla Ayres,PT,SC,Outros,"Serviço De Táxi, Pedágio E Estacionamento",0,Sem indício cadastral crítico,FOUND,ATIVA,3,92,2799.82,2658.067742,3431.982973130558,0.0413,Comportamento esperado
646,160642,Pastor Eurico,PL,PE,Alimentação,Fornecimento De Alimentação Do Parlamentar,1,Erro na consulta pública de CNPJ,ERROR,,1,5,475.35,3487.092941,8073.709935566787,-0.373,Fornecedor com CNPJ suspeito
79,220605,Bandeira De Mello,PV,RJ,Comunicação,Telefonia,0,Sem indício cadastral crítico,FOUND,ATIVA,1,31,10168.14,11897.719661,18918.17939394703,-0.0914,Comportamento esperado
491,178879,Lucas Vergilio,SOLIDARIEDADE,GO,Combustível,Combustíveis E Lubrificantes.,1,Situação cadastral não ativa: BAIXADA,FOUND,BAIXADA,1,1,390.00,65044.277593,95738.05404592726,-0.6753,Fornecedor com CNPJ suspeito
710,220626,Rafael Simoes,UNIÃO,MG,Outros,Manutenção De Escritório De Apoio À Atividade Parlamentar,1,Erro na consulta pública de CNPJ,ERROR,,1,3,1711.98,123562.947566,162703.54342443834,-0.7489,Fornecedor com CNPJ suspeito
365,204408,Gustinho Ribeiro,PP,SE,Viagens,Passagem Aérea - Rpa,0,Sem indício cadastral crítico,FOUND,ATIVA,2,13,17818.32,13988.180000,15171.00483116322,0.2525,Comportamento esperado
817,230177,Tadeu Oliveira,PL,CE,Outros,Manutenção De Escritório De Apoio À Atividade Parlamentar,0,Sem indício cadastral crítico,FOUND,ATIVA,2,4,1730.28,68348.775082,105244.60317209057,-0.633,Comportamento esperado
536,204433,Marcelo Calero,PSD,RJ,Hotéis,"Hospedagem ,exceto Do Parlamentar No Distrito Federal.",0,Sem indício cadastral crítico,FOUND,ATIVA,6,17,6138.59,13016.628636,21468.959145470457,-0.3204,Comportamento esperado
22,204413,Alcides Rodrigues,PATRIOTA,GO,Combustível,Combustíveis E Lubrificantes.,1,Situação cadastral não ativa: BAIXADA,FOUND,BAIXADA,1,1,471.51,65044.277593,95738.05404592726,-0.6745,Fornecedor com CNPJ suspeito
230,204439,Dr. Leonardo,REPUBLICANOS,MT,Combustível,Combustíveis E Lubrificantes.,0,Sem indício cadastral crítico,FOUND,ATIVA,78,200,42513.19,34330.305532,57340.29977264771,0.1427,Comportamento esperado
802,220651,Simone Marquetto,PP,SP,Outros,Manutenção De Escritório De Apoio À Atividade Parlamentar,0,Sem indício cadastral crítico,FOUND,ATIVA,6,153,155771.01,98538.487659,143509.98800071477,0.3988,Comportamento esperado
715,74161,Reginaldo Lopes,PT,MG,Viagens,Passagem Aérea - Rpa,0,Sem indício cadastral crítico,FOUND,ATIVA,3,153,158790.80,40253.940526,63478.97879162227,1.8673,Comportamento esperado
87,178948,Beto Rosado,PP,RN,Viagens,Passagem Aérea - Sigepa,,,,,0,84,115532.26,162797.373750,139730.51949096413,-0.3383,Comportamento esperado
762,163321,Ronaldo Nogueira,REPUBLICANOS,RS,Combustível,Combustíveis E Lubrificantes.,0,Sem indício cadastral crítico,FOUND,ATIVA,265,852,150479.61,60520.148547,97388.05968907535,0.9237,Comportamento esperado
370,178873,Helder Salomão,PT,ES,Combustível,Combustíveis E Lubrificantes.,0,Sem indício cadastral crítico,FOUND,ATIVA,67,843,160651.25,49148.417879,67749.62213949014,1.6458,Comportamento esperado
501,222429,Luis Carlos Gomes,REPUBLICANOS,RJ,Outros,Manutenção De Escritório De Apoio À Atividade Parlamentar,0,Sem indício cadastral crítico,FOUND,ATIVA,3,37,32341.25,80988.593819,134414.71100556676,-0.3619,Comportamento esperado
277,160575,Erika Kokay,PT,DF,Combustível,Combustíveis E Lubrificantes.,1,Situação cadastral não ativa: BAIXADA,FOUND,BAIXADA,2,4,1111.21,33372.670769,51515.7382887601,-0.6262,Fornecedor com CNPJ suspeito
141,74537,Claudio Cajado,PP,BA,Outros,"Serviço De Táxi, Pedágio E Estacionamento",0,Sem indício cadastral crítico,FOUND,ATIVA,4,58,13715.37,7947.726552,12451.86965129915,0.4632,Comportamento esperado
201,164359,Delegado Waldir,UNIÃO,GO,Combustível,Combustíveis E Lubrificantes.,1,Situação cadastral não ativa: BAIXADA,FOUND,BAIXADA,2,3,782.80,65044.277593,95738.05404592726,-0.6712,Fornecedor com CNPJ suspeito
432,204555,José Ricardo,PT,AM,Outros,Manutenção De Escritório De Apoio À Atividade Parlamentar,0,Sem indício cadastral crítico,FOUND,ATIVA,6,56,103315.97,35177.838000,53399.12696043168,1.276,Comportamento esperado
215,160758,Domingos Sávio,PL,MG,Combustível,Combustíveis E Lubrificantes.,0,Sem indício cadastral crítico,FOUND,ATIVA,113,313,186914.89,65306.104375,92314.0005265802,1.3173,Comportamento esperado
570,178843,Marx Beltrão,PP,AL,Publicidade,Divulgação Da Atividade Parlamentar.,0,Sem indício cadastral crítico,FOUND,ATIVA,5,21,356216.00,358459.172381,402499.84210100886,-0.0056,Comportamento esperado
736,213274,Ricardo Silva,PSD,SP,Viagens,Passagem Aérea - Sigepa,,,,,0,151,158713.57,185430.171967,136227.76556134285,-0.1961,Comportamento esperado
561,204540,Maria Rosas,REPUBLICANOS,SP,Combustível,Combustíveis E Lubrificantes.,1,CNPJ não encontrado na API pública,NOT_FOUND,,1,2,200.00,42192.750821,64034.19773844777,-0.6558,Fornecedor com CNPJ suspeito
299,141431,Fernando Coelho Filho,UNIÃO,PE,Locomoção,Locação Ou Fretamento De Veículos Automotores,0,Sem indício cadastral crítico,FOUND,ATIVA,4,69,375676.27,220869.240392,185976.71020526288,0.8324,Comportamento esperado
377,178981,Herculano Passos,REPUBLICANOS,SP,Comunicação,Telefonia,0,Sem indício cadastral crítico,FOUND,ATIVA,4,44,8608.20,19889.940211,25751.500071775903,-0.4381,Comportamento esperado
507,141485,Luiz Carlos Busato,UNIÃO,RS,Alimentação,Fornecimento De Alimentação Do Parlamentar,1,Situação cadastral não ativa: BAIXADA,FOUND,BAIXADA,5,6,439.80,7368.085075,13657.337051272762,-0.5073,Fornecedor com CNPJ suspeito
835,157130,Túlio Gadêlha,REDE,PE,Combustível,Combustíveis E Lubrificantes.,1,Situação cadastral não ativa: BAIXADA,FOUND,BAIXADA,5,5,830.13,53506.291935,82942.380015203,-0.6351,Fornecedor com CNPJ suspeito
216,220573,Dorinaldo Malafaia,PDT,AP,Hotéis,"Hospedagem ,exceto Do Parlamentar No Distrito Federal.",0,Sem indício cadastral crítico,FOUND,ATIVA,5,8,8248.11,5136.092500,6592.979949253359,0.472,Comportamento esperado
800,204425,Silvio Costa Filho,REPUBLICANOS,PE,Outros,Manutenção De Escritório De Apoio À Atividade Parlamentar,0,Sem indício cadastral crítico,FOUND,ATIVA,2,20,129144.68,90785.734524,140277.34198893898,0.2735,Comportamento esperado
732,204362,Ricardo Guidi,PL,SC,Locomoção,Locação Ou Fretamento De Veículos Automotores,0,Sem indício cadastral crítico,FOUND,ATIVA,5,25,181399.27,154711.621212,151032.92349497412,0.1767,Comportamento esperado
716,221378,Reginete Bispo,PT,RS,Publicidade,Divulgação Da Atividade Parlamentar.,1,Situação cadastral não ativa: BAIXADA,FOUND,BAIXADA,6,13,132439.99,215724.063125,265101.600265673,-0.3142,Fornecedor com CNPJ suspeito
339,74383,Giacobo,PSD,PR,Publicidade,Divulgação Da Atividade Parlamentar.,0,Sem indício cadastral crítico,FOUND,ATIVA,5,37,1318804.50,263664.052022,329972.5348930845,3.1977,Anomalia financeira extrema
523,204359,Léo Moraes,PODE,RO,Viagens,Passagem Aérea - Rpa,0,Sem indício cadastral crítico,FOUND,ATIVA,2,2,4517.65,78085.307500,52637.50410364546,-1.3976,Comportamento esperado
128,73441,Celso Russomanno,REPUBLICANOS,SP,Publicidade,Divulgação Da Atividade Parlamentar.,0,Sem indício cadastral crítico,FOUND,ATIVA,1,14,49000.00,243741.226243,313657.1515008437,-0.6209,Comportamento esperado
346,220531,Gilvan Maximo,REPUBLICANOS,DF,Viagens,Passagem Aérea - Sigepa,,,,,0,3,1109.60,35467.657000,44918.944493537856,-0.7649,Comportamento esperado
855,204532,Vinicius Poit,NOVO,SP,Serviços profissionais,"Consultorias, Pesquisas E Trabalhos Técnicos.",0,Sem indício cadastral crítico,FOUND,ATIVA,1,15,181800.00,42478.291429,47664.49520078613,2.923,Possível anomalia financeira
336,74374,Geraldo Resende,UNIÃO,MS,Hotéis,"Hospedagem ,exceto Do Parlamentar No Distrito Federal.",0,Sem indício cadastral crítico,FOUND,ATIVA,8,9,6610.40,14950.264286,18538.468264889183,-0.4499,Comportamento esperado
3,204554,Abílio Santana,PSC,BA,Locomoção,Locação Ou Fretamento De Veículos Automotores,0,Sem indício cadastral crítico,FOUND,ATIVA,1,10,112000.00,292409.611930,213979.496522466,-0.8431,Comportamento esperado
93,160538,Bohn Gass,PT,RS,Outros,Manutenção De Escritório De Apoio À Atividade Parlamentar,1,Erro na consulta pública de CNPJ,ERROR,,1,14,1544.14,109428.142500,149558.61424927576,-0.7213,Fornecedor com CNPJ suspeito
538,76874,Marcelo Freixo,PSB,RJ,Publicidade,Divulgação Da Atividade Parlamentar.,0,Sem indício cadastral crítico,FOUND,ATIVA,8,12,72163.52,226781.355120,259582.44863584734,-0.5956,Comportamento esperado
365,204408,Gustinho Ribeiro,PP,SE,Publicidade,Divulgação Da Atividade Parlamentar.,0,Sem indício cadastral crítico,FOUND,ATIVA,11,44,958302.00,230946.483077,301200.1033422071,2.4149,Possível anomalia financeira
790,178933,Sergio Souza,MDB,PR,Outros,Manutenção De Escritório De Apoio À Atividade Parlamentar,0,Sem indício cadastral crítico,FOUND,ATIVA,16,495,232503.20,86193.122500,116860.66498214444,1.252,Comportamento esperado
763,204525,Rosana Valle,PL,SP,Combustível,Combustíveis E Lubrificantes.,1,Situação cadastral não ativa: SUSPENSA,FOUND,SUSPENSA,1,11,1730.53,42192.750821,64034.19773844777,-0.6319,Fornecedor com CNPJ suspeito
498,220616,Luciano Vieira,PSDB,RJ,Viagens,Passagem Aérea - Sigepa,,,,,0,328,416449.36,213577.740357,175550.75566941444,1.1556,Comportamento esperado
711,204567,Raimundo Costa,PODE,BA,Alimentação,Fornecimento De Alimentação Do Parlamentar,0,Sem indício cadastral crítico,FOUND,ATIVA,43,80,7354.32,5334.958511,10548.888785765435,0.1914,Comportamento esperado
580,75431,Maurício Dziedricki,PODE,RS,Outros,"Serviço De Táxi, Pedágio E Estacionamento",1,Situação cadastral não ativa: BAIXADA,FOUND,BAIXADA,2,40,2393.00,10192.084923,16137.89190584743,-0.4833,Fornecedor com CNPJ suspeito
482,204405,Liziane Bayer,REPUBLICANOS,RS,Viagens,Passagem Aérea - Rpa,0,Sem indício cadastral crítico,FOUND,ATIVA,2,29,44177.51,23263.014545,27193.710295909314,0.7691,Comportamento esperado
224,220610,Dr. Fernando Máximo,PL,RO,Outros,Manutenção De Escritório De Apoio À Atividade Parlamentar,0,Sem indício cadastral crítico,FOUND,ATIVA,4,26,45763.16,40149.183103,63678.43736701476,0.0882,Comportamento esperado
582,220591,Meire Serafim,UNIÃO,AC,Alimentação,Fornecimento De Alimentação Do Parlamentar,1,Situação cadastral não ativa: BAIXADA,FOUND,BAIXADA,10,13,503.57,3506.161818,10352.10370735419,-0.29,Fornecedor com CNPJ suspeito
768,178935,Rossoni,PSDB,PR,Publicidade,Divulgação Da Atividade Parlamentar.,0,Sem indício cadastral crítico,FOUND,ATIVA,5,10,18500.00,263664.052022,329972.5348930845,-0.743,Comportamento esperado
84,204358,Beto Pereira,PSDB,MS,Outros,Manutenção De Escritório De Apoio À Atividade Parlamentar,0,Sem indício cadastral crítico,FOUND,ATIVA,7,59,52752.69,74966.746667,80602.5088063342,-0.2756,Comportamento esperado
55,220657,André Fernandes,PL,CE,Combustível,Combustíveis E Lubrificantes.,0,Sem indício cadastral crítico,FOUND,ATIVA,55,111,30160.49,41977.960833,76764.60304100714,-0.1539,Comportamento esperado
850,178888,Victor Mendes,MDB,MA,Locomoção,Locação Ou Fretamento De Veículos Automotores,0,Sem indício cadastral crítico,FOUND,ATIVA,1,8,46000.00,122090.952683,112418.39663710551,-0.6769,Comportamento esperado
341,204491,Gilberto Abramo,REPUBLICANOS,MG,Locomoção,Locação Ou Fretamento De Veículos Automotores,1,Situação cadastral não ativa: BAIXADA,FOUND,BAIXADA,1,30,323000.00,199358.988889,190617.58878325575,0.6486,Fornecedor com CNPJ suspeito
668,128760,Paulo Marinho Jr,PL,MA,Alimentação,Fornecimento De Alimentação Do Parlamentar,0,Sem indício cadastral crítico,FOUND,ATIVA,3,3,451.61,1328.951538,1567.1502413768233,-0.5598,Comportamento esperado
398,220670,Iza Arruda,MDB,PE,Publicidade,Divulgação Da Atividade Parlamentar.,1,Situação cadastral não ativa: BAIXADA,FOUND,BAIXADA,3,4,21081.68,241972.708182,301628.5621101344,-0.7323,Fornecedor com CNPJ suspeito
285,178905,Fabio Garcia,UNIÃO,MT,Outros,Manutenção De Escritório De Apoio À Atividade Parlamentar,0,Sem indício cadastral crítico,FOUND,ATIVA,5,8,10058.60,55063.669706,75019.05976556618,-0.5999,Comportamento esperado
471,204375,Leda Sadala,PP,AP,Publicidade,Divulgação Da Atividade Parlamentar.,0,Sem indício cadastral crítico,FOUND,ATIVA,5,16,155256.80,282209.245429,388109.6753004129,-0.3271,Comportamento esperado
902,,,,NA,Combustível,Combustíveis E Lubrificantes.,0,Sem indício cadastral crítico,FOUND,ATIVA,8,21,9893.32,20989.039000,33381.70257372158,-0.3324,Comportamento esperado
652,74160,Patrus Ananias,PT,MG,Publicidade,Divulgação Da Atividade Parlamentar.,1,Erro na consulta pública de CNPJ,ERROR,,1,2,1582.24,194891.353020,276881.75990132586,-0.6982,Fornecedor com CNPJ suspeito
152,220590,Coronel Ulysses,UNIÃO,AC,Comunicação,Telefonia,0,Sem indício cadastral crítico,FOUND,ATIVA,1,10,1508.72,4341.214167,4755.124320798006,-0.5957,Comportamento esperado
773,178887,Rubens Pereira Júnior,PT,MA,Serviços profissionais,"Consultorias, Pesquisas E Trabalhos Técnicos.",1,Situação cadastral não ativa: INAPTA,FOUND,INAPTA,1,3,2500.00,73247.500000,60193.25778602398,-1.1753,Fornecedor com CNPJ suspeito
899,,,,NA,Alimentação,Fornecimento De Alimentação Do Parlamentar,1,Situação cadastral não ativa: BAIXADA,FOUND,BAIXADA,1,24,20301.00,76824.316875,122514.48277202321,-0.4614,Fornecedor com CNPJ suspeito
191,220642,Delegado Bruno Lima,PODE,SP,Viagens,Passagem Aérea - Reembolso,0,Sem indício cadastral crítico,FOUND,ATIVA,3,6,9725.73,9758.571000,11443.414965885137,-0.0029,Comportamento esperado
636,204422,Ossesio Silva,REPUBLICANOS,PE,Combustível,Combustíveis E Lubrificantes.,1,CNPJ não encontrado na API pública,NOT_FOUND,,3,4,400.00,53506.291935,82942.380015203,-0.6403,Fornecedor com CNPJ suspeito
638,204441,Otoni De Paula,MDB,RJ,Locomoção,Locação Ou Fretamento De Veículos Automotores,0,Sem indício cadastral crítico,FOUND,ATIVA,1,13,99000.00,162239.394390,163272.60476613723,-0.3873,Comportamento esperado
698,204383,Professor Israel Batista,PSB,DF,Outros,Manutenção De Escritório De Apoio À Atividade Parlamentar,0,Sem indício cadastral crítico,FOUND,ATIVA,2,18,8803.60,95246.480000,164390.52276665662,-0.5258,Comportamento esperado
482,204405,Liziane Bayer,REPUBLICANOS,RS,Outros,Manutenção De Escritório De Apoio À Atividade Parlamentar,0,Documento não consultado por não ser CNPJ,NOT_APPLICABLE,,1,12,59097.76,109428.142500,149558.61424927576,-0.3365,Comportamento esperado
209,178929,Diego Garcia,UNIÃO,PR,Outros,"Passagens Terrestres, Marítimas Ou Fluviais",0,Sem indício cadastral crítico,FOUND,ATIVA,3,9,960.17,1895.154815,2124.8795888027494,-0.44,Comportamento esperado
110,204487,Capitão Wagner,UNIÃO,CE,Comunicação,Telefonia,0,Sem indício cadastral crítico,FOUND,ATIVA,2,9,11534.10,11707.711071,16858.211643996754,-0.0103,Comportamento esperado
77,69871,Bacelar,PV,BA,Outros,Manutenção De Escritório De Apoio À Atividade Parlamentar,0,Documento não consultado por não ser CNPJ,NOT_APPLICABLE,,1,37,317077.20,98257.521290,134321.8726415135,1.6291,Comportamento esperado
573,220628,Mauricio Do Vôlei,PL,MG,Combustível,Combustíveis E Lubrificantes.,1,Situação cadastral não ativa: BAIXADA,FOUND,BAIXADA,3,3,710.26,65306.104375,92314.0005265802,-0.6997,Fornecedor com CNPJ suspeito
384,160674,Hugo Motta,REPUBLICANOS,PB,Viagens,Passagem Aérea - Rpa,0,Sem indício cadastral crítico,FOUND,ATIVA,1,2,3660.13,6222.055333,8497.227830281614,-0.3015,Comportamento esperado
34,221148,Alfredinho,PT,SP,Viagens,Passagem Aérea - Sigepa,,,,,0,159,198513.40,185430.171967,136227.76556134285,0.096,Comportamento esperado
81,73701,Benedita Da Silva,PT,RJ,Viagens,Passagem Aérea - Sigepa,,,,,0,245,283386.11,213577.740357,175550.75566941444,0.3977,Comportamento esperado
802,220651,Simone Marquetto,PP,SP,Combustível,Combustíveis E Lubrificantes.,0,Sem indício cadastral crítico,FOUND,ATIVA,198,681,97246.72,42192.750821,64034.19773844777,0.8598,Comportamento esperado
673,171617,Paulão,PT,AL,Publicidade,Divulgação Da Atividade Parlamentar.,0,Sem indício cadastral crítico,FOUND,ATIVA,20,149,577533.52,358459.172381,402499.84210100886,0.5443,Comportamento esperado
21,160559,Alceu Moreira,MDB,RS,Combustível,Combustíveis E Lubrificantes.,1,Situação cadastral não ativa: BAIXADA,FOUND,BAIXADA,9,34,5505.82,60520.148547,97388.05968907535,-0.5649,Fornecedor com CNPJ suspeito
478,92102,Leur Lomanto Júnior,UNIÃO,BA,Outros,Manutenção De Escritório De Apoio À Atividade Parlamentar,0,Documento não consultado por não ser CNPJ,NOT_APPLICABLE,,1,51,309274.89,98257.521290,134321.8726415135,1.571,Comportamento esperado
840,160610,Valmir Assunção,PT,BA,Viagens,Passagem Aérea - Sigepa,,,,,0,496,630367.47,219376.223091,157819.4558803826,2.6042,Possível anomalia financeira
504,204410,Luisa Canziani,UNIÃO,PR,Combustível,Combustíveis E Lubrificantes.,0,Sem indício cadastral crítico,FOUND,ATIVA,70,165,210424.43,57944.345500,82353.4495793919,1.8515,Comportamento esperado
32,204503,Alexandre Padilha,PT,SP,Alimentação,Fornecimento De Alimentação Do Parlamentar,0,Sem indício cadastral crítico,FOUND,ATIVA,30,50,2524.86,3366.001170,5609.697337170304,-0.1499,Comportamento esperado
339,74383,Giacobo,PL,PR,Publicidade,Divulgação Da Atividade Parlamentar.,0,Sem indício cadastral crítico,FOUND,ATIVA,4,8,210100.00,263664.052022,329972.5348930845,-0.1623,Comportamento esperado
139,178939,Clarissa Garotinho,UNIÃO,RJ,Publicidade,Divulgação Da Atividade Parlamentar.,0,Sem indício cadastral crítico,FOUND,ATIVA,1,5,32900.00,226781.355120,259582.44863584734,-0.7469,Comportamento esperado
74,220577,Augusto Puppio,MDB,AP,Combustível,Combustíveis E Lubrificantes.,0,Sem indício cadastral crítico,FOUND,ATIVA,63,265,64503.89,24571.047667,39205.554475113444,1.0186,Comportamento esperado
388,204533,Idilvan Alencar,PSB,CE,Outros,Manutenção De Escritório De Apoio À Atividade Parlamentar,0,Sem indício cadastral crítico,FOUND,ATIVA,5,60,82566.85,68348.775082,105244.60317209057,0.1351,Comportamento esperado
504,204410,Luisa Canziani,PSD,PR,Publicidade,Divulgação Da Atividade Parlamentar.,0,Sem indício cadastral crítico,FOUND,ATIVA,18,30,83721.00,263664.052022,329972.5348930845,-0.5453,Comportamento esperado
788,178921,Sebastião Oliveira,AVANTE,PE,Outros,Manutenção De Escritório De Apoio À Atividade Parlamentar,0,Sem indício cadastral crítico,FOUND,ATIVA,7,55,70617.56,90785.734524,140277.34198893898,-0.1438,Comportamento esperado
735,220633,Ricardo Salles,NOVO,SP,Outros,"Serviço De Táxi, Pedágio E Estacionamento",0,Sem indício cadastral crítico,FOUND,ATIVA,5,42,19553.16,11967.060840,16796.655097373645,0.4516,Comportamento esperado
23,204501,Alencar Santana,PT,SP,Locomoção,Locação Ou Fretamento De Veículos Automotores,0,Sem indício cadastral crítico,FOUND,ATIVA,3,56,323553.00,147254.510948,139673.23431152088,1.2622,Comportamento esperado
878,160632,Zé Silva,SOLIDARIEDADE,MG,Viagens,Passagem Aérea - Sigepa,,,,,0,58,78078.17,195216.599630,167832.49260588933,-0.6979,Comportamento esperado
685,160604,Pedro Uczai,PT,SC,Outros,"Serviço De Táxi, Pedágio E Estacionamento",0,Documento não consultado por não ser CNPJ,NOT_APPLICABLE,,3,3,167.00,2658.067742,3431.982973130558,-0.7258,Comportamento esperado
856,178992,Vitor Lippi,PSDB,SP,Combustível,Combustíveis E Lubrificantes.,1,Situação cadastral não ativa: BAIXADA,FOUND,BAIXADA,2,7,1262.42,42192.750821,64034.19773844777,-0.6392,Fornecedor com CNPJ suspeito
777,178990,Samuel Moreira,PSDB,SP,Comunicação,Telefonia,0,Sem indício cadastral crítico,FOUND,ATIVA,1,28,6278.12,19889.940211,25751.500071775903,-0.5286,Comportamento esperado
618,229939,Newton Bonin,UNIÃO,PR,Hotéis,"Hospedagem ,exceto Do Parlamentar No Distrito Federal.",0,Sem indício cadastral crítico,FOUND,ATIVA,4,4,1136.31,18419.328649,34024.43115299299,-0.508,Comportamento esperado
607,178858,Mário Negromonte Jr.,PP,BA,Viagens,Passagem Aérea - Rpa,0,Sem indício cadastral crítico,FOUND,ATIVA,2,4,8542.83,31763.658913,54219.86604798766,-0.4283,Comportamento esperado
140,220665,Clarissa Tércio,PP,PE,Viagens,Passagem Aérea - Rpa,0,Sem indício cadastral crítico,FOUND,ATIVA,2,2,4702.50,15238.795000,22485.76149111043,-0.4686,Comportamento esperado
534,146788,Marcelo Aro,PP,MG,Outros,"Serviço De Táxi, Pedágio E Estacionamento",0,Sem indício cadastral crítico,FOUND,ATIVA,1,24,143.20,5572.245385,10370.293242628488,-0.5235,Comportamento esperado
675,90201,Pedro Augusto Bezerra,PDT,CE,Viagens,Passagem Aérea - Sigepa,,,,,0,10,16333.30,190828.457826,170630.5409255439,-1.0226,Comportamento esperado
81,73701,Benedita Da Silva,PT,RJ,Publicidade,Divulgação Da Atividade Parlamentar.,1,Erro na consulta pública de CNPJ,ERROR,,1,2,1139.49,226781.355120,259582.44863584734,-0.8692,Fornecedor com CNPJ suspeito
492,138286,Luciano Alves,PSD,PR,Outros,"Serviço De Táxi, Pedágio E Estacionamento",0,Documento não consultado por não ser CNPJ,NOT_APPLICABLE,,3,4,346.13,5713.999474,13397.131596894355,-0.4007,Comportamento esperado
362,204442,Gurgel,PL,RJ,Locomoção,Locação Ou Fretamento De Veículos Automotores,0,Sem indício cadastral crítico,FOUND,ATIVA,2,15,94760.00,162239.394390,163272.60476613723,-0.4133,Comportamento esperado
538,76874,Marcelo Freixo,PSB,RJ,Viagens,Passagem Aérea - Sigepa,,,,,0,95,122736.90,213577.740357,175550.75566941444,-0.5175,Comportamento esperado
390,204508,Igor Timo,UNIÃO,MG,Outros,Manutenção De Escritório De Apoio À Atividade Parlamentar,0,Sem indício cadastral crítico,FOUND,ATIVA,24,332,335154.97,123562.947566,162703.54342443834,1.3005,Comportamento esperado
47,220596,Amália Barros,PL,MT,Outros,Manutenção De Escritório De Apoio À Atividade Parlamentar,0,Sem indício cadastral crítico,FOUND,ATIVA,4,54,145249.82,55063.669706,75019.05976556618,1.2022,Comportamento esperado
879,220558,Zé Trovão,PL,SC,Combustível,Combustíveis E Lubrificantes.,0,Sem indício cadastral crítico,FOUND,ATIVA,276,617,194709.74,63943.250339,85631.6159933909,1.5271,Comportamento esperado
635,73692,Osmar Terra,MDB,RS,Combustível,Combustíveis E Lubrificantes.,0,Sem indício cadastral crítico,FOUND,ATIVA,102,210,46871.24,60520.148547,97388.05968907535,-0.1401,Comportamento esperado
808,92776,Stefano Aguiar,PSD,MG,Locomoção,Locação Ou Fretamento De Veículos Automotores,0,Sem indício cadastral crítico,FOUND,ATIVA,5,94,437424.87,199358.988889,190617.58878325575,1.2489,Comportamento esperado
811,73808,Sérgio Brito,PSD,BA,Publicidade,Divulgação Da Atividade Parlamentar.,0,Sem indício cadastral crítico,FOUND,ATIVA,3,23,173000.00,317318.910361,328157.1355142384,-0.4398,Comportamento esperado
797,204360,Silvia Cristina,PP,RO,Comunicação,Telefonia,0,Sem indício cadastral crítico,FOUND,ATIVA,1,39,9887.68,15683.564000,17340.40119270922,-0.3342,Comportamento esperado
6,221328,Adilson Barroso,PL,SP,Combustível,Combustíveis E Lubrificantes.,0,Sem indício cadastral crítico,FOUND,ATIVA,182,755,164660.59,42192.750821,64034.19773844777,1.9125,Comportamento esperado
786,220713,Saullo Vianna,MDB,AM,Combustível,Combustíveis E Lubrificantes.,0,Sem indício cadastral crítico,FOUND,ATIVA,32,88,29160.69,27982.215263,36043.55549981074,0.0327,Comportamento esperado
866,182146,Wolmer Araújo,SOLIDARIEDADE,MA,Publicidade,Divulgação Da Atividade Parlamentar.,0,Sem indício cadastral crítico,FOUND,ATIVA,8,18,132960.00,299945.123175,386285.4495039867,-0.4323,Comportamento esperado
310,191923,Flávio Nogueira,PT,PI,Comunicação,Telefonia,0,Sem indício cadastral crítico,FOUND,ATIVA,4,121,32394.92,15912.685455,14251.787111607697,1.1565,Comportamento esperado
163,141411,Dagoberto Nogueira,PSDB,MS,Combustível,Combustíveis E Lubrificantes.,0,Sem indício cadastral crítico,FOUND,ATIVA,8,27,54644.59,73790.692609,89494.27774679432,-0.2139,Comportamento esperado
853,204478,Vinicius Farah,UNIÃO,RJ,Combustível,Combustíveis E Lubrificantes.,0,Sem indício cadastral crítico,FOUND,ATIVA,61,95,16172.71,44023.319398,62812.667137756165,-0.4434,Comportamento esperado
875,178889,Zé Carlos,PT,MA,Combustível,Combustíveis E Lubrificantes.,0,Sem indício cadastral crítico,FOUND,ATIVA,44,91,24675.17,34895.172615,52384.05405357016,-0.1951,Comportamento esperado
414,217480,Jones Moura,PSD,RJ,Comunicação,Telefonia,0,Sem indício cadastral crítico,FOUND,ATIVA,2,9,532.19,11897.719661,18918.17939394703,-0.6008,Comportamento esperado
240,227800,Duarte Gonçalves Jr,REPUBLICANOS,MG,Hotéis,"Hospedagem ,exceto Do Parlamentar No Distrito Federal.",0,Sem indício cadastral crítico,FOUND,ATIVA,8,16,3875.95,17018.453084,26330.369533202334,-0.4991,Comportamento esperado
687,204406,Pedro Westphalen,PP,RS,Locomoção,Locação Ou Fretamento De Veículos Automotores,0,Sem indício cadastral crítico,FOUND,ATIVA,3,105,546623.86,182736.733051,177547.8783363845,2.0495,Possível anomalia financeira
815,178922,Tadeu Alencar,PSB,PE,Hotéis,"Hospedagem ,exceto Do Parlamentar No Distrito Federal.",0,Sem indício cadastral crítico,FOUND,ATIVA,32,131,31132.60,17089.374528,23447.97906027458,0.5989,Comportamento esperado
186,220539,Defensor Stélio Dener,UNIÃO,RR,Outros,Serviço De Segurança Prestado Por Empresa Especializada.,0,Sem indício cadastral crítico,FOUND,ATIVA,1,9,54000.00,69150.000000,78047.86992609088,-0.1941,Comportamento esperado
118,204460,Carlos Jordy,PL,RJ,Publicidade,Divulgação Da Atividade Parlamentar.,0,Sem indício cadastral crítico,FOUND,ATIVA,4,39,410400.00,226781.355120,259582.44863584734,0.7074,Comportamento esperado
293,204398,Felipe Francischini,PODE,PR,Outros,"Serviço De Táxi, Pedágio E Estacionamento",0,Sem indício cadastral crítico,FOUND,ATIVA,2,7,291.04,5713.999474,13397.131596894355,-0.4048,Comportamento esperado
380,100689,Hildo Do Candango,REPUBLICANOS,GO,Outros,Manutenção De Escritório De Apoio À Atividade Parlamentar,0,Sem indício cadastral crítico,FOUND,ATIVA,2,5,3294.30,100447.486545,162486.21407041358,-0.5979,Comportamento esperado
435,141458,João Carlos Bacelar,PL,BA,Hotéis,"Hospedagem ,exceto Do Parlamentar No Distrito Federal.",0,Sem indício cadastral crítico,FOUND,ATIVA,10,12,17789.25,14559.116889,26542.375379101115,0.1217,Comportamento esperado
519,178866,Luizianne Lins,REDE,CE,Viagens,Passagem Aérea - Reembolso,0,Sem indício cadastral crítico,FOUND,ATIVA,3,5,17362.45,12007.303200,17888.200103405623,0.2994,Comportamento esperado
209,178929,Diego Garcia,REPUBLICANOS,PR,Combustível,Combustíveis E Lubrificantes.,1,Situação cadastral não ativa: BAIXADA,FOUND,BAIXADA,1,1,400.00,57944.345500,82353.4495793919,-0.6987,Fornecedor com CNPJ suspeito
877,204559,Zé Neto,PT,BA,Viagens,Passagem Aérea - Rpa,0,Sem indício cadastral crítico,FOUND,ATIVA,3,24,23601.65,31763.658913,54219.86604798766,-0.1505,Comportamento esperado
127,141405,Celso Maldaner,MDB,SC,Hotéis,"Hospedagem ,exceto Do Parlamentar No Distrito Federal.",1,Situação cadastral não ativa: BAIXADA,FOUND,BAIXADA,1,2,338.00,36695.958649,43528.74004922331,-0.8353,Fornecedor com CNPJ suspeito
344,204365,Gilson Marques,NOVO,SC,Outros,Manutenção De Escritório De Apoio À Atividade Parlamentar,0,Sem indício cadastral crítico,FOUND,ATIVA,3,14,11236.90,70964.571200,106769.4367602354,-0.5594,Comportamento esperado
383,141450,Hugo Leal,PSD,RJ,Viagens,Passagem Aérea - Reembolso,1,Erro na consulta pública de CNPJ,ERROR,,1,1,31560.30,9840.865893,10669.362639943789,2.0357,Possível anomalia com fornecedor suspeito
683,122158,Pedro Paulo,PSD,RJ,Viagens,Passagem Aérea - Rpa,0,Sem indício cadastral crítico,FOUND,ATIVA,1,10,10637.74,24365.871064,36425.48190750471,-0.3769,Comportamento esperado
582,220591,Meire Serafim,UNIÃO,AC,Locomoção,Locação Ou Fretamento De Veículos Automotores,0,Sem indício cadastral crítico,FOUND,ATIVA,3,33,302713.00,136825.250667,132327.06516765346,1.2536,Comportamento esperado
9,121948,Adriano Do Baldy,PP,GO,Combustível,Combustíveis E Lubrificantes.,1,CNPJ não encontrado na API pública,NOT_FOUND,,1,1,200.01,65044.277593,95738.05404592726,-0.6773,Fornecedor com CNPJ suspeito
801,220569,Silvye Alves,UNIÃO,GO,Outros,Serviço De Segurança Prestado Por Empresa Especializada.,0,Sem indício cadastral crítico,FOUND,ATIVA,1,14,6034.39,6198.595000,3686.025394951858,-0.0445,Comportamento esperado
159,204370,Célio Moura,PT,TO,Outros,Manutenção De Escritório De Apoio À Atividade Parlamentar,0,Documento não consultado por não ser CNPJ,NOT_APPLICABLE,,2,17,22080.00,60332.404118,100110.53801139936,-0.3821,Comportamento esperado
809,177282,Subtenente Gonzaga,PSD,MG,Alimentação,Fornecimento De Alimentação Do Parlamentar,1,Situação cadastral não ativa: BAIXADA,FOUND,BAIXADA,3,3,55.81,3421.773553,6721.942950865462,-0.5007,Fornecedor com CNPJ suspeito
719,178925,Rejane Dias,PT,PI,Outros,Manutenção De Escritório De Apoio À Atividade Parlamentar,0,Sem indício cadastral crítico,FOUND,ATIVA,8,54,72343.98,64892.367419,74159.10998309037,0.1005,Comportamento esperado
640,204573,Otto Alencar Filho,PSD,BA,Outros,Manutenção De Escritório De Apoio À Atividade Parlamentar,0,Documento não consultado por não ser CNPJ,NOT_APPLICABLE,,1,97,160206.68,98257.521290,134321.8726415135,0.4612,Comportamento esperado
656,141516,Paulo Abi-ackel,PSDB,MG,Outros,Serviço De Segurança Prestado Por Empresa Especializada.,0,Sem indício cadastral crítico,FOUND,ATIVA,3,44,18774.61,6910.803333,5568.322882362166,2.1306,Possível anomalia financeira
310,191923,Flávio Nogueira,PT,PI,Outros,Manutenção De Escritório De Apoio À Atividade Parlamentar,0,Sem indício cadastral crítico,FOUND,ATIVA,9,139,105123.45,64892.367419,74159.10998309037,0.5425,Comportamento esperado
690,204524,Pinheirinho,PP,MG,Alimentação,Fornecimento De Alimentação Do Parlamentar,0,Sem indício cadastral crítico,FOUND,ATIVA,2,42,3663.52,3421.773553,6721.942950865462,0.036,Comportamento esperado
450,204457,Juninho Do Pneu,PSDB,RJ,Combustível,Combustíveis E Lubrificantes.,0,Sem indício cadastral crítico,FOUND,ATIVA,101,535,168518.49,44023.319398,62812.667137756165,1.982,Comportamento esperado
813,178947,Sóstenes Cavalcante,PL,RJ,Viagens,Passagem Aérea - Sigepa,,,,,0,512,480351.87,213577.740357,175550.75566941444,1.5196,Comportamento esperado
667,74574,Paulo Magalhães,PSD,BA,Viagens,Passagem Aérea - Sigepa,,,,,0,103,81562.19,219376.223091,157819.4558803826,-0.8732,Comportamento esperado
226,204518,Dr. Frederico,PRD,MG,Outros,Manutenção De Escritório De Apoio À Atividade Parlamentar,0,Documento não consultado por não ser CNPJ,NOT_APPLICABLE,,1,26,48102.08,123562.947566,162703.54342443834,-0.4638,Comportamento esperado
781,160621,Sandro Alex,PSD,PR,Viagens,Passagem Aérea - Sigepa,,,,,0,90,110138.86,173223.575536,125997.34942419773,-0.5007,Comportamento esperado
662,160558,Paulo Freire Costa,PL,SP,Viagens,Passagem Aérea - Sigepa,,,,,0,515,663529.12,185430.171967,136227.76556134285,3.5096,Anomalia financeira extrema
345,220526,Gilvan Da Federal,PL,ES,Publicidade,Divulgação Da Atividade Parlamentar.,0,Sem indício cadastral crítico,FOUND,ATIVA,7,51,417328.70,254942.876552,301625.34822291706,0.5384,Comportamento esperado
562,178956,Mariana Carvalho,REPUBLICANOS,RO,Viagens,Passagem Aérea - Sigepa,,,,,0,85,125126.81,146544.061250,69636.83718620405,-0.3076,Comportamento esperado
483,204382,Loester Trutis,PL,MS,Combustível,Combustíveis E Lubrificantes.,0,Sem indício cadastral crítico,FOUND,ATIVA,75,132,33427.14,73790.692609,89494.27774679432,-0.451,Comportamento esperado
356,198197,Greyce Elias,AVANTE,MG,Viagens,Passagem Aérea - Sigepa,,,,,0,88,118209.86,195216.599630,167832.49260588933,-0.4588,Comportamento esperado
10,141372,Aelton Freitas,PP,MG,Publicidade,Divulgação Da Atividade Parlamentar.,1,Situação cadastral não ativa: INAPTA,FOUND,INAPTA,1,2,15600.00,194891.353020,276881.75990132586,-0.6475,Fornecedor com CNPJ suspeito
646,160642,Pastor Eurico,PL,PE,Viagens,Passagem Aérea - Rpa,0,Sem indício cadastral crítico,FOUND,ATIVA,3,13,17421.89,15238.795000,22485.76149111043,0.0971,Comportamento esperado
299,141431,Fernando Coelho Filho,UNIÃO,PE,Hotéis,"Hospedagem ,exceto Do Parlamentar No Distrito Federal.",0,Sem indício cadastral crítico,FOUND,ATIVA,10,39,19689.02,17089.374528,23447.97906027458,0.1109,Comportamento esperado
598,179001,Márcio Biolchi,MDB,RS,Comunicação,Telefonia,0,Sem indício cadastral crítico,FOUND,ATIVA,3,50,18093.03,19321.830435,18898.364290143905,-0.065,Comportamento esperado
762,163321,Ronaldo Nogueira,REPUBLICANOS,RS,Combustível,Combustíveis E Lubrificantes.,1,Situação cadastral não ativa: BAIXADA,FOUND,BAIXADA,3,4,578.52,60520.148547,97388.05968907535,-0.6155,Fornecedor com CNPJ suspeito
683,122158,Pedro Paulo,PSD,RJ,Outros,Manutenção De Escritório De Apoio À Atividade Parlamentar,0,Sem indício cadastral crítico,FOUND,ATIVA,2,48,812658.39,80988.593819,134414.71100556676,5.4434,Anomalia financeira extrema
490,204404,Lucas Redecker,PSD,RS,Publicidade,Divulgação Da Atividade Parlamentar.,0,Sem indício cadastral crítico,FOUND,ATIVA,3,36,3824.73,215724.063125,265101.600265673,-0.7993,Comportamento esperado
681,122974,Pedro Lucas Fernandes,UNIÃO,MA,Hotéis,"Hospedagem ,exceto Do Parlamentar No Distrito Federal.",1,Situação cadastral não ativa: BAIXADA,FOUND,BAIXADA,2,6,3044.00,16546.215714,24945.906621691578,-0.5413,Fornecedor com CNPJ suspeito
447,66385,Julio Arcoverde,PP,PI,Outros,Manutenção De Escritório De Apoio À Atividade Parlamentar,0,Sem indício cadastral crítico,FOUND,ATIVA,3,41,211156.73,64892.367419,74159.10998309037,1.9723,Comportamento esperado
580,75431,Maurício Dziedricki,PODE,RS,Hotéis,"Hospedagem ,exceto Do Parlamentar No Distrito Federal.",1,Situação cadastral não ativa: BAIXADA,FOUND,BAIXADA,1,3,360.00,21826.986437,35658.661568585754,-0.602,Fornecedor com CNPJ suspeito
253,178977,Eduardo Cury,PSDB,SP,Viagens,Passagem Aérea - Rpa,0,Sem indício cadastral crítico,FOUND,ATIVA,2,53,49401.19,24943.515352,36157.13967829913,0.6764,Comportamento esperado
95,204551,Bosco Saraiva,SOLIDARIEDADE,AM,Locomoção,Locação Ou Fretamento De Embarcações,0,Sem indício cadastral crítico,FOUND,ATIVA,1,14,68100.00,68100.000000,,,Comportamento esperado
341,204491,Gilberto Abramo,REPUBLICANOS,MG,Hotéis,"Hospedagem ,exceto Do Parlamentar No Distrito Federal.",0,Sem indício cadastral crítico,FOUND,ATIVA,3,3,2585.27,17018.453084,26330.369533202334,-0.5482,Comportamento esperado
773,178887,Rubens Pereira Júnior,PT,MA,Serviços profissionais,"Consultorias, Pesquisas E Trabalhos Técnicos.",0,Sem indício cadastral crítico,FOUND,ATIVA,2,9,132300.00,73247.500000,60193.25778602398,0.981,Comportamento esperado
700,204565,Professora Dayane Pimentel,UNIÃO,BA,Outros,Manutenção De Escritório De Apoio À Atividade Parlamentar,0,Sem indício cadastral crítico,FOUND,ATIVA,4,17,2268.48,98257.521290,134321.8726415135,-0.7146,Comportamento esperado
195,204512,Delegado Marcelo Freitas,UNIÃO,MG,Hotéis,"Hospedagem ,exceto Do Parlamentar No Distrito Federal.",1,CNPJ não encontrado na API pública,NOT_FOUND,,1,1,200.00,17018.453084,26330.369533202334,-0.6387,Fornecedor com CNPJ suspeito
257,74075,Elcione Barbalho,MDB,PA,Viagens,Passagem Aérea - Sigepa,,,,,0,478,584400.85,266111.307931,195578.09309190325,1.6274,Comportamento esperado
464,151208,Laercio Oliveira,PP,SE,Viagens,Passagem Aérea - Sigepa,,,,,0,123,183848.94,155702.681579,99733.68864426478,0.2822,Comportamento esperado
279,204482,Euclydes Pettersen,PSC,MG,Serviços profissionais,"Consultorias, Pesquisas E Trabalhos Técnicos.",0,Sem indício cadastral crítico,FOUND,ATIVA,1,7,84000.00,50370.301935,57079.85828457048,0.5892,Comportamento esperado
875,178889,Zé Carlos,PT,MA,Publicidade,Divulgação Da Atividade Parlamentar.,0,Sem indício cadastral crítico,FOUND,ATIVA,6,18,55003.23,299945.123175,386285.4495039867,-0.6341,Comportamento esperado
235,204412,Dr. Zacharias Calil,MDB,GO,Outros,Manutenção De Escritório De Apoio À Atividade Parlamentar,0,Sem indício cadastral crítico,FOUND,ATIVA,11,255,363402.89,100447.486545,162486.21407041358,1.6183,Comportamento esperado
468,160534,Lauriete,PSC,ES,Viagens,Passagem Aérea - Sigepa,,,,,0,53,57739.33,159760.155882,99464.81207952778,-1.0257,Comportamento esperado
780,204416,Sanderson,PL,RS,Viagens,Passagem Aérea - Sigepa,,,,,0,447,512640.35,223297.576531,126627.95953182003,2.285,Possível anomalia financeira
31,220554,Alexandre Lindenmeyer,PT,RS,Alimentação,Fornecimento De Alimentação Do Parlamentar,0,Sem indício cadastral crítico,FOUND,ATIVA,139,350,19266.33,7368.085075,13657.337051272762,0.8712,Comportamento esperado
200,220619,Delegado Ramagem,PL,RJ,Viagens,Passagem Aérea - Sigepa,,,,,0,168,218987.05,213577.740357,175550.75566941444,0.0308,Comportamento esperado
829,143084,Tiago Dimas,PODE,TO,Comunicação,Telefonia,0,Sem indício cadastral crítico,FOUND,ATIVA,4,36,13112.66,6929.241333,13569.93291877454,0.4557,Comportamento esperado
343,220529,Gilson Daniel,PODE,ES,Outros,Manutenção De Escritório De Apoio À Atividade Parlamentar,0,Documento não consultado por não ser CNPJ,NOT_APPLICABLE,,2,46,130000.00,101936.796563,164857.25422120074,0.1702,Comportamento esperado
32,204503,Alexandre Padilha,PT,SP,Viagens,Passagem Aérea - Sigepa,,,,,0,42,49044.59,185430.171967,136227.76556134285,-1.0012,Comportamento esperado
466,98057,Lafayette De Andrada,REPUBLICANOS,MG,Combustível,Combustíveis E Lubrificantes.,0,Sem indício cadastral crítico,FOUND,ATIVA,24,50,18279.50,65306.104375,92314.0005265802,-0.5094,Comportamento esperado
309,160598,Flávia Morais,MDB,GO,Publicidade,Divulgação Da Atividade Parlamentar.,0,Sem indício cadastral crítico,FOUND,ATIVA,5,37,747810.00,294423.402917,352090.0693215526,1.2877,Comportamento esperado
6,221328,Adilson Barroso,PL,SP,Locomoção,Locação Ou Fretamento De Veículos Automotores,0,Sem indício cadastral crítico,FOUND,ATIVA,4,103,475242.34,147254.510948,139673.23431152088,2.3483,Possível anomalia financeira
320,178969,Fábio Mitidieri,PSD,SE,Locomoção,Locação Ou Fretamento De Veículos Automotores,0,Sem indício cadastral crítico,FOUND,ATIVA,1,16,92820.00,212589.297222,162975.5333971958,-0.7349,Comportamento esperado
545,179000,Marcelo Álvaro Antônio,PL,MG,Alimentação,Fornecimento De Alimentação Do Parlamentar,0,Sem indício cadastral crítico,FOUND,ATIVA,30,233,15020.11,3421.773553,6721.942950865462,1.7254,Comportamento esperado
455,74317,Júlio Cesar,PSD,PI,Viagens,Passagem Aérea - Rpa,0,Sem indício cadastral crítico,FOUND,ATIVA,2,31,49271.72,17321.367273,29804.932291452395,1.072,Comportamento esperado
18,73579,Alberto Fraga,PL,DF,Viagens,Passagem Aérea - Sigepa,,,,,0,32,50763.82,35467.657000,44918.944493537856,0.3405,Comportamento esperado
756,204480,Rogério Correia,PT,MG,Combustível,Combustíveis E Lubrificantes.,1,Situação cadastral não ativa: BAIXADA,FOUND,BAIXADA,4,5,1035.05,65306.104375,92314.0005265802,-0.6962,Fornecedor com CNPJ suspeito
671,141488,Paulo Teixeira,PT,SP,Alimentação,Fornecimento De Alimentação Do Parlamentar,0,Sem indício cadastral crítico,FOUND,ATIVA,17,28,1190.75,3366.001170,5609.697337170304,-0.3878,Comportamento esperado
524,204547,Léo Motta,REPUBLICANOS,MG,Hotéis,"Hospedagem ,exceto Do Parlamentar No Distrito Federal.",0,Sem indício cadastral crítico,FOUND,ATIVA,31,49,10864.91,17018.453084,26330.369533202334,-0.2337,Comportamento esperado
825,220560,Thiago De Joaldo,REPUBLICANOS,SE,Locomoção,Locação Ou Fretamento De Veículos Automotores,0,Sem indício cadastral crítico,FOUND,ATIVA,5,37,401877.37,212589.297222,162975.5333971958,1.1615,Comportamento esperado
868,220564,Yandra Moura,UNIÃO,SE,Locomoção,Locação Ou Fretamento De Veículos Automotores,0,Sem indício cadastral crítico,FOUND,ATIVA,1,24,286012.60,212589.297222,162975.5333971958,0.4505,Comportamento esperado
590,92172,Milton Coelho,PSB,PE,Publicidade,Divulgação Da Atividade Parlamentar.,1,Situação cadastral não ativa: BAIXADA,FOUND,BAIXADA,3,16,70000.00,241972.708182,301628.5621101344,-0.5701,Fornecedor com CNPJ suspeito
440,112437,João Marcelo Souza,MDB,MA,Combustível,Combustíveis E Lubrificantes.,0,Sem indício cadastral crítico,FOUND,ATIVA,36,123,36139.60,34895.172615,52384.05405357016,0.0238,Comportamento esperado
412,204546,Joice Hasselmann,PSDB,SP,Outros,"Serviço De Táxi, Pedágio E Estacionamento",0,Sem indício cadastral crítico,FOUND,ATIVA,1,6,2200.80,11967.060840,16796.655097373645,-0.5814,Comportamento esperado
764,178945,Rosangela Gomes,REPUBLICANOS,RJ,Outros,Manutenção De Escritório De Apoio À Atividade Parlamentar,0,Sem indício cadastral crítico,FOUND,ATIVA,2,10,4954.06,80988.593819,134414.71100556676,-0.5657,Comportamento esperado
739,152610,Roberto Alves,REPUBLICANOS,SP,Outros,Manutenção De Escritório De Apoio À Atividade Parlamentar,0,Documento não consultado por não ser CNPJ,NOT_APPLICABLE,,1,11,47822.07,98538.487659,143509.98800071477,-0.3534,Comportamento esperado
668,128760,Paulo Marinho Jr,PL,MA,Viagens,Passagem Aérea - Rpa,0,Sem indício cadastral crítico,FOUND,ATIVA,2,6,9311.53,17893.360952,34179.698738222214,-0.2511,Comportamento esperado
822,178901,Tereza Cristina,PP,MS,Outros,Manutenção De Escritório De Apoio À Atividade Parlamentar,0,Sem indício cadastral crítico,FOUND,ATIVA,6,25,17942.36,74966.746667,80602.5088063342,-0.7075,Comportamento esperado
639,204475,Ottaci Nascimento,SOLIDARIEDADE,RR,Viagens,Passagem Aérea - Rpa,0,Sem indício cadastral crítico,FOUND,ATIVA,2,6,16630.21,27007.868571,28285.776224385536,-0.3669,Comportamento esperado
453,178886,Juscelino Filho,UNIÃO,MA,Publicidade,Divulgação Da Atividade Parlamentar.,0,Sem indício cadastral crítico,FOUND,ATIVA,2,2,15100.00,299945.123175,386285.4495039867,-0.7374,Comportamento esperado
365,204408,Gustinho Ribeiro,REPUBLICANOS,SE,Publicidade,Divulgação Da Atividade Parlamentar.,0,Sem indício cadastral crítico,FOUND,ATIVA,1,4,11806.45,230946.483077,301200.1033422071,-0.7276,Comportamento esperado
485,196358,Lourival Gomes,PP,RJ,Alimentação,Fornecimento De Alimentação Do Parlamentar,0,Sem indício cadastral crítico,FOUND,ATIVA,2,2,190.88,5314.154545,11413.915891543053,-0.4489,Comportamento esperado
567,204403,Marlon Santos,PL,RS,Viagens,Passagem Aérea - Sigepa,,,,,0,15,25797.66,223297.576531,126627.95953182003,-1.5597,Comportamento esperado
82,109429,Benes Leocádio,UNIÃO,RN,Locomoção,Locação Ou Fretamento De Veículos Automotores,0,Sem indício cadastral crítico,FOUND,ATIVA,8,108,589961.91,157542.546842,185025.17121572056,2.3371,Possível anomalia financeira
102,143942,Caio Vianna,PSD,RJ,Viagens,Passagem Aérea - Sigepa,,,,,0,180,166521.23,213577.740357,175550.75566941444,-0.2681,Comportamento esperado
15,204495,Airton Faleiro,PT,PA,Combustível,Combustíveis E Lubrificantes.,0,Sem indício cadastral crítico,FOUND,ATIVA,103,228,51412.80,39488.928400,62234.56368268833,0.1916,Comportamento esperado
529,204458,Major Fabiana,PL,RJ,Publicidade,Divulgação Da Atividade Parlamentar.,0,Sem indício cadastral crítico,FOUND,ATIVA,1,2,11850.00,226781.355120,259582.44863584734,-0.828,Comportamento esperado
133,74171,Chico Alencar,PSOL,RJ,Combustível,Combustíveis E Lubrificantes.,0,Sem indício cadastral crítico,FOUND,ATIVA,62,273,44320.02,44023.319398,62812.667137756165,0.0047,Comportamento esperado
643,74319,Paes Landim,UNIÃO,PI,Viagens,Passagem Aérea - Sigepa,,,,,0,32,37581.71,155026.570000,94704.85142824263,-1.2401,Comportamento esperado
23,204501,Alencar Santana,PT,SP,Hotéis,"Hospedagem ,exceto Do Parlamentar No Distrito Federal.",0,Sem indício cadastral crítico,FOUND,ATIVA,3,3,1439.59,10014.789189,11435.329101648113,-0.7499,Comportamento esperado
887,,,,NA,Outros,Manutenção De Escritório De Apoio À Atividade Parlamentar,1,Erro na consulta pública de CNPJ,ERROR,,1,16,4055.83,15500.143182,23430.81961523477,-0.4884,Fornecedor com CNPJ suspeito
322,220653,Fábio Teruel,MDB,SP,Comunicação,Telefonia,0,Sem indício cadastral crítico,FOUND,ATIVA,5,72,26290.19,19889.940211,25751.500071775903,0.2485,Comportamento esperado
131,205476,Charles Fernandes,PSD,BA,Viagens,Passagem Aérea - Sigepa,,,,,0,134,157019.27,219376.223091,157819.4558803826,-0.3951,Comportamento esperado
84,204358,Beto Pereira,PSDB,MS,Hotéis,"Hospedagem ,exceto Do Parlamentar No Distrito Federal.",0,Sem indício cadastral crítico,FOUND,ATIVA,22,30,20419.77,14950.264286,18538.468264889183,0.295,Comportamento esperado
405,160570,Jerônimo Goergen,PP,RS,Locomoção,Locação Ou Fretamento De Veículos Automotores,0,Sem indício cadastral crítico,FOUND,ATIVA,2,13,72510.22,182736.733051,177547.8783363845,-0.6208,Comportamento esperado
180,62881,Danilo Forte,UNIÃO,CE,Serviços profissionais,"Consultorias, Pesquisas E Trabalhos Técnicos.",0,Sem indício cadastral crítico,FOUND,ATIVA,1,1,26988.00,67459.660000,60466.2251856053,-0.6693,Comportamento esperado
484,171139,Loreny,SOLIDARIEDADE,SP,Publicidade,Divulgação Da Atividade Parlamentar.,0,Sem indício cadastral crítico,FOUND,ATIVA,2,3,22800.00,243741.226243,313657.1515008437,-0.7044,Comportamento esperado
808,92776,Stefano Aguiar,PSD,MG,Comunicação,Telefonia,0,Sem indício cadastral crítico,FOUND,ATIVA,2,92,65216.11,15607.667083,19082.29985422686,2.5997,Possível anomalia financeira
818,220682,Tadeu Veneri,PT,PR,Alimentação,Fornecimento De Alimentação Do Parlamentar,1,Situação cadastral não ativa: BAIXADA,FOUND,BAIXADA,7,8,260.91,4173.948542,8441.04850518495,-0.4636,Fornecedor com CNPJ suspeito
619,178896,Newton Cardoso Jr,MDB,MG,Comunicação,Telefonia,0,Sem indício cadastral crítico,FOUND,ATIVA,2,8,2364.22,15607.667083,19082.29985422686,-0.694,Comportamento esperado
430,160619,José Nunes,PSD,BA,Publicidade,Divulgação Da Atividade Parlamentar.,0,Sem indício cadastral crítico,FOUND,ATIVA,13,26,98025.00,317318.910361,328157.1355142384,-0.6683,Comportamento esperado
255,220589,Eduardo Velloso,SOLIDARIEDADE,AC,Viagens,Passagem Aérea - Rpa,0,Sem indício cadastral crítico,FOUND,ATIVA,1,2,0.00,17368.935000,20856.5816470984,-0.8328,Comportamento esperado
556,178943,Marcos Soares,PSDB,RJ,Outros,Aquisição De Tokens E Certificados Digitais,0,Sem indício cadastral crítico,FOUND,ATIVA,1,1,71.68,183.310000,132.1682953661732,-0.8446,Comportamento esperado
363,73460,Gustavo Fruet,PDT,PR,Viagens,Passagem Aérea - Rpa,0,Sem indício cadastral crítico,FOUND,ATIVA,3,13,23960.65,26722.504474,58025.433845182,-0.0476,Comportamento esperado
307,220700,Florentino Neto,PT,PI,Locomoção,Locação Ou Fretamento De Aeronaves,0,Sem indício cadastral crítico,FOUND,ATIVA,1,9,197980.00,71847.500000,68278.8986254172,1.8473,Comportamento esperado
78,178975,Baleia Rossi,MDB,SP,Publicidade,Assinatura De Publicações,0,Sem indício cadastral crítico,FOUND,ATIVA,1,4,2605.00,3369.241333,3418.330377283657,-0.2236,Comportamento esperado
864,224333,Welter,PT,PR,Hotéis,"Hospedagem ,exceto Do Parlamentar No Distrito Federal.",1,Situação cadastral não ativa: INAPTA,FOUND,INAPTA,1,2,380.00,18419.328649,34024.43115299299,-0.5302,Fornecedor com CNPJ suspeito
278,160640,Eros Biondini,PL,MG,Combustível,Combustíveis E Lubrificantes.,1,Situação cadastral não ativa: BAIXADA,FOUND,BAIXADA,3,3,2045.15,65306.104375,92314.0005265802,-0.6853,Fornecedor com CNPJ suspeito
641,220706,Padovani,PP,PR,Combustível,Combustíveis E Lubrificantes.,1,Situação cadastral não ativa: BAIXADA,FOUND,BAIXADA,2,2,492.00,57944.345500,82353.4495793919,-0.6976,Fornecedor com CNPJ suspeito
521,220669,Lula Da Fonte,PP,PE,Outros,Manutenção De Escritório De Apoio À Atividade Parlamentar,1,Erro na consulta pública de CNPJ,ERROR,,1,2,699.98,90785.734524,140277.34198893898,-0.6422,Fornecedor com CNPJ suspeito
780,204416,Sanderson,PL,RS,Locomoção,Locação Ou Fretamento De Veículos Automotores,1,Situação cadastral não ativa: BAIXADA,FOUND,BAIXADA,1,1,1103.25,182736.733051,177547.8783363845,-1.023,Fornecedor com CNPJ suspeito
141,74537,Claudio Cajado,PP,BA,Alimentação,Fornecimento De Alimentação Do Parlamentar,1,Situação cadastral não ativa: BAIXADA,FOUND,BAIXADA,4,4,169.90,5334.958511,10548.888785765435,-0.4896,Fornecedor com CNPJ suspeito
682,204395,Pedro Lupion,REPUBLICANOS,PR,Outros,Manutenção De Escritório De Apoio À Atividade Parlamentar,0,Sem indício cadastral crítico,FOUND,ATIVA,1,3,8370.76,86193.122500,116860.66498214444,-0.6659,Comportamento esperado
685,160604,Pedro Uczai,PT,SC,Outros,"Passagens Terrestres, Marítimas Ou Fluviais",0,Sem indício cadastral crítico,FOUND,ATIVA,1,2,494.12,472.404167,456.3108967371486,0.0476,Comportamento esperado
611,233218,Nelinho Freitas,MDB,CE,Comunicação,Telefonia,0,Sem indício cadastral crítico,FOUND,ATIVA,1,1,119.85,11707.711071,16858.211643996754,-0.6874,Comportamento esperado
506,160645,Luiz Carlos,PSDB,AP,Serviços profissionais,"Consultorias, Pesquisas E Trabalhos Técnicos.",0,Sem indício cadastral crítico,FOUND,ATIVA,6,10,179900.00,74193.690909,67500.34505342109,1.566,Comportamento esperado
73,160665,Augusto Coutinho,REPUBLICANOS,PE,Locomoção,Locação Ou Fretamento De Veículos Automotores,0,Sem indício cadastral crítico,FOUND,ATIVA,4,63,539994.00,220869.240392,185976.71020526288,1.7159,Comportamento esperado
324,160666,Félix Mendonça Júnior,PDT,BA,Comunicação,Telefonia,0,Sem indício cadastral crítico,FOUND,ATIVA,2,103,76970.08,23153.030698,23468.568952979214,2.2932,Possível anomalia financeira
596,220617,Murillo Gouvea,PSDB,RJ,Publicidade,Divulgação Da Atividade Parlamentar.,0,Sem indício cadastral crítico,FOUND,ATIVA,6,83,660505.00,226781.355120,259582.44863584734,1.6709,Comportamento esperado
494,103758,Luciano Azevedo,PSD,RS,Publicidade,Divulgação Da Atividade Parlamentar.,0,Sem indício cadastral crítico,FOUND,ATIVA,9,43,318653.70,215724.063125,265101.600265673,0.3883,Comportamento esperado
375,73482,Henrique Fontana,PT,RS,Hotéis,"Hospedagem ,exceto Do Parlamentar No Distrito Federal.",0,Sem indício cadastral crítico,FOUND,ATIVA,23,76,12621.50,21826.986437,35658.661568585754,-0.2582,Comportamento esperado
361,220664,Guilherme Uchoa,PSD,PE,Alimentação,Fornecimento De Alimentação Do Parlamentar,0,Sem indício cadastral crítico,FOUND,ATIVA,3,3,525.17,3487.092941,8073.709935566787,-0.3669,Comportamento esperado
619,178896,Newton Cardoso Jr,MDB,MG,Viagens,Passagem Aérea - Reembolso,0,Sem indício cadastral crítico,FOUND,ATIVA,6,11,57702.67,7020.191961,10297.188894597206,4.922,Anomalia financeira extrema
369,178964,Heitor Schuch,PSB,RS,Outros,Manutenção De Escritório De Apoio À Atividade Parlamentar,0,Sem indício cadastral crítico,FOUND,ATIVA,13,85,55376.79,109428.142500,149558.61424927576,-0.3614,Comportamento esperado
418,178857,Jorge Solla,PT,BA,Locomoção,Locação Ou Fretamento De Veículos Automotores,0,Sem indício cadastral crítico,FOUND,ATIVA,4,85,505666.88,292409.611930,213979.496522466,0.9966,Comportamento esperado
729,73788,Ricardo Barros,PP,PR,Combustível,Combustíveis E Lubrificantes.,0,Sem indício cadastral crítico,FOUND,ATIVA,31,108,61244.56,57944.345500,82353.4495793919,0.0401,Comportamento esperado
646,160642,Pastor Eurico,PSDB,PE,Hotéis,"Hospedagem ,exceto Do Parlamentar No Distrito Federal.",0,Sem indício cadastral crítico,FOUND,ATIVA,26,49,20574.17,17089.374528,23447.97906027458,0.1486,Comportamento esperado
115,204361,Carlos Chiodini,MDB,SC,Hotéis,"Hospedagem ,exceto Do Parlamentar No Distrito Federal.",0,Sem indício cadastral crítico,FOUND,ATIVA,65,156,45677.38,36695.958649,43528.74004922331,0.2063,Comportamento esperado
629,74159,Odair Cunha,PT,MG,Publicidade,Divulgação Da Atividade Parlamentar.,0,Sem indício cadastral crítico,FOUND,ATIVA,40,142,385297.68,194891.353020,276881.75990132586,0.6877,Comportamento esperado
293,204398,Felipe Francischini,PODE,PR,Outros,Manutenção De Escritório De Apoio À Atividade Parlamentar,0,Documento não consultado por não ser CNPJ,NOT_APPLICABLE,,1,34,156000.00,86193.122500,116860.66498214444,0.5974,Comportamento esperado
11,160508,Afonso Florence,PT,BA,Alimentação,Fornecimento De Alimentação Do Parlamentar,0,Sem indício cadastral crítico,FOUND,ATIVA,41,94,4038.50,5334.958511,10548.888785765435,-0.1229,Comportamento esperado
389,204564,Igor Kannário,UNIÃO,BA,Publicidade,Divulgação Da Atividade Parlamentar.,1,Situação cadastral não ativa: INAPTA,FOUND,INAPTA,1,5,20000.00,317318.910361,328157.1355142384,-0.906,Fornecedor com CNPJ suspeito
732,204362,Ricardo Guidi,PL,SC,Comunicação,Telefonia,0,Sem indício cadastral crítico,FOUND,ATIVA,4,34,6680.74,7776.667391,7284.093764458291,-0.1505,Comportamento esperado
456,73586,Júlio Delgado,PV,MG,Viagens,Passagem Aérea - Sigepa,,,,,0,118,129761.58,195216.599630,167832.49260588933,-0.39,Comportamento esperado
877,204559,Zé Neto,PT,BA,Alimentação,Fornecimento De Alimentação Do Parlamentar,0,Sem indício cadastral crítico,FOUND,ATIVA,29,75,6481.99,5334.958511,10548.888785765435,0.1087,Comportamento esperado
881,74090,Átila Lins,PSD,AM,Viagens,Passagem Aérea - Sigepa,,,,,0,56,88807.74,248402.612308,165221.2328718048,-0.9659,Comportamento esperado
584,188097,Merlong Solano,PT,PI,Locomoção,Locação Ou Fretamento De Veículos Automotores,0,Sem indício cadastral crítico,FOUND,ATIVA,2,78,561666.66,264114.661053,215307.58327079436,1.382,Comportamento esperado
461,220677,Keniston Braga,MDB,PA,Publicidade,Divulgação Da Atividade Parlamentar.,0,Sem indício cadastral crítico,FOUND,ATIVA,12,69,334123.67,319971.475333,323849.5425991789,0.0437,Comportamento esperado
292,72442,Felipe Carreras,PSB,PE,Hotéis,"Hospedagem ,exceto Do Parlamentar No Distrito Federal.",1,Situação cadastral não ativa: BAIXADA,FOUND,BAIXADA,1,4,3422.16,17089.374528,23447.97906027458,-0.5829,Fornecedor com CNPJ suspeito
492,138286,Luciano Alves,PSD,PR,Alimentação,Fornecimento De Alimentação Do Parlamentar,1,Situação cadastral não ativa: BAIXADA,FOUND,BAIXADA,2,3,130.80,4173.948542,8441.04850518495,-0.479,Fornecedor com CNPJ suspeito
440,112437,João Marcelo Souza,MDB,MA,Combustível,Combustíveis E Lubrificantes.,1,Situação cadastral não ativa: BAIXADA,FOUND,BAIXADA,3,6,1305.61,34895.172615,52384.05405357016,-0.6412,Fornecedor com CNPJ suspeito
635,73692,Osmar Terra,PL,RS,Viagens,Passagem Aérea - Reembolso,1,Erro na consulta pública de CNPJ,ERROR,,1,1,13264.00,7846.026333,10735.105702213965,0.5047,Fornecedor com CNPJ suspeito
440,112437,João Marcelo Souza,MDB,MA,Alimentação,Fornecimento De Alimentação Do Parlamentar,0,Sem indício cadastral crítico,FOUND,ATIVA,15,18,2141.47,1328.951538,1567.1502413768233,0.5185,Comportamento esperado
208,220691,Diego Coronel,REPUBLICANOS,BA,Alimentação,Fornecimento De Alimentação Do Parlamentar,0,Sem indício cadastral crítico,FOUND,ATIVA,4,7,803.24,5334.958511,10548.888785765435,-0.4296,Comportamento esperado
12,136811,Afonso Hamm,PP,RS,Outros,Serviços Postais,0,Sem indício cadastral crítico,FOUND,ATIVA,2,4,1222.10,862.238182,1333.8726370935917,0.2698,Comportamento esperado
136,204462,Chris Tonietto,PL,RJ,Publicidade,Divulgação Da Atividade Parlamentar.,0,Sem indício cadastral crítico,FOUND,ATIVA,1,1,50.28,226781.355120,259582.44863584734,-0.8734,Comportamento esperado
560,74398,Maria Do Rosário,PT,RS,Outros,"Serviço De Táxi, Pedágio E Estacionamento",0,Sem indício cadastral crítico,FOUND,ATIVA,18,2350,48503.50,10192.084923,16137.89190584743,2.374,Possível anomalia financeira
113,204507,Carla Zambelli,PL,SP,Viagens,Passagem Aérea - Sigepa,,,,,0,294,407007.08,185430.171967,136227.76556134285,1.6265,Comportamento esperado
647,204570,Pastor Gil,PL,MA,Locomoção,Locação Ou Fretamento De Veículos Automotores,0,Sem indício cadastral crítico,FOUND,ATIVA,4,21,79352.99,122090.952683,112418.39663710551,-0.3802,Comportamento esperado
333,204527,Geninho Zuliani,UNIÃO,SP,Hotéis,"Hospedagem ,exceto Do Parlamentar No Distrito Federal.",0,Sem indício cadastral crítico,FOUND,ATIVA,13,22,14110.86,10014.789189,11435.329101648113,0.3582,Comportamento esperado
116,178962,Carlos Gomes,REPUBLICANOS,RS,Outros,Manutenção De Escritório De Apoio À Atividade Parlamentar,0,Sem indício cadastral crítico,FOUND,ATIVA,9,140,185817.13,109428.142500,149558.61424927576,0.5108,Comportamento esperado
762,163321,Ronaldo Nogueira,REPUBLICANOS,RS,Alimentação,Fornecimento De Alimentação Do Parlamentar,0,Sem indício cadastral crítico,FOUND,ATIVA,198,463,22515.52,7368.085075,13657.337051272762,1.1091,Comportamento esperado
844,141553,Vanderlei Macris,PSDB,SP,Locomoção,Locação Ou Fretamento De Veículos Automotores,0,Sem indício cadastral crítico,FOUND,ATIVA,3,11,27408.00,147254.510948,139673.23431152088,-0.858,Comportamento esperado
860,178952,Walter Alves,MDB,RN,Viagens,Passagem Aérea - Rpa,0,Sem indício cadastral crítico,FOUND,ATIVA,2,73,126183.51,25061.406250,42423.5801004761,2.3836,Possível anomalia financeira
608,204453,Natália Bonavides,PT,RN,Outros,Serviço De Segurança Prestado Por Empresa Especializada.,0,Sem indício cadastral crítico,FOUND,ATIVA,1,36,41894.39,25140.035000,23694.236069813476,0.7071,Comportamento esperado
608,204453,Natália Bonavides,PT,RN,Outros,"Passagens Terrestres, Marítimas Ou Fluviais",0,Sem indício cadastral crítico,FOUND,ATIVA,4,22,1785.91,1785.910000,,,Comportamento esperado
833,220684,Tião Medeiros,PP,PR,Hotéis,"Hospedagem ,exceto Do Parlamentar No Distrito Federal.",0,Sem indício cadastral crítico,FOUND,ATIVA,17,37,15118.69,18419.328649,34024.43115299299,-0.097,Comportamento esperado
820,220598,Tarcísio Motta,PSOL,RJ,Hotéis,"Hospedagem ,exceto Do Parlamentar No Distrito Federal.",0,Sem indício cadastral crítico,FOUND,ATIVA,18,53,64035.25,13016.628636,21468.959145470457,2.3764,Possível anomalia financeira
709,220532,Rafael Prudente,MDB,DF,Publicidade,Divulgação Da Atividade Parlamentar.,0,Sem indício cadastral crítico,FOUND,ATIVA,6,56,543014.80,274983.723704,375023.4293293225,0.7147,Comportamento esperado
880,204517,Zé Vitor,PL,MG,Hotéis,"Hospedagem ,exceto Do Parlamentar No Distrito Federal.",0,Sem indício cadastral crítico,FOUND,ATIVA,14,20,7269.75,17018.453084,26330.369533202334,-0.3702,Comportamento esperado
184,204511,David Soares,UNIÃO,SP,Outros,"Serviço De Táxi, Pedágio E Estacionamento",0,Sem indício cadastral crítico,FOUND,ATIVA,8,29,3257.45,11967.060840,16796.655097373645,-0.5185,Comportamento esperado
359,204531,Guilherme Derrite,PL,SP,Viagens,Passagem Aérea - Sigepa,,,,,0,86,100769.83,185430.171967,136227.76556134285,-0.6215,Comportamento esperado
198,220652,Delegado Palumbo,PODE,SP,Hotéis,"Hospedagem ,exceto Do Parlamentar No Distrito Federal.",0,Sem indício cadastral crítico,FOUND,ATIVA,4,7,2901.78,10014.789189,11435.329101648113,-0.622,Comportamento esperado
359,204531,Guilherme Derrite,PP,SP,Combustível,Combustíveis E Lubrificantes.,0,Sem indício cadastral crítico,FOUND,ATIVA,8,11,2568.97,42192.750821,64034.19773844777,-0.6188,Comportamento esperado
832,197438,Tito,AVANTE,BA,Combustível,Combustíveis E Lubrificantes.,1,Situação cadastral não ativa: BAIXADA,FOUND,BAIXADA,2,10,3126.94,76280.976842,110667.4963849575,-0.661,Fornecedor com CNPJ suspeito
361,220664,Guilherme Uchoa,PSD,PE,Viagens,Passagem Aérea - Sigepa,,,,,0,314,229866.46,221741.150682,163177.94412569836,0.0498,Comportamento esperado
552,204431,Marcos Aurélio Sampaio,MDB,PI,Combustível,Combustíveis E Lubrificantes.,0,Sem indício cadastral crítico,FOUND,ATIVA,12,96,280547.71,73929.545357,101552.42380940972,2.0346,Possível anomalia financeira
123,220704,Carol Dartora,PT,PR,Alimentação,Fornecimento De Alimentação Do Parlamentar,1,Erro na consulta pública de CNPJ,ERROR,,1,20,3577.50,4173.948542,8441.04850518495,-0.0707,Fornecedor com CNPJ suspeito
69,141391,Arnaldo Jardim,CIDADANIA,SP,Publicidade,Divulgação Da Atividade Parlamentar.,0,Sem indício cadastral crítico,FOUND,ATIVA,6,62,409863.09,243741.226243,313657.1515008437,0.5296,Comportamento esperado
614,204415,Nereu Crispim,PSD,RS,Combustível,Combustíveis E Lubrificantes.,0,Sem indício cadastral crítico,FOUND,ATIVA,188,351,57523.83,60520.148547,97388.05968907535,-0.0308,Comportamento esperado
122,164360,Carmen Zanotto,CIDADANIA,SC,Combustível,Combustíveis E Lubrificantes.,1,Situação cadastral não ativa: BAIXADA,FOUND,BAIXADA,1,2,600.12,63943.250339,85631.6159933909,-0.7397,Fornecedor com CNPJ suspeito
334,178966,Geovania De Sá,REPUBLICANOS,SC,Publicidade,Divulgação Da Atividade Parlamentar.,0,Sem indício cadastral crítico,FOUND,ATIVA,24,106,415515.14,148561.773265,217765.15459275612,1.2259,Comportamento esperado
506,160645,Luiz Carlos,PSDB,AP,Viagens,Passagem Aérea - Rpa,0,Sem indício cadastral crítico,FOUND,ATIVA,2,3,3415.27,4617.490000,4023.3855612682983,-0.2988,Comportamento esperado
47,220596,Amália Barros,PL,MT,Viagens,Passagem Aérea - Sigepa,,,,,0,112,130469.41,116334.207895,92091.32039496631,0.1535,Comportamento esperado
605,150418,Márcio Marinho,REPUBLICANOS,BA,Outros,Manutenção De Escritório De Apoio À Atividade Parlamentar,0,Sem indício cadastral crítico,FOUND,ATIVA,12,159,512828.63,98257.521290,134321.8726415135,3.0864,Anomalia financeira extrema
838,195866,Vaidon Oliveira,UNIÃO,CE,Locomoção,Locação Ou Fretamento De Veículos Automotores,0,Sem indício cadastral crítico,FOUND,ATIVA,1,24,102365.33,139651.247778,143531.8586124825,-0.2598,Comportamento esperado
715,74161,Reginaldo Lopes,PT,MG,Locomoção,Locação Ou Fretamento De Veículos Automotores,0,Sem indício cadastral crítico,FOUND,ATIVA,4,19,99211.94,199358.988889,190617.58878325575,-0.5254,Comportamento esperado
138,204440,Christino Aureo,PP,RJ,Publicidade,Divulgação Da Atividade Parlamentar.,0,Sem indício cadastral crítico,FOUND,ATIVA,6,21,71280.00,226781.355120,259582.44863584734,-0.599,Comportamento esperado
844,141553,Vanderlei Macris,PSDB,SP,Outros,Manutenção De Escritório De Apoio À Atividade Parlamentar,1,Situação cadastral não ativa: BAIXADA,FOUND,BAIXADA,1,2,212.00,98538.487659,143509.98800071477,-0.6852,Fornecedor com CNPJ suspeito
164,220555,Daiana Santos,PCDOB,RS,Locomoção,Locação Ou Fretamento De Veículos Automotores,1,Situação cadastral não ativa: BAIXADA,FOUND,BAIXADA,2,2,9347.34,182736.733051,177547.8783363845,-0.9766,Fornecedor com CNPJ suspeito
21,160559,Alceu Moreira,MDB,RS,Hotéis,"Hospedagem ,exceto Do Parlamentar No Distrito Federal.",1,Situação cadastral não ativa: BAIXADA,FOUND,BAIXADA,1,4,580.00,21826.986437,35658.661568585754,-0.5958,Fornecedor com CNPJ suspeito
827,178862,Tia Eron,REPUBLICANOS,BA,Comunicação,Telefonia,0,Sem indício cadastral crítico,FOUND,ATIVA,1,1,330.27,23153.030698,23468.568952979214,-0.9725,Comportamento esperado
847,204396,Vermelho,PL,PR,Viagens,Passagem Aérea - Rpa,0,Sem indício cadastral crítico,FOUND,ATIVA,3,6,6428.36,26722.504474,58025.433845182,-0.3497,Comportamento esperado
675,90201,Pedro Augusto Bezerra,PDT,CE,Alimentação,Fornecimento De Alimentação Do Parlamentar,0,Sem indício cadastral crítico,FOUND,ATIVA,2,3,152.63,4778.337742,9185.089924635726,-0.5036,Comportamento esperado
255,220589,Eduardo Velloso,SOLIDARIEDADE,AC,Publicidade,Divulgação Da Atividade Parlamentar.,1,Situação cadastral não ativa: INAPTA,FOUND,INAPTA,1,1,4500.00,295132.464706,394989.3569390969,-0.7358,Fornecedor com CNPJ suspeito
161,204488,Célio Studart,PSD,CE,Publicidade,Divulgação Da Atividade Parlamentar.,1,Situação cadastral não ativa: INAPTA,FOUND,INAPTA,2,8,31932.43,263931.285395,366906.3702021798,-0.6323,Fornecedor com CNPJ suspeito
113,204507,Carla Zambelli,PL,SP,Outros,"Passagens Terrestres, Marítimas Ou Fluviais",1,Situação cadastral não ativa: BAIXADA,FOUND,BAIXADA,2,10,1110.88,996.486667,1138.3419633085512,0.1005,Fornecedor com CNPJ suspeito
860,178952,Walter Alves,MDB,RN,Viagens,Passagem Aérea - Sigepa,,,,,0,11,12951.87,162797.373750,139730.51949096413,-1.0724,Comportamento esperado
689,161440,Pezenti,MDB,SC,Viagens,Passagem Aérea - Reembolso,0,Sem indício cadastral crítico,FOUND,ATIVA,2,4,4261.69,9023.088750,8047.509872572903,-0.5917,Comportamento esperado
897,,,,NA,Serviços profissionais,"Consultorias, Pesquisas E Trabalhos Técnicos.",1,Situação cadastral não ativa: BAIXADA,FOUND,BAIXADA,1,3,6000.00,12966.386667,11624.099921008938,-0.5993,Fornecedor com CNPJ suspeito
59,204515,André Janones,AVANTE,MG,Viagens,Passagem Aérea - Reembolso,0,Sem indício cadastral crítico,FOUND,ATIVA,1,2,5067.56,7020.191961,10297.188894597206,-0.1896,Comportamento esperado
295,227370,Felipe Saliba,PRD,MG,Publicidade,Divulgação Da Atividade Parlamentar.,0,Sem indício cadastral crítico,FOUND,ATIVA,4,6,36577.57,194891.353020,276881.75990132586,-0.5718,Comportamento esperado
878,160632,Zé Silva,SOLIDARIEDADE,MG,Publicidade,Divulgação Da Atividade Parlamentar.,1,Situação cadastral não ativa: INAPTA,FOUND,INAPTA,1,1,4000.00,194891.353020,276881.75990132586,-0.6894,Fornecedor com CNPJ suspeito
711,204567,Raimundo Costa,PSD,BA,Viagens,Passagem Aérea - Rpa,0,Sem indício cadastral crítico,FOUND,ATIVA,2,11,9524.45,31763.658913,54219.86604798766,-0.4102,Comportamento esperado
62,160553,Antonio Brito,PSD,BA,Viagens,Passagem Aérea - Sigepa,,,,,0,663,581763.97,219376.223091,157819.4558803826,2.2962,Possível anomalia financeira
721,178989,Renata Abreu,PODE,SP,Viagens,Passagem Aérea - Sigepa,,,,,0,286,321395.94,185430.171967,136227.76556134285,0.9981,Comportamento esperado
316,204393,Frei Anastacio Ribeiro,PT,PB,Viagens,Passagem Aérea - Sigepa,,,,,0,63,84393.47,168235.151250,151254.20824234045,-0.5543,Comportamento esperado
177,204459,Daniela Do Waguinho,REPUBLICANOS,RJ,Outros,Manutenção De Escritório De Apoio À Atividade Parlamentar,0,Documento não consultado por não ser CNPJ,NOT_APPLICABLE,,1,17,65935.00,80988.593819,134414.71100556676,-0.112,Comportamento esperado
507,141485,Luiz Carlos Busato,UNIÃO,RS,Publicidade,Divulgação Da Atividade Parlamentar.,0,Sem indício cadastral crítico,FOUND,ATIVA,25,168,1090806.15,215724.063125,265101.600265673,3.3009,Anomalia financeira extrema
93,160538,Bohn Gass,PT,RS,Viagens,Passagem Aérea - Reembolso,0,Sem indício cadastral crítico,FOUND,ATIVA,3,5,8271.13,7846.026333,10735.105702213965,0.0396,Comportamento esperado
314,204494,Fred Costa,PRD,MG,Viagens,Passagem Aérea - Sigepa,,,,,0,222,257720.24,195216.599630,167832.49260588933,0.3724,Comportamento esperado
209,178929,Diego Garcia,UNIÃO,PR,Outros,"Serviço De Táxi, Pedágio E Estacionamento",1,Situação cadastral não ativa: BAIXADA,FOUND,BAIXADA,2,4,213.27,5713.999474,13397.131596894355,-0.4106,Fornecedor com CNPJ suspeito
602,81055,Márcio Jerry,PCDOB,MA,Publicidade,Divulgação Da Atividade Parlamentar.,0,Sem indício cadastral crítico,FOUND,ATIVA,28,158,713598.00,299945.123175,386285.4495039867,1.0708,Comportamento esperado
388,204533,Idilvan Alencar,PDT,CE,Comunicação,Telefonia,0,Sem indício cadastral crítico,FOUND,ATIVA,3,24,5623.84,11707.711071,16858.211643996754,-0.3609,Comportamento esperado
244,178994,Dulce Miranda,MDB,TO,Publicidade,Divulgação Da Atividade Parlamentar.,0,Sem indício cadastral crítico,FOUND,ATIVA,10,35,144350.00,260231.601071,329408.0872597135,-0.3518,Comportamento esperado
23,204501,Alencar Santana,PT,SP,Publicidade,Divulgação Da Atividade Parlamentar.,0,Sem indício cadastral crítico,FOUND,ATIVA,10,88,894437.80,243741.226243,313657.1515008437,2.0745,Possível anomalia financeira
772,74371,Rubens Otoni,PT,GO,Outros,Manutenção De Escritório De Apoio À Atividade Parlamentar,0,Documento não consultado por não ser CNPJ,NOT_APPLICABLE,,3,86,424117.57,100447.486545,162486.21407041358,1.992,Comportamento esperado
389,204564,Igor Kannário,UNIÃO,BA,Publicidade,Divulgação Da Atividade Parlamentar.,0,Sem indício cadastral crítico,FOUND,ATIVA,5,18,258363.00,317318.910361,328157.1355142384,-0.1797,Comportamento esperado
50,220632,Ana Pimentel,PT,MG,Viagens,Passagem Aérea - Sigepa,,,,,0,188,264690.61,195216.599630,167832.49260588933,0.4139,Comportamento esperado
636,204422,Ossesio Silva,REPUBLICANOS,PE,Viagens,Passagem Aérea - Sigepa,,,,,0,139,175332.78,221741.150682,163177.94412569836,-0.2844,Comportamento esperado
140,220665,Clarissa Tércio,PP,PE,Locomoção,Locação Ou Fretamento De Veículos Automotores,0,Sem indício cadastral crítico,FOUND,ATIVA,3,70,278741.38,220869.240392,185976.71020526288,0.3112,Comportamento esperado
520,204418,Luizão Goulart,SOLIDARIEDADE,PR,Hotéis,"Hospedagem ,exceto Do Parlamentar No Distrito Federal.",0,Sem indício cadastral crítico,FOUND,ATIVA,22,37,6373.76,18419.328649,34024.43115299299,-0.354,Comportamento esperado
776,160635,Ruy Carneiro,PSC,PB,Publicidade,Divulgação Da Atividade Parlamentar.,1,Situação cadastral não ativa: BAIXADA,FOUND,BAIXADA,3,20,44800.00,324815.111538,407718.48875224456,-0.6868,Fornecedor com CNPJ suspeito
313,204510,Franco Cartafina,PP,MG,Alimentação,Fornecimento De Alimentação Do Parlamentar,0,Sem indício cadastral crítico,FOUND,ATIVA,16,39,1641.85,3421.773553,6721.942950865462,-0.2648,Comportamento esperado
369,178964,Heitor Schuch,PSD,RS,Hotéis,"Hospedagem ,exceto Do Parlamentar No Distrito Federal.",0,Sem indício cadastral crítico,FOUND,ATIVA,60,158,31586.43,21826.986437,35658.661568585754,0.2737,Comportamento esperado
189,220561,Delegada Katarina,PSD,SE,Outros,Manutenção De Escritório De Apoio À Atividade Parlamentar,0,Sem indício cadastral crítico,FOUND,ATIVA,3,21,14243.20,43647.935652,66268.36061748704,-0.4437,Comportamento esperado
209,178929,Diego Garcia,REPUBLICANOS,PR,Outros,Manutenção De Escritório De Apoio À Atividade Parlamentar,0,Sem indício cadastral crítico,FOUND,ATIVA,8,86,61531.37,86193.122500,116860.66498214444,-0.211,Comportamento esperado
198,220652,Delegado Palumbo,PODE,SP,Publicidade,Divulgação Da Atividade Parlamentar.,0,Sem indício cadastral crítico,FOUND,ATIVA,3,37,496000.00,243741.226243,313657.1515008437,0.8043,Comportamento esperado
453,178886,Juscelino Filho,PSDB,MA,Combustível,Combustíveis E Lubrificantes.,0,Sem indício cadastral crítico,FOUND,ATIVA,1,9,21031.99,34895.172615,52384.05405357016,-0.2646,Comportamento esperado
88,207176,Bia Cavassa,PSDB,MS,Outros,Manutenção De Escritório De Apoio À Atividade Parlamentar,0,Sem indício cadastral crítico,FOUND,ATIVA,2,6,1346.48,74966.746667,80602.5088063342,-0.9134,Comportamento esperado
196,220701,Delegado Matheus Laiola,UNIÃO,PR,Outros,Serviço De Segurança Prestado Por Empresa Especializada.,0,Sem indício cadastral crítico,FOUND,ATIVA,1,33,257000.00,39044.515556,83285.32824636553,2.617,Possível anomalia financeira
483,204382,Loester Trutis,PL,MS,Viagens,Passagem Aérea - Sigepa,,,,,0,23,44665.32,136850.719231,90603.58730528376,-1.0175,Comportamento esperado
407,160531,Jhonatan De Jesus,REPUBLICANOS,RR,Publicidade,Divulgação Da Atividade Parlamentar.,0,Sem indício cadastral crítico,FOUND,ATIVA,5,15,379402.41,302008.159333,364968.0243701814,0.2121,Comportamento esperado
421,209189,Joseildo Ramos,PT,BA,Comunicação,Telefonia,0,Sem indício cadastral crítico,FOUND,ATIVA,3,38,4657.85,23153.030698,23468.568952979214,-0.7881,Comportamento esperado
507,141485,Luiz Carlos Busato,UNIÃO,RS,Outros,Manutenção De Escritório De Apoio À Atividade Parlamentar,1,Erro na consulta pública de CNPJ,ERROR,,1,13,1639.08,109428.142500,149558.61424927576,-0.7207,Fornecedor com CNPJ suspeito
791,204438,Sergio Toledo,PV,AL,Viagens,Passagem Aérea - Rpa,0,Sem indício cadastral crítico,FOUND,ATIVA,1,4,4944.59,21225.077273,32156.183325062724,-0.5063,Comportamento esperado
888,,,,NA,Viagens,Passagem Aérea - Reembolso,0,Sem indício cadastral crítico,FOUND,ATIVA,4,17,24333.65,15179.464000,13450.537474399676,0.6806,Comportamento esperado
844,141553,Vanderlei Macris,PSDB,SP,Comunicação,Telefonia,0,Sem indício cadastral crítico,FOUND,ATIVA,1,5,2153.63,19889.940211,25751.500071775903,-0.6887,Comportamento esperado
824,180018,Thiago Cartaxo,PODE,RN,Publicidade,Divulgação Da Atividade Parlamentar.,0,Sem indício cadastral crítico,FOUND,ATIVA,3,3,21800.00,246483.533462,299233.5953313259,-0.7509,Comportamento esperado
441,204576,João Roma,PL,BA,Combustível,Combustíveis E Lubrificantes.,0,Sem indício cadastral crítico,FOUND,ATIVA,64,128,38225.92,76280.976842,110667.4963849575,-0.3439,Comportamento esperado
873,220552,Zucco,PL,RS,Combustível,Combustíveis E Lubrificantes.,0,Sem indício cadastral crítico,FOUND,ATIVA,231,591,146114.54,60520.148547,97388.05968907535,0.8789,Comportamento esperado
89,204374,Bia Kicis,PL,DF,Combustível,Combustíveis E Lubrificantes.,0,Sem indício cadastral crítico,FOUND,ATIVA,106,652,141394.24,33372.670769,51515.7382887601,2.0969,Possível anomalia financeira
643,74319,Paes Landim,UNIÃO,PI,Hotéis,"Hospedagem ,exceto Do Parlamentar No Distrito Federal.",0,Sem indício cadastral crítico,FOUND,ATIVA,4,13,8320.40,7549.470769,12134.625273294365,0.0635,Comportamento esperado
299,141431,Fernando Coelho Filho,UNIÃO,PE,Outros,Manutenção De Escritório De Apoio À Atividade Parlamentar,0,Sem indício cadastral crítico,FOUND,ATIVA,5,247,303512.76,90785.734524,140277.34198893898,1.5165,Comportamento esperado
354,74419,Gonzaga Patriota,PSB,PE,Publicidade,Divulgação Da Atividade Parlamentar.,1,Situação cadastral não ativa: BAIXADA,FOUND,BAIXADA,1,9,60000.00,241972.708182,301628.5621101344,-0.6033,Fornecedor com CNPJ suspeito
519,178866,Luizianne Lins,REDE,CE,Outros,Manutenção De Escritório De Apoio À Atividade Parlamentar,0,Sem indício cadastral crítico,FOUND,ATIVA,15,99,188461.04,68348.775082,105244.60317209057,1.1413,Comportamento esperado
120,204426,Carlos Veras,PT,PE,Comunicação,Telefonia,0,Sem indício cadastral crítico,FOUND,ATIVA,2,97,55661.27,10941.974167,12252.099914667077,3.6499,Anomalia financeira extrema
499,178954,Lucio Mosquini,MDB,RO,Comunicação,Telefonia,0,Sem indício cadastral crítico,FOUND,ATIVA,1,13,18024.78,15683.564000,17340.40119270922,0.135,Comportamento esperado
201,164359,Delegado Waldir,UNIÃO,GO,Combustível,Combustíveis E Lubrificantes.,0,Sem indício cadastral crítico,FOUND,ATIVA,56,141,48857.05,65044.277593,95738.05404592726,-0.1691,Comportamento esperado
135,204476,Chiquinho Brazão,S.PART.,RJ,Publicidade,Divulgação Da Atividade Parlamentar.,1,Situação cadastral não ativa: BAIXADA,FOUND,BAIXADA,4,5,21800.00,226781.355120,259582.44863584734,-0.7897,Fornecedor com CNPJ suspeito
212,160599,Dimas Fabiano,PP,MG,Locomoção,Locação Ou Fretamento De Veículos Automotores,0,Sem indício cadastral crítico,FOUND,ATIVA,4,128,585605.00,199358.988889,190617.58878325575,2.0263,Possível anomalia financeira
269,198783,Emanuel Pinheiro Neto,MDB,MT,Viagens,Passagem Aérea - Reembolso,0,Sem indício cadastral crítico,FOUND,ATIVA,4,15,32220.26,36104.208462,85065.80718840551,-0.0457,Comportamento esperado
735,220633,Ricardo Salles,NOVO,SP,Outros,Manutenção De Escritório De Apoio À Atividade Parlamentar,0,Sem indício cadastral crítico,FOUND,ATIVA,14,91,100579.30,98538.487659,143509.98800071477,0.0142,Comportamento esperado
727,221329,Ricardo Abrão,PSDB,RJ,Publicidade,Divulgação Da Atividade Parlamentar.,0,Sem indício cadastral crítico,FOUND,ATIVA,7,26,176814.40,226781.355120,259582.44863584734,-0.1925,Comportamento esperado
864,224333,Welter,PT,PR,Hotéis,"Hospedagem ,exceto Do Parlamentar No Distrito Federal.",0,Sem indício cadastral crítico,FOUND,ATIVA,44,113,36048.82,18419.328649,34024.43115299299,0.5181,Comportamento esperado
654,141518,Paulinho Da Força,SOLIDARIEDADE,SP,Comunicação,Telefonia,0,Sem indício cadastral crítico,FOUND,ATIVA,1,36,12419.56,19889.940211,25751.500071775903,-0.2901,Comportamento esperado
207,160588,Diego Andrade,PSD,MG,Locomoção,Locação Ou Fretamento De Veículos Automotores,0,Sem indício cadastral crítico,FOUND,ATIVA,1,108,435483.41,199358.988889,190617.58878325575,1.2387,Comportamento esperado
86,220683,Beto Richa,PSDB,PR,Outros,Manutenção De Escritório De Apoio À Atividade Parlamentar,1,Situação cadastral não ativa: BAIXADA,FOUND,BAIXADA,2,15,11248.90,86193.122500,116860.66498214444,-0.6413,Fornecedor com CNPJ suspeito
315,220534,Fred Linhares,REPUBLICANOS,DF,Outros,Manutenção De Escritório De Apoio À Atividade Parlamentar,0,Sem indício cadastral crítico,FOUND,ATIVA,3,62,86031.45,95246.480000,164390.52276665662,-0.0561,Comportamento esperado
878,160632,Zé Silva,UNIÃO,MG,Outros,Manutenção De Escritório De Apoio À Atividade Parlamentar,0,Sem indício cadastral crítico,FOUND,ATIVA,7,117,128031.80,123562.947566,162703.54342443834,0.0275,Comportamento esperado
547,178983,Marcio Alvino,PL,SP,Outros,Manutenção De Escritório De Apoio À Atividade Parlamentar,0,Sem indício cadastral crítico,FOUND,ATIVA,3,76,26352.66,98538.487659,143509.98800071477,-0.503,Comportamento esperado
869,220660,Yury Do Paredão,MDB,CE,Publicidade,Divulgação Da Atividade Parlamentar.,0,Sem indício cadastral crítico,FOUND,ATIVA,15,86,1027690.76,263931.285395,366906.3702021798,2.0816,Possível anomalia financeira
826,220597,Thiago Flores,UNIÃO,RO,Hotéis,"Hospedagem ,exceto Do Parlamentar No Distrito Federal.",1,Situação cadastral não ativa: BAIXADA,FOUND,BAIXADA,1,1,302.00,15598.613913,18502.405565050612,-0.8267,Fornecedor com CNPJ suspeito
577,74749,Mauro Lopes,PP,MG,Publicidade,Divulgação Da Atividade Parlamentar.,0,Sem indício cadastral crítico,FOUND,ATIVA,10,31,96100.00,194891.353020,276881.75990132586,-0.3568,Comportamento esperado
574,220550,Mauricio Marcon,PL,RS,Publicidade,Divulgação Da Atividade Parlamentar.,1,Situação cadastral não ativa: BAIXADA,FOUND,BAIXADA,1,4,21236.00,215724.063125,265101.600265673,-0.7336,Fornecedor com CNPJ suspeito
65,220675,Antônio Doido,MDB,PA,Combustível,Combustíveis E Lubrificantes.,1,Situação cadastral não ativa: BAIXADA,FOUND,BAIXADA,2,3,767.55,39488.928400,62234.56368268833,-0.6222,Fornecedor com CNPJ suspeito
669,74400,Paulo Pimenta,PT,RS,Locomoção,Locação Ou Fretamento De Veículos Automotores,1,Situação cadastral não ativa: BAIXADA,FOUND,BAIXADA,1,1,6648.21,182736.733051,177547.8783363845,-0.9918,Fornecedor com CNPJ suspeito
438,74550,João Leão,PP,BA,Viagens,Passagem Aérea - Reembolso,0,Sem indício cadastral crítico,FOUND,ATIVA,1,1,2974.93,6722.195000,9392.208684505544,-0.399,Comportamento esperado
896,,,,NA,Outros,Manutenção De Escritório De Apoio À Atividade Parlamentar,0,Sem indício cadastral crítico,FOUND,ATIVA,1,2,1600.00,15500.143182,23430.81961523477,-0.5932,Comportamento esperado
549,219585,Marco Brasil,PP,PR,Locomoção,Locação Ou Fretamento De Veículos Automotores,0,Sem indício cadastral crítico,FOUND,ATIVA,2,18,97273.44,113439.957419,130977.93601797776,-0.1234,Comportamento esperado
242,220540,Duda Ramos,PODE,RR,Hotéis,"Hospedagem ,exceto Do Parlamentar No Distrito Federal.",0,Sem indício cadastral crítico,FOUND,ATIVA,3,6,4428.23,7824.586667,5971.354875629707,-0.5688,Comportamento esperado
334,178966,Geovania De Sá,REPUBLICANOS,SC,Outros,Manutenção De Escritório De Apoio À Atividade Parlamentar,0,Documento não consultado por não ser CNPJ,NOT_APPLICABLE,,1,2,2535.72,70964.571200,106769.4367602354,-0.6409,Comportamento esperado
761,122466,Ronaldo Martins,REPUBLICANOS,CE,Combustível,Combustíveis E Lubrificantes.,0,Sem indício cadastral crítico,FOUND,ATIVA,5,9,9845.35,41977.960833,76764.60304100714,-0.4186,Comportamento esperado
707,233594,Rafael Fera,PODE,RO,Locomoção,Locação Ou Fretamento De Veículos Automotores,0,Sem indício cadastral crítico,FOUND,ATIVA,1,9,111821.90,233590.273571,213347.19250523738,-0.5708,Comportamento esperado
570,178843,Marx Beltrão,PP,AL,Locomoção,Locação Ou Fretamento De Veículos Automotores,0,Sem indício cadastral crítico,FOUND,ATIVA,1,1,4000.00,233502.585833,195708.62456859284,-1.1727,Comportamento esperado
809,177282,Subtenente Gonzaga,PSD,MG,Alimentação,Fornecimento De Alimentação Do Parlamentar,0,Sem indício cadastral crítico,FOUND,ATIVA,44,78,2368.70,3421.773553,6721.942950865462,-0.1567,Comportamento esperado
856,178992,Vitor Lippi,PSDB,SP,Combustível,Combustíveis E Lubrificantes.,0,Sem indício cadastral crítico,FOUND,ATIVA,65,220,62968.74,42192.750821,64034.19773844777,0.3245,Comportamento esperado
375,73482,Henrique Fontana,PT,RS,Outros,Serviços Postais,0,Sem indício cadastral crítico,FOUND,ATIVA,2,2,140.30,862.238182,1333.8726370935917,-0.5412,Comportamento esperado
790,178933,Sergio Souza,MDB,PR,Comunicação,Telefonia,0,Sem indício cadastral crítico,FOUND,ATIVA,7,257,44430.68,10984.091277,13121.60062975809,2.549,Possível anomalia financeira
365,204408,Gustinho Ribeiro,REPUBLICANOS,SE,Viagens,Passagem Aérea - Sigepa,,,,,0,97,127404.03,155702.681579,99733.68864426478,-0.2837,Comportamento esperado
556,178943,Marcos Soares,PSDB,RJ,Combustível,Combustíveis E Lubrificantes.,0,Sem indício cadastral crítico,FOUND,ATIVA,94,390,136109.04,44023.319398,62812.667137756165,1.466,Comportamento esperado
741,220588,Roberto Duarte,REPUBLICANOS,AC,Outros,"Serviço De Táxi, Pedágio E Estacionamento",0,Sem indício cadastral crítico,FOUND,ATIVA,1,1,54.00,1201.947143,2347.5245824464705,-0.489,Comportamento esperado
790,178933,Sergio Souza,MDB,PR,Outros,Manutenção De Escritório De Apoio À Atividade Parlamentar,0,Documento não consultado por não ser CNPJ,NOT_APPLICABLE,,1,50,246500.00,86193.122500,116860.66498214444,1.3718,Comportamento esperado
101,93083,Cacá Leão,PP,BA,Combustível,Combustíveis E Lubrificantes.,0,Sem indício cadastral crítico,FOUND,ATIVA,33,96,25351.49,76280.976842,110667.4963849575,-0.4602,Comportamento esperado
107,178829,Capitão Augusto,PL,SP,Viagens,Passagem Aérea - Sigepa,,,,,0,132,176974.43,185430.171967,136227.76556134285,-0.0621,Comportamento esperado
729,73788,Ricardo Barros,PP,PR,Outros,Manutenção De Escritório De Apoio À Atividade Parlamentar,0,Sem indício cadastral crítico,FOUND,ATIVA,5,53,144717.63,86193.122500,116860.66498214444,0.5008,Comportamento esperado
499,178954,Lucio Mosquini,PL,RO,Publicidade,Divulgação Da Atividade Parlamentar.,1,Situação cadastral não ativa: BAIXADA,FOUND,BAIXADA,4,15,38508.00,289552.191071,359934.1329827757,-0.6975,Fornecedor com CNPJ suspeito
15,204495,Airton Faleiro,PT,PA,Publicidade,Divulgação Da Atividade Parlamentar.,0,Sem indício cadastral crítico,FOUND,ATIVA,19,63,863012.90,319971.475333,323849.5425991789,1.6768,Comportamento esperado
667,74574,Paulo Magalhães,PSD,BA,Outros,Manutenção De Escritório De Apoio À Atividade Parlamentar,1,Situação cadastral não ativa: BAIXADA,FOUND,BAIXADA,1,2,489.50,98257.521290,134321.8726415135,-0.7279,Fornecedor com CNPJ suspeito
164,220555,Daiana Santos,PCDOB,RS,Hotéis,"Hospedagem ,exceto Do Parlamentar No Distrito Federal.",0,Sem indício cadastral crítico,FOUND,ATIVA,22,64,56880.35,21826.986437,35658.661568585754,0.983,Comportamento esperado
531,204471,Mara Rocha,MDB,AC,Outros,Manutenção De Escritório De Apoio À Atividade Parlamentar,1,Situação cadastral não ativa: INAPTA,FOUND,INAPTA,1,9,7398.00,29735.132000,50394.769544197494,-0.4432,Fornecedor com CNPJ suspeito
505,204448,Luiz Antonio Corrêa,PP,RJ,Comunicação,Telefonia,0,Sem indício cadastral crítico,FOUND,ATIVA,1,22,3849.14,11897.719661,18918.17939394703,-0.4254,Comportamento esperado
773,178887,Rubens Pereira Júnior,PT,MA,Publicidade,Divulgação Da Atividade Parlamentar.,0,Sem indício cadastral crítico,FOUND,ATIVA,15,125,1558061.42,299945.123175,386285.4495039867,3.257,Anomalia financeira extrema
586,220530,Messias Donato,UNIÃO,ES,Locomoção,Locação Ou Fretamento De Veículos Automotores,0,Sem indício cadastral crítico,FOUND,ATIVA,3,72,324291.54,171214.090476,129265.73835992759,1.1842,Comportamento esperado
397,220696,Ivoneide Caetano,PT,BA,Outros,Manutenção De Escritório De Apoio À Atividade Parlamentar,0,Sem indício cadastral crítico,FOUND,ATIVA,2,23,18847.80,98257.521290,134321.8726415135,-0.5912,Comportamento esperado
780,204416,Sanderson,PL,RS,Viagens,Passagem Aérea - Rpa,0,Sem indício cadastral crítico,FOUND,ATIVA,2,13,9063.11,23263.014545,27193.710295909314,-0.5222,Comportamento esperado
594,160561,Missionário José Olimpio,PL,SP,Alimentação,Fornecimento De Alimentação Do Parlamentar,0,Sem indício cadastral crítico,FOUND,ATIVA,48,88,9042.53,3366.001170,5609.697337170304,1.0119,Comportamento esperado
537,220599,Marcelo Crivella,REPUBLICANOS,RJ,Publicidade,Divulgação Da Atividade Parlamentar.,1,Situação cadastral não ativa: BAIXADA,FOUND,BAIXADA,2,2,10000.00,226781.355120,259582.44863584734,-0.8351,Fornecedor com CNPJ suspeito
129,204496,Celso Sabino,UNIÃO,PA,Outros,Manutenção De Escritório De Apoio À Atividade Parlamentar,0,Sem indício cadastral crítico,FOUND,ATIVA,3,10,4914.96,42888.542571,70113.4772677672,-0.5416,Comportamento esperado
236,220674,Dra. Alessandra Haber,PODE,PA,Combustível,Combustíveis E Lubrificantes.,1,Situação cadastral não ativa: BAIXADA,FOUND,BAIXADA,1,4,850.63,39488.928400,62234.56368268833,-0.6208,Fornecedor com CNPJ suspeito
56,204423,André Ferreira,PL,PE,Combustível,Combustíveis E Lubrificantes.,1,Situação cadastral não ativa: BAIXADA,FOUND,BAIXADA,6,20,3243.24,53506.291935,82942.380015203,-0.606,Fornecedor com CNPJ suspeito
6,221328,Adilson Barroso,PL,SP,Comunicação,Telefonia,0,Sem indício cadastral crítico,FOUND,ATIVA,1,28,6245.26,19889.940211,25751.500071775903,-0.5299,Comportamento esperado
290,66828,Fausto Pinato,UNIÃO,SP,Publicidade,Divulgação Da Atividade Parlamentar.,0,Sem indício cadastral crítico,FOUND,ATIVA,7,52,267028.99,243741.226243,313657.1515008437,0.0742,Comportamento esperado
458,204497,Júnior Ferrari,PSD,PA,Locomoção,Locação Ou Fretamento De Aeronaves,0,Sem indício cadastral crítico,FOUND,ATIVA,2,3,45800.00,174153.634444,279835.95128643257,-0.4587,Comportamento esperado
174,228941,Daniel José,PODE,SP,Outros,Manutenção De Escritório De Apoio À Atividade Parlamentar,0,Sem indício cadastral crítico,FOUND,ATIVA,2,4,62047.10,98538.487659,143509.98800071477,-0.2543,Comportamento esperado
621,204479,Nicoletti,PL,RR,Outros,Manutenção De Escritório De Apoio À Atividade Parlamentar,1,Situação cadastral não ativa: BAIXADA,FOUND,BAIXADA,1,11,631.50,80921.562903,170825.55022261123,-0.47,Fornecedor com CNPJ suspeito
97,160589,Bruna Furlan,PSDB,SP,Viagens,Passagem Aérea - Sigepa,,,,,0,20,26919.01,185430.171967,136227.76556134285,-1.1636,Comportamento esperado
290,66828,Fausto Pinato,PP,SP,Publicidade,Divulgação Da Atividade Parlamentar.,1,Situação cadastral não ativa: INAPTA,FOUND,INAPTA,1,10,72612.91,243741.226243,313657.1515008437,-0.5456,Fornecedor com CNPJ suspeito
35,220576,Alfredo Gaspar,PL,AL,Viagens,Passagem Aérea - Reembolso,0,Sem indício cadastral crítico,FOUND,ATIVA,1,1,2306.85,18884.774286,28705.906260652384,-0.5775,Comportamento esperado
564,204432,Marina Santos,REPUBLICANOS,PI,Combustível,Combustíveis E Lubrificantes.,1,Situação cadastral não ativa: BAIXADA,FOUND,BAIXADA,3,3,780.04,73929.545357,101552.42380940972,-0.7203,Fornecedor com CNPJ suspeito
67,74212,Aníbal Gomes,UNIÃO,CE,Publicidade,Divulgação Da Atividade Parlamentar.,0,Sem indício cadastral crítico,FOUND,ATIVA,1,1,2700.00,263931.285395,366906.3702021798,-0.712,Comportamento esperado
531,204471,Mara Rocha,MDB,AC,Hotéis,"Hospedagem ,exceto Do Parlamentar No Distrito Federal.",0,Sem indício cadastral crítico,FOUND,ATIVA,1,1,320.00,11165.562105,15437.148423150342,-0.7026,Comportamento esperado
403,220567,Jeferson Rodrigues,PSDB,GO,Outros,Manutenção De Escritório De Apoio À Atividade Parlamentar,0,Documento não consultado por não ser CNPJ,NOT_APPLICABLE,,1,3,18000.00,100447.486545,162486.21407041358,-0.5074,Comportamento esperado
622,209787,Nikolas Ferreira,PL,MG,Combustível,Combustíveis E Lubrificantes.,0,Sem indício cadastral crítico,FOUND,ATIVA,163,413,83763.92,65306.104375,92314.0005265802,0.1999,Comportamento esperado
869,220660,Yury Do Paredão,MDB,CE,Combustível,Combustíveis E Lubrificantes.,0,Sem indício cadastral crítico,FOUND,ATIVA,39,101,46524.44,41977.960833,76764.60304100714,0.0592,Comportamento esperado
329,160669,Genecias Noronha,PL,CE,Viagens,Passagem Aérea - Sigepa,,,,,0,94,131812.97,190828.457826,170630.5409255439,-0.3459,Comportamento esperado
409,178910,Joaquim Passarinho,PL,PA,Combustível,Combustíveis E Lubrificantes.,0,Sem indício cadastral crítico,FOUND,ATIVA,152,342,67974.01,39488.928400,62234.56368268833,0.4577,Comportamento esperado
706,220586,Rafael Brito,MDB,AL,Viagens,Passagem Aérea - Sigepa,,,,,0,311,291620.78,198077.580000,173709.55138656954,0.5385,Comportamento esperado
381,178884,Hildo Rocha,MDB,MA,Publicidade,Divulgação Da Atividade Parlamentar.,1,Situação cadastral não ativa: BAIXADA,FOUND,BAIXADA,3,12,116600.00,299945.123175,386285.4495039867,-0.4746,Fornecedor com CNPJ suspeito
369,178964,Heitor Schuch,PSD,RS,Viagens,Passagem Aérea - Sigepa,,,,,0,277,239444.24,223297.576531,126627.95953182003,0.1275,Comportamento esperado
422,220578,Josenildo,PDT,AP,Publicidade,Divulgação Da Atividade Parlamentar.,0,Sem indício cadastral crítico,FOUND,ATIVA,13,85,895801.29,282209.245429,388109.6753004129,1.581,Comportamento esperado
416,205550,Jorge Braz,REPUBLICANOS,RJ,Combustível,Combustíveis E Lubrificantes.,0,Sem indício cadastral crítico,FOUND,ATIVA,70,341,65055.10,44023.319398,62812.667137756165,0.3348,Comportamento esperado
902,,,,NA,Alimentação,Fornecimento De Alimentação Do Parlamentar,1,Situação cadastral não ativa: BAIXADA,FOUND,BAIXADA,1,13,11190.00,76824.316875,122514.48277202321,-0.5357,Fornecedor com CNPJ suspeito
44,220707,Amanda Gentil,PP,MA,Outros,Manutenção De Escritório De Apoio À Atividade Parlamentar,1,Situação cadastral não ativa: BAIXADA,FOUND,BAIXADA,1,3,1737.10,64195.130784,109861.24089764054,-0.5685,Fornecedor com CNPJ suspeito
739,152610,Roberto Alves,REPUBLICANOS,SP,Comunicação,Telefonia,0,Sem indício cadastral crítico,FOUND,ATIVA,1,26,1112.20,19889.940211,25751.500071775903,-0.7292,Comportamento esperado
205,220553,Denise Pessôa,PT,RS,Outros,Manutenção De Escritório De Apoio À Atividade Parlamentar,1,Erro na consulta pública de CNPJ,ERROR,,1,57,9088.42,109428.142500,149558.61424927576,-0.6709,Fornecedor com CNPJ suspeito
698,204383,Professor Israel Batista,PSB,DF,Publicidade,Divulgação Da Atividade Parlamentar.,0,Sem indício cadastral crítico,FOUND,ATIVA,4,13,172000.00,274983.723704,375023.4293293225,-0.2746,Comportamento esperado
450,204457,Juninho Do Pneu,PSDB,RJ,Publicidade,Divulgação Da Atividade Parlamentar.,0,Sem indício cadastral crítico,FOUND,ATIVA,16,107,643171.54,226781.355120,259582.44863584734,1.6041,Comportamento esperado
447,66385,Julio Arcoverde,PP,PI,Viagens,Passagem Aérea - Sigepa,,,,,0,263,276655.99,155026.570000,94704.85142824263,1.2843,Comportamento esperado
608,204453,Natália Bonavides,PT,RN,Outros,"Serviço De Táxi, Pedágio E Estacionamento",1,Situação cadastral não ativa: BAIXADA,FOUND,BAIXADA,2,80,1292.73,8284.906667,15407.736715157096,-0.4538,Fornecedor com CNPJ suspeito
573,220628,Mauricio Do Vôlei,PL,MG,Outros,Manutenção De Escritório De Apoio À Atividade Parlamentar,0,Sem indício cadastral crítico,FOUND,ATIVA,1,7,6185.55,123562.947566,162703.54342443834,-0.7214,Comportamento esperado
96,204502,Bozzella,UNIÃO,SP,Outros,Manutenção De Escritório De Apoio À Atividade Parlamentar,0,Sem indício cadastral crítico,FOUND,ATIVA,3,38,6798.66,98538.487659,143509.98800071477,-0.6393,Comportamento esperado
406,204435,Jesus Sérgio,PDT,AC,Combustível,Combustíveis E Lubrificantes.,0,Sem indício cadastral crítico,FOUND,ATIVA,13,58,37057.72,74559.202308,89345.09325877228,-0.4197,Comportamento esperado
119,74262,Carlos Sampaio,PSD,SP,Publicidade,Divulgação Da Atividade Parlamentar.,1,Situação cadastral não ativa: BAIXADA,FOUND,BAIXADA,1,3,24000.00,243741.226243,313657.1515008437,-0.7006,Fornecedor com CNPJ suspeito
453,178886,Juscelino Filho,UNIÃO,MA,Combustível,Combustíveis E Lubrificantes.,0,Sem indício cadastral crítico,FOUND,ATIVA,2,13,34985.03,34895.172615,52384.05405357016,0.0017,Comportamento esperado
368,204548,Heitor Freire,UNIÃO,CE,Combustível,Combustíveis E Lubrificantes.,1,Situação cadastral não ativa: BAIXADA,FOUND,BAIXADA,2,2,857.04,41977.960833,76764.60304100714,-0.5357,Fornecedor com CNPJ suspeito
757,160651,Rogério Peninha Mendonça,MDB,SC,Locomoção,Locação Ou Fretamento De Veículos Automotores,0,Sem indício cadastral crítico,FOUND,ATIVA,1,26,106800.00,154711.621212,151032.92349497412,-0.3172,Comportamento esperado
815,178922,Tadeu Alencar,PSB,PE,Combustível,Combustíveis E Lubrificantes.,1,Situação cadastral não ativa: BAIXADA,FOUND,BAIXADA,5,6,1463.10,53506.291935,82942.380015203,-0.6275,Fornecedor com CNPJ suspeito
876,220536,Zé Haroldo Cathedral,UNIÃO,RR,Combustível,Combustíveis E Lubrificantes.,1,Situação cadastral não ativa: BAIXADA,FOUND,BAIXADA,1,1,300.00,70971.916364,102686.34049821323,-0.6882,Fornecedor com CNPJ suspeito
552,204431,Marcos Aurélio Sampaio,PSD,PI,Serviços profissionais,"Consultorias, Pesquisas E Trabalhos Técnicos.",0,Sem indício cadastral crítico,FOUND,ATIVA,1,3,45000.00,59954.545455,42245.387053176906,-0.354,Comportamento esperado
733,160655,Ricardo Izar,REPUBLICANOS,SP,Locomoção,Locação Ou Fretamento De Veículos Automotores,0,Sem indício cadastral crítico,FOUND,ATIVA,2,12,46122.71,147254.510948,139673.23431152088,-0.7241,Comportamento esperado
764,178945,Rosangela Gomes,REPUBLICANOS,RJ,Outros,Manutenção De Escritório De Apoio À Atividade Parlamentar,0,Documento não consultado por não ser CNPJ,NOT_APPLICABLE,,1,11,42756.70,80988.593819,134414.71100556676,-0.2844,Comportamento esperado
628,216198,Norma Pereira,PSDB,SC,Publicidade,Divulgação Da Atividade Parlamentar.,0,Sem indício cadastral crítico,FOUND,ATIVA,2,2,1900.00,148561.773265,217765.15459275612,-0.6735,Comportamento esperado
816,74806,Tadeu Filippelli,MDB,DF,Publicidade,Divulgação Da Atividade Parlamentar.,0,Sem indício cadastral crítico,FOUND,ATIVA,1,1,25000.00,274983.723704,375023.4293293225,-0.6666,Comportamento esperado
62,160553,Antonio Brito,PSD,BA,Combustível,Combustíveis E Lubrificantes.,0,Sem indício cadastral crítico,FOUND,ATIVA,258,933,232264.40,76280.976842,110667.4963849575,1.4095,Comportamento esperado
636,204422,Ossesio Silva,REPUBLICANOS,PE,Combustível,Combustíveis E Lubrificantes.,0,Sem indício cadastral crítico,FOUND,ATIVA,144,564,117040.40,53506.291935,82942.380015203,0.766,Comportamento esperado
356,198197,Greyce Elias,PL,MG,Outros,"Serviço De Táxi, Pedágio E Estacionamento",0,Sem indício cadastral crítico,FOUND,ATIVA,17,630,34492.54,5572.245385,10370.293242628488,2.7888,Possível anomalia financeira
19,74696,Alberto Mourão,MDB,SP,Combustível,Combustíveis E Lubrificantes.,1,Situação cadastral não ativa: INAPTA,FOUND,INAPTA,1,2,5050.00,42192.750821,64034.19773844777,-0.58,Fornecedor com CNPJ suspeito
456,73586,Júlio Delgado,PV,MG,Outros,"Serviço De Táxi, Pedágio E Estacionamento",0,Sem indício cadastral crítico,FOUND,ATIVA,9,315,1949.10,5572.245385,10370.293242628488,-0.3494,Comportamento esperado
56,204423,André Ferreira,PL,PE,Publicidade,Divulgação Da Atividade Parlamentar.,0,Sem indício cadastral crítico,FOUND,ATIVA,8,80,702833.94,241972.708182,301628.5621101344,1.5279,Comportamento esperado
25,178972,Alex Manente,CIDADANIA,SP,Outros,Manutenção De Escritório De Apoio À Atividade Parlamentar,0,Sem indício cadastral crítico,FOUND,ATIVA,10,391,275388.59,98538.487659,143509.98800071477,1.2323,Comportamento esperado
251,92346,Eduardo Bolsonaro,PL,SP,Combustível,Combustíveis E Lubrificantes.,0,Sem indício cadastral crítico,FOUND,ATIVA,95,201,47831.77,42192.750821,64034.19773844777,0.0881,Comportamento esperado
530,179587,Major Vitor Hugo,PL,GO,Outros,"Serviço De Táxi, Pedágio E Estacionamento",0,Sem indício cadastral crítico,FOUND,ATIVA,5,100,760.79,4054.328571,5832.390128543895,-0.5647,Comportamento esperado
872,220592,Zezinho Barbary,PP,AC,Viagens,Passagem Aérea - Sigepa,,,,,0,147,210096.27,131556.873333,92765.04055863072,0.8466,Comportamento esperado
164,220555,Daiana Santos,PCDOB,RS,Publicidade,Divulgação Da Atividade Parlamentar.,0,Sem indício cadastral crítico,FOUND,ATIVA,11,94,576973.68,215724.063125,265101.600265673,1.3627,Comportamento esperado
701,160639,Professora Dorinha Seabra Rezende,UNIÃO,TO,Comunicação,Telefonia,0,Sem indício cadastral crítico,FOUND,ATIVA,4,30,8036.39,6929.241333,13569.93291877454,0.0816,Comportamento esperado
197,204569,Delegado Pablo,UNIÃO,AM,Locomoção,Locação Ou Fretamento De Aeronaves,0,Sem indício cadastral crítico,FOUND,ATIVA,3,3,67750.00,399154.866667,405851.79112272314,-0.8166,Comportamento esperado
197,204569,Delegado Pablo,UNIÃO,AM,Publicidade,Divulgação Da Atividade Parlamentar.,1,Situação cadastral não ativa: INAPTA,FOUND,INAPTA,1,4,50000.00,309286.770000,323174.1425425514,-0.8023,Fornecedor com CNPJ suspeito
176,204409,Daniel Trzeciak,PSDB,RS,Outros,"Serviço De Táxi, Pedágio E Estacionamento",0,Sem indício cadastral crítico,FOUND,ATIVA,23,131,32397.28,10192.084923,16137.89190584743,1.376,Comportamento esperado
423,74141,Josias Gomes,PT,BA,Outros,Serviços Postais,0,Sem indício cadastral crítico,FOUND,ATIVA,2,2,127.30,1465.597500,2527.93213294582,-0.5294,Comportamento esperado
469,178832,Leandre,PSD,PR,Comunicação,Telefonia,0,Sem indício cadastral crítico,FOUND,ATIVA,1,13,4839.55,10984.091277,13121.60062975809,-0.4683,Comportamento esperado
741,220588,Roberto Duarte,REPUBLICANOS,AC,Hotéis,"Hospedagem ,exceto Do Parlamentar No Distrito Federal.",0,Sem indício cadastral crítico,FOUND,ATIVA,15,184,51028.99,11165.562105,15437.148423150342,2.5823,Possível anomalia financeira
577,74749,Mauro Lopes,PP,MG,Comunicação,Telefonia,0,Sem indício cadastral crítico,FOUND,ATIVA,4,13,9828.72,15607.667083,19082.29985422686,-0.3028,Comportamento esperado
334,178966,Geovania De Sá,PSDB,SC,Combustível,Combustíveis E Lubrificantes.,0,Sem indício cadastral crítico,FOUND,ATIVA,27,57,64328.03,63943.250339,85631.6159933909,0.0045,Comportamento esperado
332,204484,General Peternelli,UNIÃO,SP,Combustível,Combustíveis E Lubrificantes.,1,Situação cadastral não ativa: BAIXADA,FOUND,BAIXADA,4,4,680.92,42192.750821,64034.19773844777,-0.6483,Fornecedor com CNPJ suspeito
112,213762,Carla Dickson,PL,RN,Outros,Manutenção De Escritório De Apoio À Atividade Parlamentar,0,Documento não consultado por não ser CNPJ,NOT_APPLICABLE,,1,7,49000.00,114159.151154,175330.5134804051,-0.3716,Comportamento esperado
479,74299,Leônidas Cristino,PDT,CE,Hotéis,"Hospedagem ,exceto Do Parlamentar No Distrito Federal.",0,Sem indício cadastral crítico,FOUND,ATIVA,4,5,2511.10,14861.399063,17345.750222182687,-0.712,Comportamento esperado
583,74428,Mendonça Filho,PL,PE,Publicidade,Assinatura De Publicações,0,Sem indício cadastral crítico,FOUND,ATIVA,2,2,1089.84,1262.036000,1247.3031245157156,-0.1381,Comportamento esperado
634,73463,Osmar Serraglio,PP,PR,Comunicação,Telefonia,0,Sem indício cadastral crítico,FOUND,ATIVA,3,34,7354.05,10984.091277,13121.60062975809,-0.2766,Comportamento esperado
838,195866,Vaidon Oliveira,UNIÃO,CE,Viagens,Passagem Aérea - Sigepa,,,,,0,18,23518.89,190828.457826,170630.5409255439,-0.9805,Comportamento esperado
766,204357,Rose Modesto,UNIÃO,MS,Serviços profissionais,"Consultorias, Pesquisas E Trabalhos Técnicos.",0,Sem indício cadastral crítico,FOUND,ATIVA,1,3,47400.00,117975.000000,69066.65259008866,-1.0218,Comportamento esperado
292,72442,Felipe Carreras,PSB,PE,Comunicação,Telefonia,0,Sem indício cadastral crítico,FOUND,ATIVA,1,8,2520.00,10941.974167,12252.099914667077,-0.6874,Comportamento esperado
126,204380,Celina Leão,PP,DF,Publicidade,Divulgação Da Atividade Parlamentar.,1,Situação cadastral não ativa: INAPTA,FOUND,INAPTA,1,1,850.00,274983.723704,375023.4293293225,-0.731,Fornecedor com CNPJ suspeito
524,204547,Léo Motta,REPUBLICANOS,MG,Outros,"Serviço De Táxi, Pedágio E Estacionamento",0,Sem indício cadastral crítico,FOUND,ATIVA,6,72,3222.55,5572.245385,10370.293242628488,-0.2266,Comportamento esperado
134,141439,Chico D'angelo,PDT,RJ,Outros,"Serviço De Táxi, Pedágio E Estacionamento",0,Sem indício cadastral crítico,FOUND,ATIVA,3,231,14063.52,8455.730411,14321.838989715481,0.3916,Comportamento esperado
135,204476,Chiquinho Brazão,UNIÃO,RJ,Publicidade,Divulgação Da Atividade Parlamentar.,0,Sem indício cadastral crítico,FOUND,ATIVA,34,110,229283.34,226781.355120,259582.44863584734,0.0096,Comportamento esperado
835,157130,Túlio Gadêlha,PSD,PE,Combustível,Combustíveis E Lubrificantes.,0,Sem indício cadastral crítico,FOUND,ATIVA,202,523,91769.70,53506.291935,82942.380015203,0.4613,Comportamento esperado
388,204533,Idilvan Alencar,PSB,CE,Viagens,Passagem Aérea - Sigepa,,,,,0,291,317467.88,190828.457826,170630.5409255439,0.7422,Comportamento esperado
511,141487,Luiz Fernando Faria,UNIÃO,MG,Combustível,Combustíveis E Lubrificantes.,0,Sem indício cadastral crítico,FOUND,ATIVA,69,259,49688.63,65306.104375,92314.0005265802,-0.1692,Comportamento esperado
286,171623,Fabio Reis,PSD,SE,Outros,Manutenção De Escritório De Apoio À Atividade Parlamentar,0,Sem indício cadastral crítico,FOUND,ATIVA,11,247,113890.62,43647.935652,66268.36061748704,1.06,Comportamento esperado
90,204388,Bibo Nunes,PL,RS,Outros,Manutenção De Escritório De Apoio À Atividade Parlamentar,1,Situação cadastral não ativa: BAIXADA,FOUND,BAIXADA,3,80,11832.90,109428.142500,149558.61424927576,-0.6526,Fornecedor com CNPJ suspeito
662,160558,Paulo Freire Costa,PL,SP,Combustível,Combustíveis E Lubrificantes.,0,Sem indício cadastral crítico,FOUND,ATIVA,17,71,15690.28,42192.750821,64034.19773844777,-0.4139,Comportamento esperado
500,229082,Lucyana Genésio,PDT,MA,Outros,"Serviço De Táxi, Pedágio E Estacionamento",1,Situação cadastral não ativa: BAIXADA,FOUND,BAIXADA,1,6,189.91,3095.474615,4475.3830763031065,-0.6492,Fornecedor com CNPJ suspeito
238,81297,Dra. Soraya Manato,PTB,ES,Comunicação,Telefonia,0,Sem indício cadastral crítico,FOUND,ATIVA,4,27,16820.07,19441.733636,20791.65600073225,-0.1261,Comportamento esperado
120,204426,Carlos Veras,PT,PE,Outros,Manutenção De Escritório De Apoio À Atividade Parlamentar,1,Erro na consulta pública de CNPJ,ERROR,,1,62,58237.76,90785.734524,140277.34198893898,-0.232,Fornecedor com CNPJ suspeito
443,220559,Julia Zanatta,PL,SC,Comunicação,Telefonia,0,Sem indício cadastral crítico,FOUND,ATIVA,5,73,16610.43,7776.667391,7284.093764458291,1.2127,Comportamento esperado
267,218086,Ely Santos,REPUBLICANOS,SP,Alimentação,Fornecimento De Alimentação Do Parlamentar,0,Sem indício cadastral crítico,FOUND,ATIVA,10,16,1550.78,3366.001170,5609.697337170304,-0.3236,Comportamento esperado
438,74550,João Leão,PP,BA,Locomoção,Locação Ou Fretamento De Veículos Automotores,0,Sem indício cadastral crítico,FOUND,ATIVA,2,61,426389.66,292409.611930,213979.496522466,0.6261,Comportamento esperado
304,220545,Filipe Martins,PL,TO,Outros,Manutenção De Escritório De Apoio À Atividade Parlamentar,0,Sem indício cadastral crítico,FOUND,ATIVA,12,104,53566.94,60332.404118,100110.53801139936,-0.0676,Comportamento esperado
534,146788,Marcelo Aro,PP,MG,Outros,Manutenção De Escritório De Apoio À Atividade Parlamentar,0,Sem indício cadastral crítico,FOUND,ATIVA,8,131,186490.99,123562.947566,162703.54342443834,0.3868,Comportamento esperado
835,157130,Túlio Gadêlha,REDE,PE,Outros,"Serviço De Táxi, Pedágio E Estacionamento",0,Sem indício cadastral crítico,FOUND,ATIVA,2,76,2323.35,5084.056842,13620.11056577697,-0.2027,Comportamento esperado
281,178871,Evair Vieira De Melo,PP,ES,Comunicação,Telefonia,0,Sem indício cadastral crítico,FOUND,ATIVA,1,10,12952.04,19441.733636,20791.65600073225,-0.3121,Comportamento esperado
771,73466,Rubens Bueno,CIDADANIA,PR,Comunicação,Telefonia,0,Sem indício cadastral crítico,FOUND,ATIVA,3,21,8104.70,10984.091277,13121.60062975809,-0.2194,Comportamento esperado
293,204398,Felipe Francischini,UNIÃO,PR,Hotéis,"Hospedagem ,exceto Do Parlamentar No Distrito Federal.",0,Sem indício cadastral crítico,FOUND,ATIVA,21,35,9874.52,18419.328649,34024.43115299299,-0.2511,Comportamento esperado
645,180214,Pastor Diniz,UNIÃO,RR,Publicidade,Divulgação Da Atividade Parlamentar.,0,Sem indício cadastral crítico,FOUND,ATIVA,9,84,525671.27,302008.159333,364968.0243701814,0.6128,Comportamento esperado
555,220547,Marcos Pollon,PL,MS,Outros,Manutenção De Escritório De Apoio À Atividade Parlamentar,0,Sem indício cadastral crítico,FOUND,ATIVA,12,96,90965.49,74966.746667,80602.5088063342,0.1985,Comportamento esperado
30,160545,Alexandre Leite,UNIÃO,SP,Locomoção,Locação Ou Fretamento De Veículos Automotores,0,Sem indício cadastral crítico,FOUND,ATIVA,3,9,65840.00,147254.510948,139673.23431152088,-0.5829,Comportamento esperado
606,74158,Mário Heringer,PDT,MG,Combustível,Combustíveis E Lubrificantes.,0,Sem indício cadastral crítico,FOUND,ATIVA,8,11,4281.73,65306.104375,92314.0005265802,-0.6611,Comportamento esperado
477,74254,Leonardo Picciani,MDB,RJ,Combustível,Combustíveis E Lubrificantes.,0,Sem indício cadastral crítico,FOUND,ATIVA,14,27,8000.20,44023.319398,62812.667137756165,-0.5735,Comportamento esperado
259,204364,Eli Borges,REPUBLICANOS,TO,Viagens,Passagem Aérea - Sigepa,,,,,0,3,4731.60,76378.544118,54414.42672468753,-1.3167,Comportamento esperado
133,74171,Chico Alencar,PSOL,RJ,Outros,"Serviço De Táxi, Pedágio E Estacionamento",1,Situação cadastral não ativa: BAIXADA,FOUND,BAIXADA,1,7,184.70,8455.730411,14321.838989715481,-0.5775,Fornecedor com CNPJ suspeito
872,220592,Zezinho Barbary,PP,AC,Locomoção,Locação Ou Fretamento De Aeronaves,0,Sem indício cadastral crítico,FOUND,ATIVA,3,14,68500.00,67020.555556,82206.99971886686,0.018,Comportamento esperado
122,164360,Carmen Zanotto,CIDADANIA,SC,Combustível,Combustíveis E Lubrificantes.,1,Situação cadastral não ativa: INAPTA,FOUND,INAPTA,1,1,297.42,63943.250339,85631.6159933909,-0.7433,Fornecedor com CNPJ suspeito
263,229585,Elisangela Araujo,PT,BA,Viagens,Passagem Aérea - Sigepa,,,,,0,27,42392.21,219376.223091,157819.4558803826,-1.1214,Comportamento esperado
473,178825,Leo De Brito,PT,AC,Locomoção,Locação Ou Fretamento De Embarcações,0,Documento não consultado por não ser CNPJ,NOT_APPLICABLE,,2,2,10900.00,10133.333333,8276.674050204789,0.0926,Comportamento esperado
670,133968,Paulo Ramos,PDT,RJ,Alimentação,Fornecimento De Alimentação Do Parlamentar,0,Sem indício cadastral crítico,FOUND,ATIVA,13,22,2494.66,5314.154545,11413.915891543053,-0.247,Comportamento esperado
289,220712,Fausto Jr.,UNIÃO,AM,Locomoção,Locação Ou Fretamento De Veículos Automotores,0,Sem indício cadastral crítico,FOUND,ATIVA,1,15,33936.10,152696.895000,125499.30922769064,-0.9463,Comportamento esperado
598,179001,Márcio Biolchi,MDB,RS,Outros,"Serviço De Táxi, Pedágio E Estacionamento",1,Situação cadastral não ativa: BAIXADA,FOUND,BAIXADA,2,2,17.50,10192.084923,16137.89190584743,-0.6305,Fornecedor com CNPJ suspeito
73,160665,Augusto Coutinho,REPUBLICANOS,PE,Outros,Serviços Postais,0,Sem indício cadastral crítico,FOUND,ATIVA,1,7,507.60,1109.518571,1801.0661627901457,-0.3342,Comportamento esperado
405,160570,Jerônimo Goergen,PP,RS,Combustível,Combustíveis E Lubrificantes.,1,Situação cadastral não ativa: BAIXADA,FOUND,BAIXADA,3,4,982.13,60520.148547,97388.05968907535,-0.6113,Fornecedor com CNPJ suspeito
833,220684,Tião Medeiros,PP,PR,Outros,Manutenção De Escritório De Apoio À Atividade Parlamentar,0,Sem indício cadastral crítico,FOUND,ATIVA,17,342,138099.11,86193.122500,116860.66498214444,0.4442,Comportamento esperado
648,220615,Pastor Henrique Vieira,PSOL,RJ,Outros,Manutenção De Escritório De Apoio À Atividade Parlamentar,0,Sem indício cadastral crítico,FOUND,ATIVA,15,135,132541.69,80988.593819,134414.71100556676,0.3835,Comportamento esperado
496,178931,Luciano Ducci,PSB,PR,Outros,Manutenção De Escritório De Apoio À Atividade Parlamentar,0,Documento não consultado por não ser CNPJ,NOT_APPLICABLE,,3,115,323936.00,86193.122500,116860.66498214444,2.0344,Possível anomalia financeira
94,74052,Bosco Costa,PL,SE,Outros,Manutenção De Escritório De Apoio À Atividade Parlamentar,0,Sem indício cadastral crítico,FOUND,ATIVA,8,71,53249.26,43647.935652,66268.36061748704,0.1449,Comportamento esperado
837,223398,Ulisses Guimarães,MDB,MG,Publicidade,Divulgação Da Atividade Parlamentar.,0,Sem indício cadastral crítico,FOUND,ATIVA,5,14,57155.00,194891.353020,276881.75990132586,-0.4975,Comportamento esperado
314,204494,Fred Costa,PRD,MG,Combustível,Combustíveis E Lubrificantes.,1,Situação cadastral não ativa: BAIXADA,FOUND,BAIXADA,3,13,2590.33,65306.104375,92314.0005265802,-0.6794,Fornecedor com CNPJ suspeito
348,178996,Giovani Feltes,MDB,RS,Combustível,Combustíveis E Lubrificantes.,0,Sem indício cadastral crítico,FOUND,ATIVA,107,199,46377.84,60520.148547,97388.05968907535,-0.1452,Comportamento esperado
62,160553,Antonio Brito,PSD,BA,Locomoção,Locação Ou Fretamento De Veículos Automotores,0,Sem indício cadastral crítico,FOUND,ATIVA,1,80,450000.00,292409.611930,213979.496522466,0.7365,Comportamento esperado
349,226179,Gisela Simona,UNIÃO,MT,Hotéis,"Hospedagem ,exceto Do Parlamentar No Distrito Federal.",0,Sem indício cadastral crítico,FOUND,ATIVA,44,72,32838.01,20380.542308,35609.06873470771,0.3498,Comportamento esperado
148,220595,Coronel Fernanda,PL,MT,Outros,Manutenção De Escritório De Apoio À Atividade Parlamentar,0,Sem indício cadastral crítico,FOUND,ATIVA,12,119,120843.22,55063.669706,75019.05976556618,0.8768,Comportamento esperado
774,73604,Rui Falcão,PT,SP,Publicidade,Divulgação Da Atividade Parlamentar.,1,Situação cadastral não ativa: BAIXADA,FOUND,BAIXADA,1,24,64416.67,243741.226243,313657.1515008437,-0.5717,Fornecedor com CNPJ suspeito
613,220622,Nely Aquino,PODE,MG,Viagens,Passagem Aérea - Sigepa,,,,,0,110,164723.59,195216.599630,167832.49260588933,-0.1817,Comportamento esperado
273,132504,Enio Verri,PT,PR,Outros,Manutenção De Escritório De Apoio À Atividade Parlamentar,0,Sem indício cadastral crítico,FOUND,ATIVA,4,16,42292.48,86193.122500,116860.66498214444,-0.3757,Comportamento esperado
44,220707,Amanda Gentil,PP,MA,Locomoção,Locação Ou Fretamento De Veículos Automotores,0,Sem indício cadastral crítico,FOUND,ATIVA,3,25,158578.00,122090.952683,112418.39663710551,0.3246,Comportamento esperado
807,178946,Soraya Santos,PL,RJ,Viagens,Passagem Aérea - Rpa,0,Sem indício cadastral crítico,FOUND,ATIVA,1,12,10573.42,24365.871064,36425.48190750471,-0.3786,Comportamento esperado
848,74283,Vicentinho,PT,SP,Viagens,Passagem Aérea - Rpa,0,Sem indício cadastral crítico,FOUND,ATIVA,1,20,42488.13,24943.515352,36157.13967829913,0.4852,Comportamento esperado
572,220661,Matheus Noronha,PL,CE,Viagens,Passagem Aérea - Reembolso,0,Sem indício cadastral crítico,FOUND,ATIVA,3,3,3556.62,12007.303200,17888.200103405623,-0.4724,Comportamento esperado
469,178832,Leandre,PSD,PR,Outros,Serviço De Segurança Prestado Por Empresa Especializada.,1,Situação cadastral não ativa: BAIXADA,FOUND,BAIXADA,1,10,1775.00,39044.515556,83285.32824636553,-0.4475,Fornecedor com CNPJ suspeito
459,204550,Júnior Mano,PL,CE,Viagens,Passagem Aérea - Rpa,0,Sem indício cadastral crítico,FOUND,ATIVA,2,12,13763.89,32586.001200,51600.505956913454,-0.3648,Comportamento esperado
402,108338,Jaqueline Cassol,PP,RO,Hotéis,"Hospedagem ,exceto Do Parlamentar No Distrito Federal.",1,Situação cadastral não ativa: BAIXADA,FOUND,BAIXADA,2,7,2337.50,15598.613913,18502.405565050612,-0.7167,Fornecedor com CNPJ suspeito
73,160665,Augusto Coutinho,REPUBLICANOS,PE,Outros,Serviço De Segurança Prestado Por Empresa Especializada.,0,Sem indício cadastral crítico,FOUND,ATIVA,1,3,694.08,39836.297143,37064.6043116348,-1.0561,Comportamento esperado
567,204403,Marlon Santos,PL,RS,Outros,Manutenção De Escritório De Apoio À Atividade Parlamentar,1,Situação cadastral não ativa: BAIXADA,FOUND,BAIXADA,1,12,24000.00,109428.142500,149558.61424927576,-0.5712,Fornecedor com CNPJ suspeito
333,204527,Geninho Zuliani,UNIÃO,SP,Viagens,Passagem Aérea - Sigepa,,,,,0,26,37065.29,185430.171967,136227.76556134285,-1.0891,Comportamento esperado
302,204427,Fernando Rodolfo,PL,PE,Combustível,Combustíveis E Lubrificantes.,0,Sem indício cadastral crítico,FOUND,ATIVA,19,36,9543.89,53506.291935,82942.380015203,-0.53,Comportamento esperado
291,220646,Felipe Becari,PODE,SP,Outros,"Serviço De Táxi, Pedágio E Estacionamento",0,Sem indício cadastral crítico,FOUND,ATIVA,18,162,3754.32,11967.060840,16796.655097373645,-0.489,Comportamento esperado
596,220617,Murillo Gouvea,PSDB,RJ,Combustível,Combustíveis E Lubrificantes.,0,Sem indício cadastral crítico,FOUND,ATIVA,127,504,136488.33,44023.319398,62812.667137756165,1.4721,Comportamento esperado
138,204440,Christino Aureo,PP,RJ,Combustível,Combustíveis E Lubrificantes.,0,Sem indício cadastral crítico,FOUND,ATIVA,57,179,31919.36,44023.319398,62812.667137756165,-0.1927,Comportamento esperado
575,220647,Mauricio Neves,PP,SP,Publicidade,Divulgação Da Atividade Parlamentar.,0,Sem indício cadastral crítico,FOUND,ATIVA,14,131,1054637.95,243741.226243,313657.1515008437,2.5853,Possível anomalia financeira
215,160758,Domingos Sávio,PL,MG,Alimentação,Fornecimento De Alimentação Do Parlamentar,0,Sem indício cadastral crítico,FOUND,ATIVA,47,147,10363.96,3421.773553,6721.942950865462,1.0328,Comportamento esperado
702,220580,Professora Goreth,PDT,AP,Outros,Manutenção De Escritório De Apoio À Atividade Parlamentar,0,Documento não consultado por não ser CNPJ,NOT_APPLICABLE,,1,27,94500.00,30123.933200,30290.240248736845,2.1253,Possível anomalia financeira
12,136811,Afonso Hamm,PP,RS,Outros,"Serviço De Táxi, Pedágio E Estacionamento",0,Sem indício cadastral crítico,FOUND,ATIVA,20,347,31744.69,10192.084923,16137.89190584743,1.3355,Comportamento esperado
301,92699,Fernando Monteiro,PSD,PE,Locomoção,Locação Ou Fretamento De Veículos Automotores,0,Sem indício cadastral crítico,FOUND,ATIVA,5,52,444225.00,220869.240392,185976.71020526288,1.201,Comportamento esperado
352,107283,Gleisi Hoffmann,PT,PR,Viagens,Passagem Aérea - Reembolso,0,Sem indício cadastral crítico,FOUND,ATIVA,6,58,120489.05,17801.644063,39455.64199846602,2.6026,Possível anomalia financeira
385,204373,Hélio Costa,PSD,SC,Combustível,Combustíveis E Lubrificantes.,0,Sem indício cadastral crítico,FOUND,ATIVA,38,120,65529.47,63943.250339,85631.6159933909,0.0185,Comportamento esperado
31,220554,Alexandre Lindenmeyer,PT,RS,Publicidade,Divulgação Da Atividade Parlamentar.,0,Sem indício cadastral crítico,FOUND,ATIVA,18,55,130993.55,215724.063125,265101.600265673,-0.3196,Comportamento esperado
107,178829,Capitão Augusto,PL,SP,Locomoção,Locação Ou Fretamento De Veículos Automotores,0,Sem indício cadastral crítico,FOUND,ATIVA,1,81,311200.00,147254.510948,139673.23431152088,1.1738,Comportamento esperado
105,204572,Capitão Alberto Neto,PL,AM,Outros,Manutenção De Escritório De Apoio À Atividade Parlamentar,0,Documento não consultado por não ser CNPJ,NOT_APPLICABLE,,1,24,102000.00,35177.838000,53399.12696043168,1.2514,Comportamento esperado
180,62881,Danilo Forte,PP,CE,Publicidade,Divulgação Da Atividade Parlamentar.,0,Sem indício cadastral crítico,FOUND,ATIVA,32,175,754158.91,263931.285395,366906.3702021798,1.3361,Comportamento esperado
760,178861,Ronaldo Carletto,PP,BA,Viagens,Passagem Aérea - Sigepa,,,,,0,65,73035.32,219376.223091,157819.4558803826,-0.9273,Comportamento esperado
314,204494,Fred Costa,PRD,MG,Comunicação,Telefonia,0,Sem indício cadastral crítico,FOUND,ATIVA,5,51,19642.86,15607.667083,19082.29985422686,0.2115,Comportamento esperado
428,204472,José Medeiros,PL,MT,Combustível,Combustíveis E Lubrificantes.,1,Situação cadastral não ativa: SUSPENSA,FOUND,SUSPENSA,1,15,2558.45,34330.305532,57340.29977264771,-0.5541,Fornecedor com CNPJ suspeito
865,74044,Wilson Santiago,REPUBLICANOS,PB,Outros,Manutenção De Escritório De Apoio À Atividade Parlamentar,0,Sem indício cadastral crítico,FOUND,ATIVA,4,56,154969.16,40088.436364,59072.75761932022,1.9447,Comportamento esperado
708,178951,Rafael Motta,PSB,RN,Comunicação,Telefonia,0,Sem indício cadastral crítico,FOUND,ATIVA,4,24,4117.18,11248.557143,12531.88934725156,-0.5691,Comportamento esperado
829,143084,Tiago Dimas,PODE,TO,Viagens,Passagem Aérea - Rpa,0,Sem indício cadastral crítico,FOUND,ATIVA,2,19,13311.06,21219.852500,34392.862425376974,-0.23,Comportamento esperado
256,141422,Efraim Filho,UNIÃO,PB,Combustível,Combustíveis E Lubrificantes.,0,Sem indício cadastral crítico,FOUND,ATIVA,2,4,1350.00,61582.608974,85760.8839439169,-0.7023,Comportamento esperado
48,107970,Ana Paula Leão,PP,MG,Viagens,Passagem Aérea - Rpa,0,Sem indício cadastral crítico,FOUND,ATIVA,3,6,6451.32,40253.940526,63478.97879162227,-0.5325,Comportamento esperado
582,220591,Meire Serafim,UNIÃO,AC,Viagens,Passagem Aérea - Reembolso,0,Sem indício cadastral crítico,FOUND,ATIVA,1,2,3560.23,9056.415455,5089.4459464667925,-1.0799,Comportamento esperado
106,220690,Capitão Alden,PL,BA,Outros,Manutenção De Escritório De Apoio À Atividade Parlamentar,0,Documento não consultado por não ser CNPJ,NOT_APPLICABLE,,2,38,321000.00,98257.521290,134321.8726415135,1.6583,Comportamento esperado
79,220605,Bandeira De Mello,PV,RJ,Viagens,Passagem Aérea - Reembolso,0,Sem indício cadastral crítico,FOUND,ATIVA,2,3,8035.36,9840.865893,10669.362639943789,-0.1692,Comportamento esperado
278,160640,Eros Biondini,PL,MG,Hotéis,"Hospedagem ,exceto Do Parlamentar No Distrito Federal.",1,Situação cadastral não ativa: INAPTA,FOUND,INAPTA,1,1,85.00,17018.453084,26330.369533202334,-0.6431,Fornecedor com CNPJ suspeito
359,204531,Guilherme Derrite,PL,SP,Outros,"Passagens Terrestres, Marítimas Ou Fluviais",0,Sem indício cadastral crítico,FOUND,ATIVA,2,7,1952.27,996.486667,1138.3419633085512,0.8396,Comportamento esperado
95,204551,Bosco Saraiva,SOLIDARIEDADE,AM,Locomoção,Locação Ou Fretamento De Veículos Automotores,0,Sem indício cadastral crítico,FOUND,ATIVA,1,12,54600.00,152696.895000,125499.30922769064,-0.7817,Comportamento esperado
351,204419,Glaustin Da Fokus,PODE,GO,Locomoção,Locação Ou Fretamento De Veículos Automotores,0,Sem indício cadastral crítico,FOUND,ATIVA,2,14,173607.00,189142.637500,142661.57624064668,-0.1089,Comportamento esperado
231,204351,Dr. Luiz Ovando,PP,MS,Combustível,Combustíveis E Lubrificantes.,1,Situação cadastral não ativa: BAIXADA,FOUND,BAIXADA,1,3,490.79,73790.692609,89494.27774679432,-0.819,Fornecedor com CNPJ suspeito
73,160665,Augusto Coutinho,REPUBLICANOS,PE,Outros,Manutenção De Escritório De Apoio À Atividade Parlamentar,1,Situação cadastral não ativa: INAPTA,FOUND,INAPTA,1,9,7398.00,90785.734524,140277.34198893898,-0.5944,Fornecedor com CNPJ suspeito
87,178948,Beto Rosado,PP,RN,Combustível,Combustíveis E Lubrificantes.,1,Situação cadastral não ativa: BAIXADA,FOUND,BAIXADA,3,3,1080.33,51927.710333,76131.03428420173,-0.6679,Fornecedor com CNPJ suspeito
199,220654,Delegado Paulo Bilynskyj,PL,SP,Combustível,Combustíveis E Lubrificantes.,1,Situação cadastral não ativa: BAIXADA,FOUND,BAIXADA,2,2,365.27,42192.750821,64034.19773844777,-0.6532,Fornecedor com CNPJ suspeito
113,204507,Carla Zambelli,PL,SP,Outros,Manutenção De Escritório De Apoio À Atividade Parlamentar,1,Erro na consulta pública de CNPJ,ERROR,,1,35,45289.63,98538.487659,143509.98800071477,-0.371,Fornecedor com CNPJ suspeito
833,220684,Tião Medeiros,PP,PR,Viagens,Passagem Aérea - Reembolso,0,Sem indício cadastral crítico,FOUND,ATIVA,1,2,2263.49,17801.644063,39455.64199846602,-0.3938,Comportamento esperado
231,204351,Dr. Luiz Ovando,PP,MS,Comunicação,Telefonia,0,Sem indício cadastral crítico,FOUND,ATIVA,2,3,838.67,12463.390000,16925.10623218233,-0.6868,Comportamento esperado
592,178895,Misael Varella,PSD,MG,Publicidade,Divulgação Da Atividade Parlamentar.,1,Situação cadastral não ativa: BAIXADA,FOUND,BAIXADA,1,1,12500.00,194891.353020,276881.75990132586,-0.6587,Fornecedor com CNPJ suspeito
239,204434,Dra. Vanda Milani,PROS,AC,Outros,Manutenção De Escritório De Apoio À Atividade Parlamentar,0,Sem indício cadastral crítico,FOUND,ATIVA,1,1,114.00,29735.132000,50394.769544197494,-0.5878,Comportamento esperado
771,73466,Rubens Bueno,CIDADANIA,PR,Publicidade,Divulgação Da Atividade Parlamentar.,1,Situação cadastral não ativa: INAPTA,FOUND,INAPTA,1,5,4248.00,263664.052022,329972.5348930845,-0.7862,Fornecedor com CNPJ suspeito
90,204388,Bibo Nunes,PL,RS,Publicidade,Assinatura De Publicações,0,Sem indício cadastral crítico,FOUND,ATIVA,1,6,15332.67,4387.790000,5356.19612339018,2.0434,Possível anomalia financeira
333,204527,Geninho Zuliani,UNIÃO,SP,Outros,Serviço De Segurança Prestado Por Empresa Especializada.,0,Sem indício cadastral crítico,FOUND,ATIVA,1,7,2612.00,57471.443333,111341.01915358497,-0.4927,Comportamento esperado
814,204534,Tabata Amaral,PSB,SP,Combustível,Combustíveis E Lubrificantes.,1,Situação cadastral não ativa: INAPTA,FOUND,INAPTA,1,2,489.68,42192.750821,64034.19773844777,-0.6513,Fornecedor com CNPJ suspeito
10,141372,Aelton Freitas,PP,MG,Comunicação,Telefonia,0,Sem indício cadastral crítico,FOUND,ATIVA,2,10,5551.59,15607.667083,19082.29985422686,-0.527,Comportamento esperado
226,204518,Dr. Frederico,PATRIOTA,MG,Publicidade,Divulgação Da Atividade Parlamentar.,1,Situação cadastral não ativa: INAPTA,FOUND,INAPTA,1,4,5800.00,194891.353020,276881.75990132586,-0.6829,Fornecedor com CNPJ suspeito
783,204387,Sargento Fahur,PSD,PR,Viagens,Passagem Aérea - Reembolso,0,Sem indício cadastral crítico,FOUND,ATIVA,4,8,9183.95,17801.644063,39455.64199846602,-0.2184,Comportamento esperado
394,204436,Isnaldo Bulhões Jr.,MDB,AL,Viagens,Passagem Aérea - Rpa,0,Sem indício cadastral crítico,FOUND,ATIVA,2,3,8079.61,21225.077273,32156.183325062724,-0.4088,Comportamento esperado
179,160528,Danilo Cabral,PSB,PE,Viagens,Passagem Aérea - Rpa,0,Sem indício cadastral crítico,FOUND,ATIVA,2,2,1603.90,15238.795000,22485.76149111043,-0.6064,Comportamento esperado
738,220693,Roberta Roma,PL,BA,Viagens,Passagem Aérea - Reembolso,0,Sem indício cadastral crítico,FOUND,ATIVA,2,4,9348.07,6722.195000,9392.208684505544,0.2796,Comportamento esperado
604,160542,Márcio Macêdo,PT,SE,Combustível,Combustíveis E Lubrificantes.,1,Situação cadastral não ativa: BAIXADA,FOUND,BAIXADA,1,1,182.28,53493.520741,82556.56454059949,-0.6458,Fornecedor com CNPJ suspeito
773,178887,Rubens Pereira Júnior,PT,MA,Outros,Serviços Postais,0,Sem indício cadastral crítico,FOUND,ATIVA,1,1,169.40,169.400000,,,Comportamento esperado
584,188097,Merlong Solano,PT,PI,Publicidade,Divulgação Da Atividade Parlamentar.,1,Situação cadastral não ativa: BAIXADA,FOUND,BAIXADA,1,3,20000.00,255170.175556,326071.87108703476,-0.7212,Fornecedor com CNPJ suspeito
769,220620,Rosângela Reis,PL,MG,Publicidade,Divulgação Da Atividade Parlamentar.,1,Situação cadastral não ativa: BAIXADA,FOUND,BAIXADA,2,4,25133.00,194891.353020,276881.75990132586,-0.6131,Fornecedor com CNPJ suspeito
108,178924,Capitão Fábio Abreu,PSD,PI,Outros,Serviço De Segurança Prestado Por Empresa Especializada.,0,Sem indício cadastral crítico,FOUND,ATIVA,1,12,96089.76,147917.945000,155282.31492759756,-0.3338,Comportamento esperado
446,228837,Juliana Kolankiewicz,MDB,MT,Publicidade,Divulgação Da Atividade Parlamentar.,0,Sem indício cadastral crítico,FOUND,ATIVA,4,7,81800.00,167205.955714,207800.9242977291,-0.411,Comportamento esperado
211,220671,Dilvanda Faro,PT,PA,Viagens,Passagem Aérea - Reembolso,0,Sem indício cadastral crítico,FOUND,ATIVA,2,4,11662.25,8897.662500,8393.75284614814,0.3294,Comportamento esperado
288,74065,Fatima Pelaes,REPUBLICANOS,AP,Locomoção,Locação Ou Fretamento De Veículos Automotores,0,Sem indício cadastral crítico,FOUND,ATIVA,1,5,60536.66,118873.802381,121389.286590239,-0.4806,Comportamento esperado
439,141459,João Maia,PP,RN,Outros,Manutenção De Escritório De Apoio À Atividade Parlamentar,1,Situação cadastral não ativa: BAIXADA,FOUND,BAIXADA,1,3,637.20,114159.151154,175330.5134804051,-0.6475,Fornecedor com CNPJ suspeito
328,115746,Gelson Azevedo,PL,RJ,Outros,"Serviço De Táxi, Pedágio E Estacionamento",0,Sem indício cadastral crítico,FOUND,ATIVA,1,3,560.00,8455.730411,14321.838989715481,-0.5513,Comportamento esperado
126,204380,Celina Leão,PP,DF,Viagens,Passagem Aérea - Sigepa,,,,,0,1,2276.83,35467.657000,44918.944493537856,-0.7389,Comportamento esperado
378,204539,Hercílio Coelho Diniz,MDB,MG,Viagens,Passagem Aérea - Sigepa,,,,,0,9,13692.84,195216.599630,167832.49260588933,-1.0816,Comportamento esperado
603,204452,Márcio Labre,PL,RJ,Outros,Manutenção De Escritório De Apoio À Atividade Parlamentar,1,Situação cadastral não ativa: BAIXADA,FOUND,BAIXADA,1,1,535.70,80988.593819,134414.71100556676,-0.5985,Fornecedor com CNPJ suspeito
788,178921,Sebastião Oliveira,AVANTE,PE,Locomoção,Locação Ou Fretamento De Aeronaves,0,Sem indício cadastral crítico,FOUND,ATIVA,1,1,14000.00,14000.000000,,,Comportamento esperado
794,178961,Shéridan,PSDB,RR,Publicidade,Divulgação Da Atividade Parlamentar.,1,Situação cadastral não ativa: BAIXADA,FOUND,BAIXADA,2,2,2780.00,302008.159333,364968.0243701814,-0.8199,Fornecedor com CNPJ suspeito
186,220539,Defensor Stélio Dener,UNIÃO,RR,Outros,Manutenção De Escritório De Apoio À Atividade Parlamentar,0,Sem indício cadastral crítico,FOUND,ATIVA,3,19,7668.94,80921.562903,170825.55022261123,-0.4288,Comportamento esperado
526,139285,Lídice Da Mata,PSB,BA,Outros,"Passagens Terrestres, Marítimas Ou Fluviais",0,Sem indício cadastral crítico,FOUND,ATIVA,2,10,480.58,3634.349545,9001.916528866017,-0.3503,Comportamento esperado
596,220617,Murillo Gouvea,PSDB,RJ,Combustível,Combustíveis E Lubrificantes.,1,Situação cadastral não ativa: BAIXADA,FOUND,BAIXADA,2,4,971.85,44023.319398,62812.667137756165,-0.6854,Fornecedor com CNPJ suspeito
369,178964,Heitor Schuch,PSD,RS,Combustível,Combustíveis E Lubrificantes.,1,Erro na consulta pública de CNPJ,ERROR,,1,1,140.03,60520.148547,97388.05968907535,-0.62,Fornecedor com CNPJ suspeito
197,204569,Delegado Pablo,UNIÃO,AM,Outros,Manutenção De Escritório De Apoio À Atividade Parlamentar,0,Sem indício cadastral crítico,FOUND,ATIVA,2,3,2898.20,35177.838000,53399.12696043168,-0.6045,Comportamento esperado
731,234310,Ricardo Galvão,REDE,SP,Locomoção,Locação Ou Fretamento De Veículos Automotores,0,Sem indício cadastral crítico,FOUND,ATIVA,2,4,15062.08,147254.510948,139673.23431152088,-0.9464,Comportamento esperado
60,73696,Angela Amin,PP,SC,Serviços profissionais,"Consultorias, Pesquisas E Trabalhos Técnicos.",0,Sem indício cadastral crítico,FOUND,ATIVA,1,3,3580.00,54951.871000,53748.576570772435,-0.9558,Comportamento esperado
48,107970,Ana Paula Leão,PP,MG,Publicidade,Divulgação Da Atividade Parlamentar.,1,Situação cadastral não ativa: INAPTA,FOUND,INAPTA,1,1,1000.00,194891.353020,276881.75990132586,-0.7003,Fornecedor com CNPJ suspeito
601,220687,Márcio Honaiser,SOLIDARIEDADE,MA,Viagens,Passagem Aérea - Reembolso,1,Erro na consulta pública de CNPJ,ERROR,,1,1,10166.90,10441.916667,13512.988376850404,-0.0204,Fornecedor com CNPJ suspeito
499,178954,Lucio Mosquini,PL,RO,Hotéis,"Hospedagem ,exceto Do Parlamentar No Distrito Federal.",1,Situação cadastral não ativa: BAIXADA,FOUND,BAIXADA,1,1,150.00,15598.613913,18502.405565050612,-0.835,Fornecedor com CNPJ suspeito
502,204381,Luis Miranda,REPUBLICANOS,DF,Outros,Manutenção De Escritório De Apoio À Atividade Parlamentar,0,Sem indício cadastral crítico,FOUND,ATIVA,2,4,1356.43,95246.480000,164390.52276665662,-0.5711,Comportamento esperado
790,178933,Sergio Souza,MDB,PR,Combustível,Combustíveis E Lubrificantes.,1,Situação cadastral não ativa: BAIXADA,FOUND,BAIXADA,4,8,2417.80,57944.345500,82353.4495793919,-0.6742,Fornecedor com CNPJ suspeito
564,204432,Marina Santos,REPUBLICANOS,PI,Locomoção,Locação Ou Fretamento De Aeronaves,0,Sem indício cadastral crítico,FOUND,ATIVA,1,1,14600.00,71847.500000,68278.8986254172,-0.8384,Comportamento esperado
646,160642,Pastor Eurico,PSDB,PE,Publicidade,Divulgação Da Atividade Parlamentar.,0,Sem indício cadastral crítico,FOUND,ATIVA,4,9,529275.00,241972.708182,301628.5621101344,0.9525,Comportamento esperado
764,178945,Rosangela Gomes,REPUBLICANOS,RJ,Serviços profissionais,"Consultorias, Pesquisas E Trabalhos Técnicos.",0,Sem indício cadastral crítico,FOUND,ATIVA,1,3,36000.00,51555.638000,51954.41216850247,-0.2994,Comportamento esperado
499,178954,Lucio Mosquini,PL,RO,Viagens,Passagem Aérea - Reembolso,0,Sem indício cadastral crítico,FOUND,ATIVA,2,2,6084.51,7101.265556,5024.360135719054,-0.2024,Comportamento esperado
235,204412,Dr. Zacharias Calil,MDB,GO,Viagens,Passagem Aérea - Sigepa,,,,,0,6,6741.35,12997.291429,13545.423262596489,-0.4618,Comportamento esperado
510,74041,Luiz Couto,PT,PB,Outros,"Serviço De Táxi, Pedágio E Estacionamento",0,Sem indício cadastral crítico,FOUND,ATIVA,1,1,60.00,3622.532000,6817.7985828616265,-0.5225,Comportamento esperado
739,152610,Roberto Alves,REPUBLICANOS,SP,Outros,Manutenção De Escritório De Apoio À Atividade Parlamentar,1,Situação cadastral não ativa: BAIXADA,FOUND,BAIXADA,1,3,6849.00,98538.487659,143509.98800071477,-0.6389,Fornecedor com CNPJ suspeito
530,179587,Major Vitor Hugo,PL,GO,Publicidade,Divulgação Da Atividade Parlamentar.,0,Sem indício cadastral crítico,FOUND,ATIVA,4,18,32960.00,294423.402917,352090.0693215526,-0.7426,Comportamento esperado
586,220530,Messias Donato,UNIÃO,ES,Combustível,Combustíveis E Lubrificantes.,1,CNPJ não encontrado na API pública,NOT_FOUND,,1,1,200.01,49148.417879,67749.62213949014,-0.7225,Fornecedor com CNPJ suspeito
729,73788,Ricardo Barros,PP,PR,Outros,Serviços Postais,0,Sem indício cadastral crítico,FOUND,ATIVA,1,1,92.50,2362.262000,4411.055170390342,-0.5146,Comportamento esperado
47,220596,Amália Barros,PL,MT,Alimentação,Fornecimento De Alimentação Do Parlamentar,1,Situação cadastral não ativa: SUSPENSA,FOUND,SUSPENSA,2,4,221.20,2273.261250,4466.178507118996,-0.4595,Fornecedor com CNPJ suspeito
252,204500,Eduardo Costa,PSD,PA,Combustível,Combustíveis E Lubrificantes.,0,Sem indício cadastral crítico,FOUND,ATIVA,1,8,29846.85,39488.928400,62234.56368268833,-0.1549,Comportamento esperado
544,118594,Marcelo Squassoni,REPUBLICANOS,SP,Combustível,Combustíveis E Lubrificantes.,0,Sem indício cadastral crítico,FOUND,ATIVA,3,4,831.21,42192.750821,64034.19773844777,-0.6459,Comportamento esperado
433,74554,José Rocha,UNIÃO,BA,Viagens,Passagem Aérea - Reembolso,0,Sem indício cadastral crítico,FOUND,ATIVA,3,3,5206.02,6722.195000,9392.208684505544,-0.1614,Comportamento esperado
288,74065,Fatima Pelaes,REPUBLICANOS,AP,Publicidade,Divulgação Da Atividade Parlamentar.,0,Sem indício cadastral crítico,FOUND,ATIVA,3,8,156324.30,282209.245429,388109.6753004129,-0.3244,Comportamento esperado
750,223128,Rodrigo Estacho,PSD,PR,Combustível,Combustíveis E Lubrificantes.,1,Situação cadastral não ativa: BAIXADA,FOUND,BAIXADA,4,6,1570.97,57944.345500,82353.4495793919,-0.6845,Fornecedor com CNPJ suspeito
319,220681,Fábio Macedo,PODE,MA,Locomoção,Locação Ou Fretamento De Veículos Automotores,0,Sem indício cadastral crítico,FOUND,ATIVA,1,12,84000.00,122090.952683,112418.39663710551,-0.3388,Comportamento esperado
585,220585,Mersinho Lucena,PSD,PB,Combustível,Combustíveis E Lubrificantes.,1,Situação cadastral não ativa: BAIXADA,FOUND,BAIXADA,2,2,414.81,61582.608974,85760.8839439169,-0.7132,Fornecedor com CNPJ suspeito
295,227370,Felipe Saliba,PRD,MG,Locomoção,Locação Ou Fretamento De Veículos Automotores,0,Sem indício cadastral crítico,FOUND,ATIVA,1,6,28966.66,199358.988889,190617.58878325575,-0.8939,Comportamento esperado
791,204438,Sergio Toledo,PV,AL,Locomoção,Locação Ou Fretamento De Veículos Automotores,0,Sem indício cadastral crítico,FOUND,ATIVA,1,13,96000.00,233502.585833,195708.62456859284,-0.7026,Comportamento esperado
819,204464,Talíria Petrone,PSOL,RJ,Hotéis,"Hospedagem ,exceto Do Parlamentar No Distrito Federal.",0,Sem indício cadastral crítico,FOUND,ATIVA,18,31,24319.72,13016.628636,21468.959145470457,0.5265,Comportamento esperado
336,74374,Geraldo Resende,UNIÃO,MS,Outros,Manutenção De Escritório De Apoio À Atividade Parlamentar,1,Situação cadastral não ativa: BAIXADA,FOUND,BAIXADA,1,1,130.00,74966.746667,80602.5088063342,-0.9285,Fornecedor com CNPJ suspeito
414,217480,Jones Moura,PSD,RJ,Outros,"Serviço De Táxi, Pedágio E Estacionamento",1,Situação cadastral não ativa: BAIXADA,FOUND,BAIXADA,1,24,1106.95,8455.730411,14321.838989715481,-0.5131,Fornecedor com CNPJ suspeito
762,163321,Ronaldo Nogueira,REPUBLICANOS,RS,Publicidade,Assinatura De Publicações,0,Sem indício cadastral crítico,FOUND,ATIVA,1,1,288.00,4387.790000,5356.19612339018,-0.7654,Comportamento esperado
855,204532,Vinicius Poit,NOVO,SP,Outros,"Passagens Terrestres, Marítimas Ou Fluviais",0,Sem indício cadastral crítico,FOUND,ATIVA,1,4,1207.26,996.486667,1138.3419633085512,0.1852,Comportamento esperado
601,220687,Márcio Honaiser,SOLIDARIEDADE,MA,Viagens,Passagem Aérea - Rpa,0,Sem indício cadastral crítico,FOUND,ATIVA,2,2,5092.70,17893.360952,34179.698738222214,-0.3745,Comportamento esperado
583,74428,Mendonça Filho,PL,PE,Viagens,Passagem Aérea - Reembolso,0,Sem indício cadastral crítico,FOUND,ATIVA,1,1,1485.85,7471.163333,10016.291980131698,-0.5976,Comportamento esperado
642,160556,Padre João,PT,MG,Hotéis,"Hospedagem ,exceto Do Parlamentar No Distrito Federal.",1,Situação cadastral não ativa: BAIXADA,FOUND,BAIXADA,2,3,1060.00,17018.453084,26330.369533202334,-0.6061,Fornecedor com CNPJ suspeito
103,220548,Camila Jara,PT,MS,Viagens,Passagem Aérea - Reembolso,0,Sem indício cadastral crítico,FOUND,ATIVA,2,5,14388.65,14452.730000,23720.341588104926,-0.0027,Comportamento esperado
499,178954,Lucio Mosquini,MDB,RO,Publicidade,Divulgação Da Atividade Parlamentar.,1,Situação cadastral não ativa: INAPTA,FOUND,INAPTA,2,2,1500.00,289552.191071,359934.1329827757,-0.8003,Fornecedor com CNPJ suspeito
121,141398,Carlos Zarattini,PT,SP,Publicidade,Assinatura De Publicações,0,Sem indício cadastral crítico,FOUND,ATIVA,5,23,7016.76,3369.241333,3418.330377283657,1.067,Comportamento esperado
795,204557,Sidney Leite,PSD,AM,Serviços profissionais,"Consultorias, Pesquisas E Trabalhos Técnicos.",0,Sem indício cadastral crítico,FOUND,ATIVA,1,1,56000.00,49181.950000,43491.54703575003,0.1568,Comportamento esperado
82,109429,Benes Leocádio,UNIÃO,RN,Hotéis,"Hospedagem ,exceto Do Parlamentar No Distrito Federal.",0,Sem indício cadastral crítico,FOUND,ATIVA,3,5,2468.00,10401.272857,14188.915930464025,-0.5591,Comportamento esperado
453,178886,Juscelino Filho,UNIÃO,MA,Hotéis,"Hospedagem ,exceto Do Parlamentar No Distrito Federal.",0,Sem indício cadastral crítico,FOUND,ATIVA,1,1,4368.20,16546.215714,24945.906621691578,-0.4882,Comportamento esperado
253,178977,Eduardo Cury,PSDB,SP,Outros,Serviços Postais,0,Sem indício cadastral crítico,FOUND,ATIVA,2,14,603.53,1015.584878,1403.5425598127083,-0.2936,Comportamento esperado
145,204376,Coronel Armando,PP,SC,Outros,Aquisição De Tokens E Certificados Digitais,0,Sem indício cadastral crítico,FOUND,ATIVA,1,1,130.00,220.827500,119.76610131836135,-0.7584,Comportamento esperado
69,141391,Arnaldo Jardim,CIDADANIA,SP,Outros,"Passagens Terrestres, Marítimas Ou Fluviais",0,Sem indício cadastral crítico,FOUND,ATIVA,1,1,110.15,996.486667,1138.3419633085512,-0.7786,Comportamento esperado
806,220575,Sonize Barbosa,PL,AP,Hotéis,"Hospedagem ,exceto Do Parlamentar No Distrito Federal.",0,Sem indício cadastral crítico,FOUND,ATIVA,2,4,8174.50,5136.092500,6592.979949253359,0.4609,Comportamento esperado
366,204456,Gutemberg Reis,MDB,RJ,Outros,Manutenção De Escritório De Apoio À Atividade Parlamentar,1,Situação cadastral não ativa: BAIXADA,FOUND,BAIXADA,2,2,771.79,80988.593819,134414.71100556676,-0.5968,Fornecedor com CNPJ suspeito
491,178879,Lucas Vergilio,SOLIDARIEDADE,GO,Publicidade,Divulgação Da Atividade Parlamentar.,0,Sem indício cadastral crítico,FOUND,ATIVA,2,2,25225.00,294423.402917,352090.0693215526,-0.7646,Comportamento esperado
10,141372,Aelton Freitas,PP,MG,Combustível,Combustíveis E Lubrificantes.,1,Situação cadastral não ativa: INAPTA,FOUND,INAPTA,1,1,278.15,65306.104375,92314.0005265802,-0.7044,Fornecedor com CNPJ suspeito
470,220600,Lebrão,UNIÃO,RO,Locomoção,Locação Ou Fretamento De Aeronaves,0,Sem indício cadastral crítico,FOUND,ATIVA,1,10,128450.00,66633.333333,53674.862210659965,1.1517,Comportamento esperado
575,220647,Mauricio Neves,PP,SP,Outros,Manutenção De Escritório De Apoio À Atividade Parlamentar,0,Sem indício cadastral crítico,FOUND,ATIVA,1,2,1889.55,98538.487659,143509.98800071477,-0.6735,Comportamento esperado
389,204564,Igor Kannário,UNIÃO,BA,Publicidade,Divulgação Da Atividade Parlamentar.,1,Situação cadastral não ativa: BAIXADA,FOUND,BAIXADA,1,3,6000.00,317318.910361,328157.1355142384,-0.9487,Fornecedor com CNPJ suspeito
231,204351,Dr. Luiz Ovando,PP,MS,Alimentação,Fornecimento De Alimentação Do Parlamentar,1,Situação cadastral não ativa: BAIXADA,FOUND,BAIXADA,1,1,32.90,1353.213333,1612.688595893516,-0.8187,Fornecedor com CNPJ suspeito
180,62881,Danilo Forte,PP,CE,Publicidade,Divulgação Da Atividade Parlamentar.,1,Situação cadastral não ativa: BAIXADA,FOUND,BAIXADA,3,13,10200.00,263931.285395,366906.3702021798,-0.6915,Fornecedor com CNPJ suspeito
556,178943,Marcos Soares,UNIÃO,RJ,Outros,"Passagens Terrestres, Marítimas Ou Fluviais",0,Sem indício cadastral crítico,FOUND,ATIVA,1,1,155.98,1539.978571,2924.304901002727,-0.4733,Comportamento esperado
571,204428,Marília Arraes,SOLIDARIEDADE,PE,Combustível,Combustíveis E Lubrificantes.,1,Situação cadastral não ativa: BAIXADA,FOUND,BAIXADA,3,3,476.66,53506.291935,82942.380015203,-0.6394,Fornecedor com CNPJ suspeito
714,141523,Raul Henry,MDB,PE,Publicidade,Assinatura De Publicações,1,Situação cadastral não ativa: BAIXADA,FOUND,BAIXADA,1,1,499.90,1262.036000,1247.3031245157156,-0.611,Fornecedor com CNPJ suspeito
742,220613,Roberto Monteiro Pai,PL,RJ,Outros,"Serviço De Táxi, Pedágio E Estacionamento",0,Documento não consultado por não ser CNPJ,NOT_APPLICABLE,,1,1,46.00,8455.730411,14321.838989715481,-0.5872,Comportamento esperado
266,178854,Elmar Nascimento,UNIÃO,BA,Serviços profissionais,"Consultorias, Pesquisas E Trabalhos Técnicos.",0,Sem indício cadastral crítico,FOUND,ATIVA,1,10,120000.00,64386.903226,47821.13506693795,1.1629,Comportamento esperado
828,219568,Tiago Andrino,PSB,TO,Locomoção,Locação Ou Fretamento De Veículos Automotores,0,Sem indício cadastral crítico,FOUND,ATIVA,1,3,10383.33,117209.676500,159137.4356385456,-0.6713,Comportamento esperado
355,129618,Gorete Pereira,MDB,CE,Publicidade,Divulgação Da Atividade Parlamentar.,0,Sem indício cadastral crítico,FOUND,ATIVA,5,8,99700.00,263931.285395,366906.3702021798,-0.4476,Comportamento esperado
308,204354,Flávia Arruda,PL,DF,Viagens,Passagem Aérea - Sigepa,,,,,0,5,10687.38,35467.657000,44918.944493537856,-0.5517,Comportamento esperado
6,221328,Adilson Barroso,PL,SP,Alimentação,Fornecimento De Alimentação Do Parlamentar,1,Situação cadastral não ativa: BAIXADA,FOUND,BAIXADA,2,2,217.00,3366.001170,5609.697337170304,-0.5613,Fornecedor com CNPJ suspeito
334,178966,Geovania De Sá,REPUBLICANOS,SC,Combustível,Combustíveis E Lubrificantes.,1,Situação cadastral não ativa: BAIXADA,FOUND,BAIXADA,3,3,850.79,63943.250339,85631.6159933909,-0.7368,Fornecedor com CNPJ suspeito
410,214865,Joceval Rodrigues,CIDADANIA,BA,Viagens,Passagem Aérea - Sigepa,,,,,0,11,18430.89,219376.223091,157819.4558803826,-1.2733,Comportamento esperado
250,204541,Eduardo Bismarck,PV,CE,Publicidade,Divulgação Da Atividade Parlamentar.,1,Situação cadastral não ativa: BAIXADA,FOUND,BAIXADA,1,1,1400.00,263931.285395,366906.3702021798,-0.7155,Fornecedor com CNPJ suspeito
354,74419,Gonzaga Patriota,PSB,PE,Viagens,Passagem Aérea - Rpa,0,Sem indício cadastral crítico,FOUND,ATIVA,3,7,1177.69,15238.795000,22485.76149111043,-0.6253,Comportamento esperado
320,178969,Fábio Mitidieri,PSD,SE,Publicidade,Divulgação Da Atividade Parlamentar.,1,Situação cadastral não ativa: INAPTA,FOUND,INAPTA,1,4,5000.00,230946.483077,301200.1033422071,-0.7502,Fornecedor com CNPJ suspeito
182,116379,Darci De Matos,PSD,SC,Combustível,Combustíveis E Lubrificantes.,1,Situação cadastral não ativa: BAIXADA,FOUND,BAIXADA,5,9,2574.61,63943.250339,85631.6159933909,-0.7167,Fornecedor com CNPJ suspeito
190,204451,Delegado Antônio Furtado,UNIÃO,RJ,Outros,"Serviço De Táxi, Pedágio E Estacionamento",1,Situação cadastral não ativa: BAIXADA,FOUND,BAIXADA,2,2,52.00,8455.730411,14321.838989715481,-0.5868,Fornecedor com CNPJ suspeito
131,205476,Charles Fernandes,PSD,BA,Outros,"Passagens Terrestres, Marítimas Ou Fluviais",0,Sem indício cadastral crítico,FOUND,ATIVA,2,2,439.50,3634.349545,9001.916528866017,-0.3549,Comportamento esperado
326,220708,Gabriel Nunes,PSD,BA,Viagens,Passagem Aérea - Reembolso,0,Sem indício cadastral crítico,FOUND,ATIVA,2,2,2005.63,6722.195000,9392.208684505544,-0.5022,Comportamento esperado
475,122195,Leonardo Gadelha,PODE,PB,Alimentação,Fornecimento De Alimentação Do Parlamentar,0,Sem indício cadastral crítico,FOUND,ATIVA,1,4,362.95,1884.650000,4639.955468391323,-0.328,Comportamento esperado
876,220536,Zé Haroldo Cathedral,UNIÃO,RR,Alimentação,Fornecimento De Alimentação Do Parlamentar,0,Sem indício cadastral crítico,FOUND,ATIVA,2,6,312.60,1122.687500,1895.5969672792617,-0.4274,Comportamento esperado
522,141480,Lázaro Botelho,PP,TO,Outros,Manutenção De Escritório De Apoio À Atividade Parlamentar,0,Documento não consultado por não ser CNPJ,NOT_APPLICABLE,,1,3,2760.00,60332.404118,100110.53801139936,-0.5751,Comportamento esperado
95,204551,Bosco Saraiva,SOLIDARIEDADE,AM,Publicidade,Divulgação Da Atividade Parlamentar.,1,Situação cadastral não ativa: BAIXADA,FOUND,BAIXADA,2,8,95465.00,309286.770000,323174.1425425514,-0.6616,Fornecedor com CNPJ suspeito
482,204405,Liziane Bayer,REPUBLICANOS,RS,Outros,"Passagens Terrestres, Marítimas Ou Fluviais",0,Sem indício cadastral crítico,FOUND,ATIVA,1,4,370.10,4236.036552,8253.072405382596,-0.4684,Comportamento esperado
130,204504,Cezinha De Madureira,PSD,SP,Outros,Manutenção De Escritório De Apoio À Atividade Parlamentar,0,Documento não consultado por não ser CNPJ,NOT_APPLICABLE,,1,11,43944.85,98538.487659,143509.98800071477,-0.3804,Comportamento esperado
180,62881,Danilo Forte,PP,CE,Outros,"Serviço De Táxi, Pedágio E Estacionamento",0,Sem indício cadastral crítico,FOUND,ATIVA,2,5,1165.00,1553.572000,3462.198937126519,-0.1122,Comportamento esperado
884,204509,Áurea Carolina,PSOL,MG,Viagens,Passagem Aérea - Rpa,0,Sem indício cadastral crítico,FOUND,ATIVA,2,12,6012.91,40253.940526,63478.97879162227,-0.5394,Comportamento esperado
197,204569,Delegado Pablo,UNIÃO,AM,Combustível,Combustíveis E Lubrificantes.,1,Situação cadastral não ativa: BAIXADA,FOUND,BAIXADA,1,1,200.00,27982.215263,36043.55549981074,-0.7708,Fornecedor com CNPJ suspeito
537,220599,Marcelo Crivella,REPUBLICANOS,RJ,Outros,"Serviço De Táxi, Pedágio E Estacionamento",0,Sem indício cadastral crítico,FOUND,ATIVA,3,5,108.68,8455.730411,14321.838989715481,-0.5828,Comportamento esperado
116,178962,Carlos Gomes,REPUBLICANOS,RS,Viagens,Passagem Aérea - Rpa,0,Sem indício cadastral crítico,FOUND,ATIVA,3,11,16748.75,23263.014545,27193.710295909314,-0.2396,Comportamento esperado
679,217330,Pedro Dalua,PSC,AP,Publicidade,Divulgação Da Atividade Parlamentar.,1,Situação cadastral não ativa: INAPTA,FOUND,INAPTA,1,1,10000.00,282209.245429,388109.6753004129,-0.7014,Fornecedor com CNPJ suspeito
733,160655,Ricardo Izar,REPUBLICANOS,SP,Publicidade,Divulgação Da Atividade Parlamentar.,1,Situação cadastral não ativa: BAIXADA,FOUND,BAIXADA,1,6,39780.00,243741.226243,313657.1515008437,-0.6503,Fornecedor com CNPJ suspeito
888,,,,NA,Serviços profissionais,"Consultorias, Pesquisas E Trabalhos Técnicos.",0,Sem indício cadastral crítico,FOUND,ATIVA,1,2,10000.00,12966.386667,11624.099921008938,-0.2552,Comportamento esperado
13,178835,Afonso Motta,PDT,RS,Outros,Manutenção De Escritório De Apoio À Atividade Parlamentar,1,Situação cadastral não ativa: BAIXADA,FOUND,BAIXADA,1,1,482.37,109428.142500,149558.61424927576,-0.7284,Fornecedor com CNPJ suspeito
22,204413,Alcides Rodrigues,PATRIOTA,GO,Outros,"Passagens Terrestres, Marítimas Ou Fluviais",0,Sem indício cadastral crítico,FOUND,ATIVA,9,25,1861.82,449.695000,701.2740362155153,2.0137,Possível anomalia financeira
902,,,,NA,Serviços profissionais,"Consultorias, Pesquisas E Trabalhos Técnicos.",0,Sem indício cadastral crítico,FOUND,ATIVA,1,1,3361.88,12966.386667,11624.099921008938,-0.8263,Comportamento esperado
181,160552,Danrlei De Deus Hinterholz,PSD,RS,Publicidade,Divulgação Da Atividade Parlamentar.,0,Sem indício cadastral crítico,FOUND,ATIVA,1,8,88000.00,215724.063125,265101.600265673,-0.4818,Comportamento esperado
647,204570,Pastor Gil,PL,MA,Combustível,Combustíveis E Lubrificantes.,1,Situação cadastral não ativa: SUSPENSA,FOUND,SUSPENSA,1,2,639.54,34895.172615,52384.05405357016,-0.6539,Fornecedor com CNPJ suspeito
40,226708,Allan Garcês,PP,MA,Hotéis,"Hospedagem ,exceto Do Parlamentar No Distrito Federal.",1,Situação cadastral não ativa: BAIXADA,FOUND,BAIXADA,1,5,3046.77,16546.215714,24945.906621691578,-0.5411,Fornecedor com CNPJ suspeito
692,73486,Pompeo De Mattos,PDT,RS,Publicidade,Assinatura De Publicações,0,Sem indício cadastral crítico,FOUND,ATIVA,1,3,658.72,4387.790000,5356.19612339018,-0.6962,Comportamento esperado
570,178843,Marx Beltrão,UNIÃO,AL,Combustível,Combustíveis E Lubrificantes.,1,Situação cadastral não ativa: BAIXADA,FOUND,BAIXADA,1,2,414.00,41184.340741,54405.12179897842,-0.7494,Fornecedor com CNPJ suspeito
533,156190,Marcel Van Hattem,NOVO,RS,Outros,Manutenção De Escritório De Apoio À Atividade Parlamentar,1,Situação cadastral não ativa: BAIXADA,FOUND,BAIXADA,2,2,187.64,109428.142500,149558.61424927576,-0.7304,Fornecedor com CNPJ suspeito
466,98057,Lafayette De Andrada,REPUBLICANOS,MG,Outros,Serviços Postais,0,Sem indício cadastral crítico,FOUND,ATIVA,1,13,3347.93,2049.065200,4121.470694655126,0.3151,Comportamento esperado
662,160558,Paulo Freire Costa,PL,SP,Viagens,Passagem Aérea - Rpa,0,Sem indício cadastral crítico,FOUND,ATIVA,2,5,4714.80,24943.515352,36157.13967829913,-0.5595,Comportamento esperado
135,204476,Chiquinho Brazão,UNIÃO,RJ,Locomoção,Locação Ou Fretamento De Veículos Automotores,0,Sem indício cadastral crítico,FOUND,ATIVA,4,6,46276.00,162239.394390,163272.60476613723,-0.7102,Comportamento esperado
272,230765,Enfermeira Rejane,PCDOB,RJ,Viagens,Passagem Aérea - Reembolso,0,Sem indício cadastral crítico,FOUND,ATIVA,2,2,4364.85,9840.865893,10669.362639943789,-0.5132,Comportamento esperado
776,160635,Ruy Carneiro,PSC,PB,Viagens,Passagem Aérea - Rpa,0,Sem indício cadastral crítico,FOUND,ATIVA,2,5,9314.17,6222.055333,8497.227830281614,0.3639,Comportamento esperado
607,178858,Mário Negromonte Jr.,PP,BA,Outros,Manutenção De Escritório De Apoio À Atividade Parlamentar,0,Sem indício cadastral crítico,FOUND,ATIVA,1,1,902.71,98257.521290,134321.8726415135,-0.7248,Comportamento esperado
659,204538,Paulo Bengtson,PTB,PA,Combustível,Combustíveis E Lubrificantes.,1,Situação cadastral não ativa: SUSPENSA,FOUND,SUSPENSA,1,1,40.00,39488.928400,62234.56368268833,-0.6339,Fornecedor com CNPJ suspeito
872,220592,Zezinho Barbary,PP,AC,Hotéis,"Hospedagem ,exceto Do Parlamentar No Distrito Federal.",0,Sem indício cadastral crítico,FOUND,ATIVA,3,17,12477.18,11165.562105,15437.148423150342,0.085,Comportamento esperado
784,220621,Sargento Gonçalves,PL,RN,Viagens,Passagem Aérea - Reembolso,0,Sem indício cadastral crítico,FOUND,ATIVA,1,1,1957.99,3706.697143,4352.996359037126,-0.4017,Comportamento esperado
769,220620,Rosângela Reis,PL,MG,Combustível,Combustíveis E Lubrificantes.,1,CNPJ não encontrado na API pública,NOT_FOUND,,1,1,100.00,65306.104375,92314.0005265802,-0.7064,Fornecedor com CNPJ suspeito
646,160642,Pastor Eurico,PL,PE,Viagens,Passagem Aérea - Reembolso,0,Sem indício cadastral crítico,FOUND,ATIVA,2,3,8032.35,7471.163333,10016.291980131698,0.056,Comportamento esperado
177,204459,Daniela Do Waguinho,UNIÃO,RJ,Outros,Manutenção De Escritório De Apoio À Atividade Parlamentar,0,Sem indício cadastral crítico,FOUND,ATIVA,2,2,1258.19,80988.593819,134414.71100556676,-0.5932,Comportamento esperado
99,220635,Bruno Ganem,PODE,SP,Viagens,Passagem Aérea - Reembolso,0,Sem indício cadastral crítico,FOUND,ATIVA,1,3,6955.38,9758.571000,11443.414965885137,-0.245,Comportamento esperado
453,178886,Juscelino Filho,PSDB,MA,Viagens,Passagem Aérea - Rpa,0,Sem indício cadastral crítico,FOUND,ATIVA,1,1,3235.26,17893.360952,34179.698738222214,-0.4289,Comportamento esperado
864,224333,Welter,PT,PR,Publicidade,Assinatura De Publicações,0,Sem indício cadastral crítico,FOUND,ATIVA,1,2,650.00,799.995625,610.7018274408415,-0.2456,Comportamento esperado
646,160642,Pastor Eurico,PL,PE,Outros,Manutenção De Escritório De Apoio À Atividade Parlamentar,1,Situação cadastral não ativa: BAIXADA,FOUND,BAIXADA,1,4,1539.20,90785.734524,140277.34198893898,-0.6362,Fornecedor com CNPJ suspeito
468,160534,Lauriete,PSC,ES,Publicidade,Divulgação Da Atividade Parlamentar.,1,Situação cadastral não ativa: BAIXADA,FOUND,BAIXADA,1,8,60060.00,254942.876552,301625.34822291706,-0.6461,Fornecedor com CNPJ suspeito
519,178866,Luizianne Lins,PT,CE,Combustível,Combustíveis E Lubrificantes.,1,CNPJ não encontrado na API pública,NOT_FOUND,,1,2,200.00,41977.960833,76764.60304100714,-0.5442,Fornecedor com CNPJ suspeito
458,204497,Júnior Ferrari,PSD,PA,Serviços profissionais,"Consultorias, Pesquisas E Trabalhos Técnicos.",0,Sem indício cadastral crítico,FOUND,ATIVA,1,2,30000.00,71687.224615,51239.3397316542,-0.8136,Comportamento esperado
434,74366,João Campos,REPUBLICANOS,GO,Comunicação,Telefonia,0,Sem indício cadastral crítico,FOUND,ATIVA,2,8,1194.85,16840.076000,26049.85234640615,-0.6006,Comportamento esperado
791,204438,Sergio Toledo,PV,AL,Combustível,Combustíveis E Lubrificantes.,0,Sem indício cadastral crítico,FOUND,ATIVA,2,2,400.00,41184.340741,54405.12179897842,-0.7496,Comportamento esperado
811,73808,Sérgio Brito,PSD,BA,Outros,"Passagens Terrestres, Marítimas Ou Fluviais",1,Situação cadastral não ativa: BAIXADA,FOUND,BAIXADA,1,1,193.19,3634.349545,9001.916528866017,-0.3823,Fornecedor com CNPJ suspeito
111,229106,Carla Ayres,PT,SC,Outros,Manutenção De Escritório De Apoio À Atividade Parlamentar,1,Erro na consulta pública de CNPJ,ERROR,,1,8,4389.34,70964.571200,106769.4367602354,-0.6235,Fornecedor com CNPJ suspeito
641,220706,Padovani,PP,PR,Viagens,Passagem Aérea - Rpa,0,Sem indício cadastral crítico,FOUND,ATIVA,1,6,7318.24,26722.504474,58025.433845182,-0.3344,Comportamento esperado
212,160599,Dimas Fabiano,PP,MG,Outros,Serviços Postais,0,Sem indício cadastral crítico,FOUND,ATIVA,2,3,153.30,2049.065200,4121.470694655126,-0.46,Comportamento esperado
39,204400,Aline Sleutjes,PROS,PR,Viagens,Passagem Aérea - Rpa,0,Sem indício cadastral crítico,FOUND,ATIVA,2,5,2549.95,26722.504474,58025.433845182,-0.4166,Comportamento esperado
61,220544,Antonio Andrade,PSDB,TO,Outros,Aquisição De Tokens E Certificados Digitais,0,Sem indício cadastral crítico,FOUND,ATIVA,1,2,490.00,490.000000,,,Comportamento esperado
779,220631,Samuel Viana,UNIÃO,MG,Locomoção,Locação Ou Fretamento De Embarcações,0,Sem indício cadastral crítico,FOUND,ATIVA,1,2,30.00,30.000000,,,Comportamento esperado
210,73768,Dilceu Sperafico,PP,PR,Hotéis,"Hospedagem ,exceto Do Parlamentar No Distrito Federal.",0,Sem indício cadastral crítico,FOUND,ATIVA,4,4,2563.52,18419.328649,34024.43115299299,-0.466,Comportamento esperado
147,204378,Coronel Chrisóstomo,PL,RO,Combustível,Combustíveis E Lubrificantes.,1,Situação cadastral não ativa: BAIXADA,FOUND,BAIXADA,2,10,1496.33,64922.175357,86632.41303886044,-0.7321,Fornecedor com CNPJ suspeito
900,,,,NA,Outros,Manutenção De Escritório De Apoio À Atividade Parlamentar,0,Sem indício cadastral crítico,FOUND,ATIVA,2,2,386.80,15500.143182,23430.81961523477,-0.645,Comportamento esperado
359,204531,Guilherme Derrite,PP,SP,Outros,Manutenção De Escritório De Apoio À Atividade Parlamentar,0,Sem indício cadastral crítico,FOUND,ATIVA,1,1,3850.70,98538.487659,143509.98800071477,-0.6598,Comportamento esperado
171,220582,Daniel Barbosa,PP,AL,Publicidade,Divulgação Da Atividade Parlamentar.,1,Situação cadastral não ativa: BAIXADA,FOUND,BAIXADA,2,8,56000.00,358459.172381,402499.84210100886,-0.7515,Fornecedor com CNPJ suspeito
785,220618,Sargento Portugal,PODE,RJ,Outros,Serviço De Segurança Prestado Por Empresa Especializada.,0,Sem indício cadastral crítico,FOUND,ATIVA,1,1,8630.00,20518.758000,20004.550993027562,-0.5943,Comportamento esperado
757,160651,Rogério Peninha Mendonça,MDB,SC,Viagens,Passagem Aérea - Reembolso,0,Sem indício cadastral crítico,FOUND,ATIVA,2,3,1553.58,9023.088750,8047.509872572903,-0.9282,Comportamento esperado
411,204468,Joenia Wapichana,REDE,RR,Locomoção,Locação Ou Fretamento De Veículos Automotores,0,Sem indício cadastral crítico,FOUND,ATIVA,1,21,127851.62,156360.151875,107532.52503854835,-0.2651,Comportamento esperado
70,204414,Aroldo Martins,REPUBLICANOS,PR,Comunicação,Telefonia,0,Sem indício cadastral crítico,FOUND,ATIVA,1,2,1233.89,10984.091277,13121.60062975809,-0.7431,Comportamento esperado
264,220008,Eliza Virgínia,PP,PB,Publicidade,Divulgação Da Atividade Parlamentar.,0,Sem indício cadastral crítico,FOUND,ATIVA,1,2,40000.00,324815.111538,407718.48875224456,-0.6986,Comportamento esperado
432,204555,José Ricardo,PT,AM,Serviços profissionais,"Consultorias, Pesquisas E Trabalhos Técnicos.",0,Sem indício cadastral crítico,FOUND,ATIVA,1,2,23555.60,49181.950000,43491.54703575003,-0.5892,Comportamento esperado
641,220706,Padovani,PP,PR,Viagens,Passagem Aérea - Reembolso,0,Sem indício cadastral crítico,FOUND,ATIVA,2,2,10453.66,17801.644063,39455.64199846602,-0.1862,Comportamento esperado
476,74156,Leonardo Monteiro,PT,MG,Hotéis,"Hospedagem ,exceto Do Parlamentar No Distrito Federal.",0,Sem indício cadastral crítico,FOUND,ATIVA,3,3,311.00,17018.453084,26330.369533202334,-0.6345,Comportamento esperado
330,204473,General Girão,PL,RN,Serviços profissionais,"Consultorias, Pesquisas E Trabalhos Técnicos.",0,Sem indício cadastral crítico,FOUND,ATIVA,2,2,17500.00,75620.571429,70092.2679683885,-0.8292,Comportamento esperado
156,135054,Cristiano Vale,PP,PA,Publicidade,Divulgação Da Atividade Parlamentar.,0,Sem indício cadastral crítico,FOUND,ATIVA,1,2,92500.00,319971.475333,323849.5425991789,-0.7024,Comportamento esperado
790,178933,Sergio Souza,MDB,PR,Viagens,Passagem Aérea - Reembolso,0,Sem indício cadastral crítico,FOUND,ATIVA,4,5,9026.64,17801.644063,39455.64199846602,-0.2224,Comportamento esperado
49,220556,Ana Paula Lima,PT,SC,Combustível,Combustíveis E Lubrificantes.,1,Situação cadastral não ativa: BAIXADA,FOUND,BAIXADA,1,1,200.00,63943.250339,85631.6159933909,-0.7444,Fornecedor com CNPJ suspeito
520,204418,Luizão Goulart,SOLIDARIEDADE,PR,Viagens,Passagem Aérea - Rpa,0,Sem indício cadastral crítico,FOUND,ATIVA,2,2,340.02,26722.504474,58025.433845182,-0.4547,Comportamento esperado
250,204541,Eduardo Bismarck,PV,CE,Locomoção,Locação Ou Fretamento De Aeronaves,0,Sem indício cadastral crítico,FOUND,ATIVA,2,3,41000.00,46678.600000,38881.59920573464,-0.146,Comportamento esperado
349,226179,Gisela Simona,UNIÃO,MT,Combustível,Combustíveis E Lubrificantes.,1,Situação cadastral não ativa: INAPTA,FOUND,INAPTA,1,1,350.03,34330.305532,57340.29977264771,-0.5926,Fornecedor com CNPJ suspeito
763,204525,Rosana Valle,PL,SP,Combustível,Combustíveis E Lubrificantes.,1,Situação cadastral não ativa: INAPTA,FOUND,INAPTA,2,2,186.13,42192.750821,64034.19773844777,-0.656,Fornecedor com CNPJ suspeito
808,92776,Stefano Aguiar,PSD,MG,Alimentação,Fornecimento De Alimentação Do Parlamentar,1,Situação cadastral não ativa: BAIXADA,FOUND,BAIXADA,2,2,104.90,3421.773553,6721.942950865462,-0.4934,Fornecedor com CNPJ suspeito
411,204468,Joenia Wapichana,REDE,RR,Outros,Manutenção De Escritório De Apoio À Atividade Parlamentar,1,Situação cadastral não ativa: BAIXADA,FOUND,BAIXADA,1,2,751.20,80921.562903,170825.55022261123,-0.4693,Fornecedor com CNPJ suspeito
795,204557,Sidney Leite,PSD,AM,Combustível,Combustíveis E Lubrificantes.,1,CNPJ não encontrado na API pública,NOT_FOUND,,2,4,400.00,27982.215263,36043.55549981074,-0.7652,Fornecedor com CNPJ suspeito
532,220648,Marangoni,PODE,SP,Viagens,Passagem Aérea - Rpa,0,Sem indício cadastral crítico,FOUND,ATIVA,1,16,15711.17,24943.515352,36157.13967829913,-0.2553,Comportamento esperado
405,160570,Jerônimo Goergen,PP,RS,Viagens,Passagem Aérea - Reembolso,0,Sem indício cadastral crítico,FOUND,ATIVA,1,1,1210.32,7846.026333,10735.105702213965,-0.6181,Comportamento esperado
6,221328,Adilson Barroso,PL,SP,Hotéis,"Hospedagem ,exceto Do Parlamentar No Distrito Federal.",0,Sem indício cadastral crítico,FOUND,ATIVA,11,15,8390.98,10014.789189,11435.329101648113,-0.142,Comportamento esperado
246,204562,Edilázio Júnior,PSD,MA,Serviços profissionais,"Consultorias, Pesquisas E Trabalhos Técnicos.",0,Sem indício cadastral crítico,FOUND,ATIVA,1,1,28000.00,73247.500000,60193.25778602398,-0.7517,Comportamento esperado
158,206018,Célia Xakriabá,PSOL,MG,Publicidade,Assinatura De Publicações,0,Sem indício cadastral crítico,FOUND,ATIVA,1,1,1556.10,1596.091765,1698.0009011232714,-0.0236,Comportamento esperado
70,204414,Aroldo Martins,REPUBLICANOS,PR,Locomoção,Locação Ou Fretamento De Veículos Automotores,0,Sem indício cadastral crítico,FOUND,ATIVA,1,1,900.00,113439.957419,130977.93601797776,-0.8592,Comportamento esperado
580,75431,Maurício Dziedricki,PODE,RS,Outros,Serviços Postais,0,Sem indício cadastral crítico,FOUND,ATIVA,2,2,184.90,862.238182,1333.8726370935917,-0.5078,Comportamento esperado
253,178977,Eduardo Cury,PSDB,SP,Hotéis,"Hospedagem ,exceto Do Parlamentar No Distrito Federal.",1,Erro na consulta pública de CNPJ,ERROR,,1,1,7019.25,10014.789189,11435.329101648113,-0.262,Fornecedor com CNPJ suspeito
570,178843,Marx Beltrão,PP,AL,Serviços profissionais,"Consultorias, Pesquisas E Trabalhos Técnicos.",0,Sem indício cadastral crítico,FOUND,ATIVA,2,2,43700.00,120762.828571,125631.35489202412,-0.6134,Comportamento esperado
3,204554,Abílio Santana,PSC,BA,Viagens,Passagem Aérea - Rpa,0,Sem indício cadastral crítico,FOUND,ATIVA,1,1,748.44,31763.658913,54219.86604798766,-0.572,Comportamento esperado
198,220652,Delegado Palumbo,PODE,SP,Combustível,Combustíveis E Lubrificantes.,1,CNPJ não encontrado na API pública,NOT_FOUND,,1,1,200.00,42192.750821,64034.19773844777,-0.6558,Fornecedor com CNPJ suspeito
175,204454,Daniel Silveira,PTB,RJ,Viagens,Passagem Aérea - Reembolso,0,Sem indício cadastral crítico,FOUND,ATIVA,1,4,7797.44,9840.865893,10669.362639943789,-0.1915,Comportamento esperado
682,204395,Pedro Lupion,PP,PR,Hotéis,"Hospedagem ,exceto Do Parlamentar No Distrito Federal.",0,Sem indício cadastral crítico,FOUND,ATIVA,1,1,1215.00,18419.328649,34024.43115299299,-0.5056,Comportamento esperado
368,204548,Heitor Freire,UNIÃO,CE,Publicidade,Divulgação Da Atividade Parlamentar.,1,Situação cadastral não ativa: BAIXADA,FOUND,BAIXADA,1,1,5000.00,263931.285395,366906.3702021798,-0.7057,Fornecedor com CNPJ suspeito
3,204554,Abílio Santana,PSC,BA,Combustível,Combustíveis E Lubrificantes.,1,Situação cadastral não ativa: BAIXADA,FOUND,BAIXADA,2,2,550.86,76280.976842,110667.4963849575,-0.6843,Fornecedor com CNPJ suspeito
205,220553,Denise Pessôa,PT,RS,Hotéis,"Hospedagem ,exceto Do Parlamentar No Distrito Federal.",1,Situação cadastral não ativa: BAIXADA,FOUND,BAIXADA,1,6,1201.25,21826.986437,35658.661568585754,-0.5784,Fornecedor com CNPJ suspeito
452,204574,Junior Lourenço,MDB,MA,Publicidade,Divulgação Da Atividade Parlamentar.,1,Situação cadastral não ativa: BAIXADA,FOUND,BAIXADA,4,6,6150.00,299945.123175,386285.4495039867,-0.7606,Fornecedor com CNPJ suspeito
108,178924,Capitão Fábio Abreu,PSD,PI,Alimentação,Fornecimento De Alimentação Do Parlamentar,0,Sem indício cadastral crítico,FOUND,ATIVA,3,7,419.05,3231.855000,6522.778260515771,-0.4312,Comportamento esperado
95,204551,Bosco Saraiva,SOLIDARIEDADE,AM,Outros,Manutenção De Escritório De Apoio À Atividade Parlamentar,1,Situação cadastral não ativa: BAIXADA,FOUND,BAIXADA,1,1,3318.00,35177.838000,53399.12696043168,-0.5966,Fornecedor com CNPJ suspeito
40,226708,Allan Garcês,PP,MA,Outros,"Serviço De Táxi, Pedágio E Estacionamento",0,Sem indício cadastral crítico,FOUND,ATIVA,1,1,31.92,3095.474615,4475.3830763031065,-0.6845,Comportamento esperado
303,204411,Filipe Barros,PL,PR,Publicidade,Assinatura De Publicações,1,Situação cadastral não ativa: BAIXADA,FOUND,BAIXADA,1,6,174.00,799.995625,610.7018274408415,-1.025,Fornecedor com CNPJ suspeito
189,220561,Delegada Katarina,PSD,SE,Viagens,Passagem Aérea - Reembolso,0,Sem indício cadastral crítico,FOUND,ATIVA,2,2,5798.69,9040.411000,11259.006637678962,-0.2879,Comportamento esperado
274,204537,Enrico Misasi,MDB,SP,Publicidade,Divulgação Da Atividade Parlamentar.,1,Situação cadastral não ativa: BAIXADA,FOUND,BAIXADA,1,5,10820.00,243741.226243,313657.1515008437,-0.7426,Fornecedor com CNPJ suspeito
250,204541,Eduardo Bismarck,PV,CE,Comunicação,Telefonia,0,Sem indício cadastral crítico,FOUND,ATIVA,1,15,6064.79,11707.711071,16858.211643996754,-0.3347,Comportamento esperado
47,220596,Amália Barros,PL,MT,Combustível,Combustíveis E Lubrificantes.,1,Situação cadastral não ativa: SUSPENSA,FOUND,SUSPENSA,1,1,255.15,34330.305532,57340.29977264771,-0.5943,Fornecedor com CNPJ suspeito
782,219599,Sargento Alexandre,PODE,SP,Locomoção,Locação Ou Fretamento De Veículos Automotores,1,Situação cadastral não ativa: BAIXADA,FOUND,BAIXADA,1,1,3729.94,147254.510948,139673.23431152088,-1.0276,Fornecedor com CNPJ suspeito
865,74044,Wilson Santiago,REPUBLICANOS,PB,Publicidade,Divulgação Da Atividade Parlamentar.,1,Situação cadastral não ativa: INAPTA,FOUND,INAPTA,2,7,9612.91,324815.111538,407718.48875224456,-0.7731,Fornecedor com CNPJ suspeito
439,141459,João Maia,PP,RN,Combustível,Combustíveis E Lubrificantes.,1,Situação cadastral não ativa: BAIXADA,FOUND,BAIXADA,1,3,1077.07,51927.710333,76131.03428420173,-0.6679,Fornecedor com CNPJ suspeito
121,141398,Carlos Zarattini,PT,SP,Serviços profissionais,"Consultorias, Pesquisas E Trabalhos Técnicos.",0,Sem indício cadastral crítico,FOUND,ATIVA,2,2,26910.00,42478.291429,47664.49520078613,-0.3266,Comportamento esperado
40,226708,Allan Garcês,PP,MA,Outros,"Participação Em Curso, Palestra Ou Evento Similar",0,Sem indício cadastral crítico,FOUND,ATIVA,1,1,597.00,6379.883333,6887.791517666119,-0.8396,Comportamento esperado
627,66179,Norma Ayub,PP,ES,Viagens,Passagem Aérea - Reembolso,0,Sem indício cadastral crítico,FOUND,ATIVA,1,1,300.00,10428.191818,24247.266158601393,-0.4177,Comportamento esperado
526,139285,Lídice Da Mata,PSB,BA,Publicidade,Divulgação Da Atividade Parlamentar.,1,Situação cadastral não ativa: INAPTA,FOUND,INAPTA,1,1,6533.33,317318.910361,328157.1355142384,-0.9471,Fornecedor com CNPJ suspeito
805,222565,Soldado Noelio,UNIÃO,CE,Locomoção,Locação Ou Fretamento De Veículos Automotores,0,Sem indício cadastral crítico,FOUND,ATIVA,1,2,13000.00,139651.247778,143531.8586124825,-0.8824,Comportamento esperado
242,220540,Duda Ramos,PODE,RR,Outros,Manutenção De Escritório De Apoio À Atividade Parlamentar,1,Situação cadastral não ativa: BAIXADA,FOUND,BAIXADA,1,2,868.90,80921.562903,170825.55022261123,-0.4686,Fornecedor com CNPJ suspeito
692,73486,Pompeo De Mattos,PDT,RS,Alimentação,Fornecimento De Alimentação Do Parlamentar,1,Situação cadastral não ativa: BAIXADA,FOUND,BAIXADA,2,2,148.50,7368.085075,13657.337051272762,-0.5286,Fornecedor com CNPJ suspeito
661,160517,Paulo Folletto,PSB,ES,Viagens,Passagem Aérea - Reembolso,0,Sem indício cadastral crítico,FOUND,ATIVA,1,1,2197.67,10428.191818,24247.266158601393,-0.3394,Comportamento esperado
852,141555,Vinicius Carvalho,REPUBLICANOS,SP,Locomoção,Locação Ou Fretamento De Veículos Automotores,0,Sem indício cadastral crítico,FOUND,ATIVA,4,6,12711.15,147254.510948,139673.23431152088,-0.9633,Comportamento esperado
104,204352,Camilo Capiberibe,PSB,AP,Hotéis,"Hospedagem ,exceto Do Parlamentar No Distrito Federal.",0,Sem indício cadastral crítico,FOUND,ATIVA,1,1,555.36,5136.092500,6592.979949253359,-0.6948,Comportamento esperado
244,178994,Dulce Miranda,MDB,TO,Viagens,Passagem Aérea - Reembolso,0,Sem indício cadastral crítico,FOUND,ATIVA,1,1,1922.67,4645.874444,4227.848303939934,-0.6441,Comportamento esperado
276,220645,Erika Hilton,PSOL,SP,Publicidade,Divulgação Da Atividade Parlamentar.,1,Situação cadastral não ativa: BAIXADA,FOUND,BAIXADA,3,10,61700.00,243741.226243,313657.1515008437,-0.5804,Fornecedor com CNPJ suspeito
460,208297,Katia Dias,REPUBLICANOS,MG,Publicidade,Divulgação Da Atividade Parlamentar.,1,Situação cadastral não ativa: BAIXADA,FOUND,BAIXADA,1,4,64000.00,194891.353020,276881.75990132586,-0.4727,Fornecedor com CNPJ suspeito
145,204376,Coronel Armando,PP,SC,Outros,Manutenção De Escritório De Apoio À Atividade Parlamentar,0,Sem indício cadastral crítico,FOUND,ATIVA,3,4,6121.30,70964.571200,106769.4367602354,-0.6073,Comportamento esperado
903,,,,NA,Viagens,Passagem Aérea - Reembolso,0,Sem indício cadastral crítico,FOUND,ATIVA,1,1,612.46,15179.464000,13450.537474399676,-1.083,Comportamento esperado
776,160635,Ruy Carneiro,PODE,PB,Viagens,Passagem Aérea - Reembolso,0,Sem indício cadastral crítico,FOUND,ATIVA,2,2,7108.78,14118.253125,32577.997530279183,-0.2152,Comportamento esperado
119,74262,Carlos Sampaio,PSD,SP,Viagens,Passagem Aérea - Reembolso,0,Sem indício cadastral crítico,FOUND,ATIVA,2,2,3133.57,9758.571000,11443.414965885137,-0.5789,Comportamento esperado
435,141458,João Carlos Bacelar,PL,BA,Outros,Manutenção De Escritório De Apoio À Atividade Parlamentar,1,Situação cadastral não ativa: BAIXADA,FOUND,BAIXADA,2,5,1575.10,98257.521290,134321.8726415135,-0.7198,Fornecedor com CNPJ suspeito
184,204511,David Soares,UNIÃO,SP,Combustível,Combustíveis E Lubrificantes.,1,Situação cadastral não ativa: BAIXADA,FOUND,BAIXADA,2,2,455.59,42192.750821,64034.19773844777,-0.6518,Fornecedor com CNPJ suspeito
253,178977,Eduardo Cury,PSDB,SP,Alimentação,Fornecimento De Alimentação Do Parlamentar,1,Erro na consulta pública de CNPJ,ERROR,,1,4,306.66,3366.001170,5609.697337170304,-0.5454,Fornecedor com CNPJ suspeito
351,204419,Glaustin Da Fokus,PSC,GO,Serviços profissionais,"Consultorias, Pesquisas E Trabalhos Técnicos.",1,Situação cadastral não ativa: BAIXADA,FOUND,BAIXADA,1,2,30000.00,99247.891538,60067.72576039702,-1.1528,Fornecedor com CNPJ suspeito
490,204404,Lucas Redecker,PSD,RS,Hotéis,"Hospedagem ,exceto Do Parlamentar No Distrito Federal.",1,CNPJ não encontrado na API pública,NOT_FOUND,,1,1,200.00,21826.986437,35658.661568585754,-0.6065,Fornecedor com CNPJ suspeito
122,164360,Carmen Zanotto,CIDADANIA,SC,Outros,Serviço De Segurança Prestado Por Empresa Especializada.,0,Sem indício cadastral crítico,FOUND,ATIVA,1,9,756.19,6348.014000,9442.953517040101,-0.5922,Comportamento esperado
513,220658,Luiz Gastão,PSD,CE,Publicidade,Divulgação Da Atividade Parlamentar.,1,Situação cadastral não ativa: BAIXADA,FOUND,BAIXADA,1,3,27030.00,263931.285395,366906.3702021798,-0.6457,Fornecedor com CNPJ suspeito
617,74165,Neucimar Fraga,PP,ES,Serviços profissionais,"Consultorias, Pesquisas E Trabalhos Técnicos.",0,Sem indício cadastral crítico,FOUND,ATIVA,1,1,19800.00,58062.500000,47700.19279685506,-0.8021,Comportamento esperado
182,116379,Darci De Matos,PSD,SC,Hotéis,"Hospedagem ,exceto Do Parlamentar No Distrito Federal.",1,Situação cadastral não ativa: BAIXADA,FOUND,BAIXADA,4,9,3784.50,36695.958649,43528.74004922331,-0.7561,Fornecedor com CNPJ suspeito
100,220574,Cabo Gilberto Silva,PL,PB,Viagens,Passagem Aérea - Rpa,0,Sem indício cadastral crítico,FOUND,ATIVA,2,2,6247.42,6222.055333,8497.227830281614,0.003,Comportamento esperado
38,204353,Aline Gurgel,REPUBLICANOS,AP,Serviços profissionais,"Consultorias, Pesquisas E Trabalhos Técnicos.",1,Situação cadastral não ativa: BAIXADA,FOUND,BAIXADA,1,2,8000.00,74193.690909,67500.34505342109,-0.9806,Fornecedor com CNPJ suspeito
142,141408,Cleber Verde,REPUBLICANOS,MA,Publicidade,Divulgação Da Atividade Parlamentar.,1,Situação cadastral não ativa: BAIXADA,FOUND,BAIXADA,2,2,116000.00,299945.123175,386285.4495039867,-0.4762,Fornecedor com CNPJ suspeito
129,204496,Celso Sabino,PDT,PA,Hotéis,"Hospedagem ,exceto Do Parlamentar No Distrito Federal.",0,Sem indício cadastral crítico,FOUND,ATIVA,1,1,1116.60,12723.705217,19811.362899516178,-0.5859,Comportamento esperado
187,220565,Delegada Adriana Accorsi,PT,GO,Viagens,Passagem Aérea - Reembolso,0,Sem indício cadastral crítico,FOUND,ATIVA,2,3,3548.43,9320.806667,11516.786579017313,-0.5012,Comportamento esperado
470,220600,Lebrão,UNIÃO,RO,Combustível,Combustíveis E Lubrificantes.,1,Situação cadastral não ativa: BAIXADA,FOUND,BAIXADA,1,1,248.33,64922.175357,86632.41303886044,-0.7465,Fornecedor com CNPJ suspeito
684,229259,Pedro Tourinho,PT,SP,Publicidade,Divulgação Da Atividade Parlamentar.,0,Sem indício cadastral crítico,FOUND,ATIVA,1,2,33000.00,243741.226243,313657.1515008437,-0.6719,Comportamento esperado
495,74478,Luciano Bivar,MDB,PE,Hotéis,"Hospedagem ,exceto Do Parlamentar No Distrito Federal.",0,Sem indício cadastral crítico,FOUND,ATIVA,4,5,3500.11,17089.374528,23447.97906027458,-0.5795,Comportamento esperado
852,141555,Vinicius Carvalho,REPUBLICANOS,SP,Combustível,Combustíveis E Lubrificantes.,1,Situação cadastral não ativa: SUSPENSA,FOUND,SUSPENSA,1,1,452.81,42192.750821,64034.19773844777,-0.6518,Fornecedor com CNPJ suspeito
333,204527,Geninho Zuliani,UNIÃO,SP,Locomoção,Locação Ou Fretamento De Veículos Automotores,0,Sem indício cadastral crítico,FOUND,ATIVA,1,10,35770.00,147254.510948,139673.23431152088,-0.7982,Comportamento esperado
863,74043,Wellington Roberto,PL,PB,Combustível,Combustíveis E Lubrificantes.,1,Situação cadastral não ativa: BAIXADA,FOUND,BAIXADA,1,1,320.94,61582.608974,85760.8839439169,-0.7143,Fornecedor com CNPJ suspeito
127,141405,Celso Maldaner,MDB,SC,Outros,"Passagens Terrestres, Marítimas Ou Fluviais",0,Sem indício cadastral crítico,FOUND,ATIVA,1,1,129.59,472.404167,456.3108967371486,-0.7513,Comportamento esperado
356,198197,Greyce Elias,AVANTE,MG,Locomoção,Locação Ou Fretamento De Veículos Automotores,0,Sem indício cadastral crítico,FOUND,ATIVA,3,3,735.77,199358.988889,190617.58878325575,-1.042,Comportamento esperado
330,204473,General Girão,PL,RN,Viagens,Passagem Aérea - Reembolso,0,Sem indício cadastral crítico,FOUND,ATIVA,1,1,980.53,3706.697143,4352.996359037126,-0.6263,Comportamento esperado
559,220668,Maria Arraes,PSB,PE,Viagens,Passagem Aérea - Reembolso,0,Sem indício cadastral crítico,FOUND,ATIVA,1,1,1470.53,7471.163333,10016.291980131698,-0.5991,Comportamento esperado
253,178977,Eduardo Cury,PSDB,SP,Hotéis,"Hospedagem ,exceto Do Parlamentar No Distrito Federal.",0,Sem indício cadastral crítico,FOUND,ATIVA,1,1,140.00,10014.789189,11435.329101648113,-0.8635,Comportamento esperado
769,220620,Rosângela Reis,PL,MG,Outros,"Serviço De Táxi, Pedágio E Estacionamento",0,Sem indício cadastral crítico,FOUND,ATIVA,3,8,61.80,5572.245385,10370.293242628488,-0.5314,Comportamento esperado
142,141408,Cleber Verde,REPUBLICANOS,MA,Publicidade,Divulgação Da Atividade Parlamentar.,0,Sem indício cadastral crítico,FOUND,ATIVA,2,4,81300.00,299945.123175,386285.4495039867,-0.566,Comportamento esperado
113,204507,Carla Zambelli,PL,SP,Outros,Manutenção De Escritório De Apoio À Atividade Parlamentar,0,Documento não consultado por não ser CNPJ,NOT_APPLICABLE,,1,1,4500.00,98538.487659,143509.98800071477,-0.6553,Comportamento esperado
729,73788,Ricardo Barros,PP,PR,Publicidade,Divulgação Da Atividade Parlamentar.,1,Situação cadastral não ativa: INAPTA,FOUND,INAPTA,1,1,1500.00,263664.052022,329972.5348930845,-0.7945,Fornecedor com CNPJ suspeito
529,204458,Major Fabiana,PL,RJ,Publicidade,Divulgação Da Atividade Parlamentar.,1,Situação cadastral não ativa: BAIXADA,FOUND,BAIXADA,1,3,11250.00,226781.355120,259582.44863584734,-0.8303,Fornecedor com CNPJ suspeito
362,204442,Gurgel,PL,RJ,Combustível,Combustíveis E Lubrificantes.,1,Situação cadastral não ativa: BAIXADA,FOUND,BAIXADA,1,1,336.59,44023.319398,62812.667137756165,-0.6955,Fornecedor com CNPJ suspeito
11,160508,Afonso Florence,PT,BA,Outros,"Passagens Terrestres, Marítimas Ou Fluviais",0,Sem indício cadastral crítico,FOUND,ATIVA,1,2,360.98,3634.349545,9001.916528866017,-0.3636,Comportamento esperado
509,204485,Luiz Carlos Motta,PL,SP,Viagens,Passagem Aérea - Rpa,0,Sem indício cadastral crítico,FOUND,ATIVA,3,6,14827.22,24943.515352,36157.13967829913,-0.2798,Comportamento esperado
856,178992,Vitor Lippi,PSDB,SP,Publicidade,Divulgação Da Atividade Parlamentar.,1,Situação cadastral não ativa: INAPTA,FOUND,INAPTA,1,1,15000.00,243741.226243,313657.1515008437,-0.7293,Fornecedor com CNPJ suspeito
835,157130,Túlio Gadêlha,REDE,PE,Serviços profissionais,"Consultorias, Pesquisas E Trabalhos Técnicos.",1,Situação cadastral não ativa: BAIXADA,FOUND,BAIXADA,1,1,4000.00,33394.939474,25891.938420366478,-1.1353,Fornecedor com CNPJ suspeito
715,74161,Reginaldo Lopes,PT,MG,Locomoção,Locação Ou Fretamento De Veículos Automotores,1,Situação cadastral não ativa: BAIXADA,FOUND,BAIXADA,1,1,717.72,199358.988889,190617.58878325575,-1.0421,Fornecedor com CNPJ suspeito
237,230088,Dra. Mayra Pinheiro,PL,CE,Outros,Manutenção De Escritório De Apoio À Atividade Parlamentar,0,Sem indício cadastral crítico,FOUND,ATIVA,1,1,106.70,68348.775082,105244.60317209057,-0.6484,Comportamento esperado
433,74554,José Rocha,UNIÃO,BA,Viagens,Passagem Aérea - Reembolso,1,Erro na consulta pública de CNPJ,ERROR,,1,1,23309.40,6722.195000,9392.208684505544,1.7661,Fornecedor com CNPJ suspeito
607,178858,Mário Negromonte Jr.,PSB,BA,Combustível,Combustíveis E Lubrificantes.,1,Situação cadastral não ativa: BAIXADA,FOUND,BAIXADA,1,1,350.00,76280.976842,110667.4963849575,-0.6861,Fornecedor com CNPJ suspeito
356,198197,Greyce Elias,AVANTE,MG,Viagens,Passagem Aérea - Reembolso,0,Sem indício cadastral crítico,FOUND,ATIVA,1,1,310.00,7020.191961,10297.188894597206,-0.6517,Comportamento esperado
306,225727,Flavinha,MDB,MT,Viagens,Passagem Aérea - Sigepa,,,,,0,6,11235.80,116334.207895,92091.32039496631,-1.1412,Comportamento esperado
421,209189,Joseildo Ramos,PT,BA,Hotéis,"Hospedagem ,exceto Do Parlamentar No Distrito Federal.",1,Situação cadastral não ativa: BAIXADA,FOUND,BAIXADA,1,4,1552.00,14559.116889,26542.375379101115,-0.4901,Fornecedor com CNPJ suspeito
841,141552,Valtenir Pereira,MDB,MT,Hotéis,"Hospedagem ,exceto Do Parlamentar No Distrito Federal.",0,Sem indício cadastral crítico,FOUND,ATIVA,1,1,134.00,20380.542308,35609.06873470771,-0.5686,Comportamento esperado
313,204510,Franco Cartafina,PP,MG,Comunicação,Telefonia,0,Sem indício cadastral crítico,FOUND,ATIVA,1,13,2519.65,15607.667083,19082.29985422686,-0.6859,Comportamento esperado
357,204513,Guiga Peixoto,PSC,SP,Serviços profissionais,"Consultorias, Pesquisas E Trabalhos Técnicos.",0,Sem indício cadastral crítico,FOUND,ATIVA,2,6,67980.00,42478.291429,47664.49520078613,0.535,Comportamento esperado
276,220645,Erika Hilton,PSOL,SP,Outros,Manutenção De Escritório De Apoio À Atividade Parlamentar,0,Sem indício cadastral crítico,FOUND,ATIVA,1,1,203.00,98538.487659,143509.98800071477,-0.6852,Comportamento esperado
316,204393,Frei Anastacio Ribeiro,PT,PB,Viagens,Passagem Aérea - Rpa,0,Sem indício cadastral crítico,FOUND,ATIVA,1,2,85.00,6222.055333,8497.227830281614,-0.7222,Comportamento esperado
642,160556,Padre João,PT,MG,Outros,"Passagens Terrestres, Marítimas Ou Fluviais",1,Situação cadastral não ativa: BAIXADA,FOUND,BAIXADA,1,1,229.21,3858.240000,6358.142634643256,-0.5708,Fornecedor com CNPJ suspeito
397,220696,Ivoneide Caetano,PT,BA,Viagens,Passagem Aérea - Rpa,0,Sem indício cadastral crítico,FOUND,ATIVA,2,2,5065.99,31763.658913,54219.86604798766,-0.4924,Comportamento esperado
135,204476,Chiquinho Brazão,S.PART.,RJ,Viagens,Passagem Aérea - Rpa,0,Sem indício cadastral crítico,FOUND,ATIVA,1,1,9.95,24365.871064,36425.48190750471,-0.6687,Comportamento esperado
199,220654,Delegado Paulo Bilynskyj,PL,SP,Outros,Serviços Postais,0,Sem indício cadastral crítico,FOUND,ATIVA,1,4,483.33,1015.584878,1403.5425598127083,-0.3792,Comportamento esperado
224,220610,Dr. Fernando Máximo,PL,RO,Viagens,Passagem Aérea - Reembolso,0,Sem indício cadastral crítico,FOUND,ATIVA,1,3,10499.67,7101.265556,5024.360135719054,0.6764,Comportamento esperado
621,204479,Nicoletti,UNIÃO,RR,Comunicação,Telefonia,1,Situação cadastral não ativa: BAIXADA,FOUND,BAIXADA,1,1,77.12,7507.576000,8511.707827192691,-0.873,Fornecedor com CNPJ suspeito
746,204530,Rodrigo Agostinho,PSB,SP,Outros,"Serviço De Táxi, Pedágio E Estacionamento",1,Situação cadastral não ativa: BAIXADA,FOUND,BAIXADA,1,1,25.00,11967.060840,16796.655097373645,-0.711,Fornecedor com CNPJ suspeito
874,230768,Zé Adriano,PP,AC,Outros,Serviços Postais,0,Sem indício cadastral crítico,FOUND,ATIVA,1,1,1599.70,1599.700000,,,Comportamento esperado
56,204423,André Ferreira,PL,PE,Combustível,Combustíveis E Lubrificantes.,1,Situação cadastral não ativa: INAPTA,FOUND,INAPTA,1,3,719.71,53506.291935,82942.380015203,-0.6364,Fornecedor com CNPJ suspeito
37,178927,Aliel Machado,PV,PR,Hotéis,"Hospedagem ,exceto Do Parlamentar No Distrito Federal.",1,Erro na consulta pública de CNPJ,ERROR,,1,1,5337.40,18419.328649,34024.43115299299,-0.3845,Fornecedor com CNPJ suspeito
404,74273,Jefferson Campos,PL,SP,Outros,Manutenção De Escritório De Apoio À Atividade Parlamentar,1,Situação cadastral não ativa: BAIXADA,FOUND,BAIXADA,2,2,1025.10,98538.487659,143509.98800071477,-0.6795,Fornecedor com CNPJ suspeito
435,141458,João Carlos Bacelar,PL,BA,Outros,Serviço De Segurança Prestado Por Empresa Especializada.,0,Sem indício cadastral crítico,FOUND,ATIVA,1,1,8000.00,88600.000000,118613.15272768025,-0.6795,Comportamento esperado
203,220705,Deltan Dallagnol,PODE,PR,Outros,"Passagens Terrestres, Marítimas Ou Fluviais",0,Sem indício cadastral crítico,FOUND,ATIVA,2,5,1981.13,1895.154815,2124.8795888027494,0.0405,Comportamento esperado
7,204560,Adolfo Viana,PSDB,BA,Serviços profissionais,"Consultorias, Pesquisas E Trabalhos Técnicos.",0,Sem indício cadastral crítico,FOUND,ATIVA,1,13,65000.00,64386.903226,47821.13506693795,0.0128,Comportamento esperado
815,178922,Tadeu Alencar,PSB,PE,Locomoção,Locação Ou Fretamento De Veículos Automotores,1,Situação cadastral não ativa: BAIXADA,FOUND,BAIXADA,1,1,2337.60,220869.240392,185976.71020526288,-1.175,Fornecedor com CNPJ suspeito
151,222142,Coronel Telhada,PP,SP,Combustível,Combustíveis E Lubrificantes.,1,Situação cadastral não ativa: BAIXADA,FOUND,BAIXADA,1,1,412.02,42192.750821,64034.19773844777,-0.6525,Fornecedor com CNPJ suspeito
399,220527,Jack Rocha,PT,ES,Publicidade,Divulgação Da Atividade Parlamentar.,1,CNPJ não encontrado na API pública,NOT_FOUND,,1,1,650.00,254942.876552,301625.34822291706,-0.8431,Fornecedor com CNPJ suspeito
27,105534,Alexandre Figueiredo,PSD,SE,Viagens,Passagem Aérea - Reembolso,0,Sem indício cadastral crítico,FOUND,ATIVA,1,1,1019.34,9040.411000,11259.006637678962,-0.7124,Comportamento esperado
235,204412,Dr. Zacharias Calil,MDB,GO,Publicidade,Divulgação Da Atividade Parlamentar.,1,Situação cadastral não ativa: BAIXADA,FOUND,BAIXADA,1,3,50066.00,294423.402917,352090.0693215526,-0.694,Fornecedor com CNPJ suspeito
563,227275,Mariana Carvalho,REPUBLICANOS,MA,Comunicação,Telefonia,0,Sem indício cadastral crítico,FOUND,ATIVA,2,5,4308.45,18512.680625,18171.321371846523,-0.7817,Comportamento esperado
279,204482,Euclydes Pettersen,PSC,MG,Locomoção,Locação Ou Fretamento De Veículos Automotores,0,Sem indício cadastral crítico,FOUND,ATIVA,1,1,6950.00,199358.988889,190617.58878325575,-1.0094,Comportamento esperado
13,178835,Afonso Motta,PDT,RS,Comunicação,Telefonia,1,Situação cadastral não ativa: BAIXADA,FOUND,BAIXADA,1,1,119.97,19321.830435,18898.364290143905,-1.0161,Fornecedor com CNPJ suspeito
95,204551,Bosco Saraiva,SOLIDARIEDADE,AM,Viagens,Passagem Aérea - Rpa,0,Sem indício cadastral crítico,FOUND,ATIVA,1,6,6823.36,88728.821429,197712.15903932907,-0.4143,Comportamento esperado
551,160535,Marcon,PT,RS,Serviços profissionais,"Consultorias, Pesquisas E Trabalhos Técnicos.",0,Sem indício cadastral crítico,FOUND,ATIVA,2,2,36400.00,39996.666667,35707.577110401064,-0.1007,Comportamento esperado
422,220578,Josenildo,PDT,AP,Locomoção,Locação Ou Fretamento De Aeronaves,0,Sem indício cadastral crítico,FOUND,ATIVA,1,2,21500.00,20750.000000,1060.6601717798212,0.7071,Comportamento esperado
132,204490,Charlles Evangelista,PP,MG,Outros,Serviços Postais,0,Sem indício cadastral crítico,FOUND,ATIVA,1,1,55.60,2049.065200,4121.470694655126,-0.4837,Comportamento esperado
359,204531,Guilherme Derrite,PL,SP,Alimentação,Fornecimento De Alimentação Do Parlamentar,1,Situação cadastral não ativa: BAIXADA,FOUND,BAIXADA,3,4,219.84,3366.001170,5609.697337170304,-0.5608,Fornecedor com CNPJ suspeito
276,220645,Erika Hilton,PSOL,SP,Outros,"Passagens Terrestres, Marítimas Ou Fluviais",1,Situação cadastral não ativa: BAIXADA,FOUND,BAIXADA,2,6,669.45,996.486667,1138.3419633085512,-0.2873,Fornecedor com CNPJ suspeito
111,229106,Carla Ayres,PT,SC,Locomoção,Locação Ou Fretamento De Veículos Automotores,0,Sem indício cadastral crítico,FOUND,ATIVA,4,9,26179.04,154711.621212,151032.92349497412,-0.851,Comportamento esperado
5,220714,Adail Filho,MDB,AM,Outros,Manutenção De Escritório De Apoio À Atividade Parlamentar,0,Sem indício cadastral crítico,FOUND,ATIVA,1,1,945.20,35177.838000,53399.12696043168,-0.6411,Comportamento esperado
822,178901,Tereza Cristina,PP,MS,Locomoção,Locação Ou Fretamento De Veículos Automotores,0,Sem indício cadastral crítico,FOUND,ATIVA,1,3,10386.00,208841.042857,176263.8077260953,-1.1259,Comportamento esperado
179,160528,Danilo Cabral,PSB,PE,Outros,Manutenção De Escritório De Apoio À Atividade Parlamentar,1,Situação cadastral não ativa: BAIXADA,FOUND,BAIXADA,1,1,87.96,90785.734524,140277.34198893898,-0.6466,Fornecedor com CNPJ suspeito
335,220702,Geraldo Mendes,UNIÃO,PR,Publicidade,Divulgação Da Atividade Parlamentar.,1,Situação cadastral não ativa: INAPTA,FOUND,INAPTA,1,1,371.99,263664.052022,329972.5348930845,-0.7979,Fornecedor com CNPJ suspeito
59,204515,André Janones,AVANTE,MG,Outros,Manutenção De Escritório De Apoio À Atividade Parlamentar,1,Situação cadastral não ativa: BAIXADA,FOUND,BAIXADA,1,1,654.30,123562.947566,162703.54342443834,-0.7554,Fornecedor com CNPJ suspeito
157,204499,Cássio Andrade,PSB,PA,Viagens,Passagem Aérea - Rpa,0,Sem indício cadastral crítico,FOUND,ATIVA,2,2,1191.15,40638.794706,54559.71826891466,-0.723,Comportamento esperado
609,228042,Naumi Amorim,PSD,CE,Combustível,Combustíveis E Lubrificantes.,0,Sem indício cadastral crítico,FOUND,ATIVA,2,2,264.52,41977.960833,76764.60304100714,-0.5434,Comportamento esperado
744,204489,Robério Monteiro,PSB,CE,Combustível,Combustíveis E Lubrificantes.,1,Situação cadastral não ativa: BAIXADA,FOUND,BAIXADA,1,1,323.50,41977.960833,76764.60304100714,-0.5426,Fornecedor com CNPJ suspeito
776,160635,Ruy Carneiro,PODE,PB,Outros,Manutenção De Escritório De Apoio À Atividade Parlamentar,0,Sem indício cadastral crítico,FOUND,ATIVA,1,3,1225.00,40088.436364,59072.75761932022,-0.6579,Comportamento esperado
69,141391,Arnaldo Jardim,CIDADANIA,SP,Combustível,Combustíveis E Lubrificantes.,1,CNPJ não encontrado na API pública,NOT_FOUND,,1,1,100.00,42192.750821,64034.19773844777,-0.6573,Fornecedor com CNPJ suspeito
269,198783,Emanuel Pinheiro Neto,PSD,MT,Outros,Serviços Postais,0,Sem indício cadastral crítico,FOUND,ATIVA,3,4,1896.40,523.455000,916.2006105469843,1.4985,Comportamento esperado
427,141470,José Guimarães,PT,CE,Viagens,Passagem Aérea - Reembolso,0,Sem indício cadastral crítico,FOUND,ATIVA,1,1,2594.18,12007.303200,17888.200103405623,-0.5262,Comportamento esperado
415,235800,Jorge Araújo,PP,BA,Alimentação,Fornecimento De Alimentação Do Parlamentar,0,Sem indício cadastral crítico,FOUND,ATIVA,1,1,99.92,5334.958511,10548.888785765435,-0.4963,Comportamento esperado
400,220697,Jadyel Alencar,REPUBLICANOS,PI,Combustível,Combustíveis E Lubrificantes.,1,Situação cadastral não ativa: BAIXADA,FOUND,BAIXADA,1,10,2157.45,73929.545357,101552.42380940972,-0.7067,Fornecedor com CNPJ suspeito
153,178963,Covatti Filho,PP,RS,Hotéis,"Hospedagem ,exceto Do Parlamentar No Distrito Federal.",1,Erro na consulta pública de CNPJ,ERROR,,1,1,613.72,21826.986437,35658.661568585754,-0.5949,Fornecedor com CNPJ suspeito
436,230957,João Cury,MDB,SP,Outros,"Serviço De Táxi, Pedágio E Estacionamento",1,Situação cadastral não ativa: BAIXADA,FOUND,BAIXADA,2,3,146.50,11967.060840,16796.655097373645,-0.7037,Fornecedor com CNPJ suspeito
290,66828,Fausto Pinato,PP,SP,Outros,"Passagens Terrestres, Marítimas Ou Fluviais",0,Sem indício cadastral crítico,FOUND,ATIVA,1,1,95.00,996.486667,1138.3419633085512,-0.7919,Comportamento esperado
894,,,,NA,Alimentação,Fornecimento De Alimentação Do Parlamentar,1,Situação cadastral não ativa: INAPTA,FOUND,INAPTA,1,3,2565.00,76824.316875,122514.48277202321,-0.6061,Fornecedor com CNPJ suspeito
425,215043,Josivaldo Jp,UNIÃO,MA,Outros,"Serviço De Táxi, Pedágio E Estacionamento",0,Sem indício cadastral crítico,FOUND,ATIVA,1,1,14.00,3095.474615,4475.3830763031065,-0.6885,Comportamento esperado
291,220646,Felipe Becari,PODE,SP,Outros,Manutenção De Escritório De Apoio À Atividade Parlamentar,1,Situação cadastral não ativa: BAIXADA,FOUND,BAIXADA,1,1,330.90,98538.487659,143509.98800071477,-0.6843,Fornecedor com CNPJ suspeito
388,204533,Idilvan Alencar,PSB,CE,Hotéis,"Hospedagem ,exceto Do Parlamentar No Distrito Federal.",1,Situação cadastral não ativa: BAIXADA,FOUND,BAIXADA,1,1,1110.00,14861.399063,17345.750222182687,-0.7928,Fornecedor com CNPJ suspeito
590,92172,Milton Coelho,PSB,PE,Hotéis,"Hospedagem ,exceto Do Parlamentar No Distrito Federal.",1,Situação cadastral não ativa: BAIXADA,FOUND,BAIXADA,2,2,876.00,17089.374528,23447.97906027458,-0.6915,Fornecedor com CNPJ suspeito
830,204519,Tiago Mitraud,NOVO,MG,Viagens,Passagem Aérea - Reembolso,0,Sem indício cadastral crítico,FOUND,ATIVA,1,1,2438.83,7020.191961,10297.188894597206,-0.4449,Comportamento esperado
469,178832,Leandre,PSD,PR,Publicidade,Divulgação Da Atividade Parlamentar.,1,Situação cadastral não ativa: BAIXADA,FOUND,BAIXADA,1,1,1500.00,263664.052022,329972.5348930845,-0.7945,Fornecedor com CNPJ suspeito
70,204414,Aroldo Martins,REPUBLICANOS,PR,Publicidade,Divulgação Da Atividade Parlamentar.,1,Situação cadastral não ativa: BAIXADA,FOUND,BAIXADA,1,2,12500.00,263664.052022,329972.5348930845,-0.7612,Fornecedor com CNPJ suspeito
249,74655,Eduardo Barbosa,PSDB,MG,Outros,Manutenção De Escritório De Apoio À Atividade Parlamentar,1,Situação cadastral não ativa: BAIXADA,FOUND,BAIXADA,1,1,793.00,123562.947566,162703.54342443834,-0.7546,Fornecedor com CNPJ suspeito
243,220623,Duda Salabert,PSOL,MG,Outros,"Passagens Terrestres, Marítimas Ou Fluviais",0,Sem indício cadastral crítico,FOUND,ATIVA,1,4,1344.36,3858.240000,6358.142634643256,-0.3954,Comportamento esperado
351,204419,Glaustin Da Fokus,PSC,GO,Outros,Manutenção De Escritório De Apoio À Atividade Parlamentar,1,Situação cadastral não ativa: BAIXADA,FOUND,BAIXADA,1,7,2511.90,100447.486545,162486.21407041358,-0.6027,Fornecedor com CNPJ suspeito
603,204452,Márcio Labre,PL,RJ,Locomoção,Locação Ou Fretamento De Veículos Automotores,0,Sem indício cadastral crítico,FOUND,ATIVA,2,7,33013.36,162239.394390,163272.60476613723,-0.7915,Comportamento esperado
61,220544,Antonio Andrade,PSDB,TO,Combustível,Combustíveis E Lubrificantes.,1,Situação cadastral não ativa: BAIXADA,FOUND,BAIXADA,1,4,1652.94,73777.441071,109277.9364585353,-0.66,Fornecedor com CNPJ suspeito
691,204529,Policial Katia Sastre,PL,SP,Comunicação,Telefonia,0,Sem indício cadastral crítico,FOUND,ATIVA,1,1,193.87,19889.940211,25751.500071775903,-0.7649,Comportamento esperado
847,204396,Vermelho,PL,PR,Outros,Serviços Postais,0,Sem indício cadastral crítico,FOUND,ATIVA,1,1,63.00,2362.262000,4411.055170390342,-0.5212,Comportamento esperado
729,73788,Ricardo Barros,PP,PR,Combustível,Combustíveis E Lubrificantes.,1,CNPJ não encontrado na API pública,NOT_FOUND,,1,1,200.01,57944.345500,82353.4495793919,-0.7012,Fornecedor com CNPJ suspeito
866,182146,Wolmer Araújo,SOLIDARIEDADE,MA,Locomoção,Locação Ou Fretamento De Veículos Automotores,0,Sem indício cadastral crítico,FOUND,ATIVA,1,3,38099.70,122090.952683,112418.39663710551,-0.7471,Comportamento esperado
270,161550,Emidinho Madeira,PL,MG,Publicidade,Divulgação Da Atividade Parlamentar.,1,Situação cadastral não ativa: BAIXADA,FOUND,BAIXADA,2,7,11211.49,194891.353020,276881.75990132586,-0.6634,Fornecedor com CNPJ suspeito
207,160588,Diego Andrade,PSD,MG,Viagens,Passagem Aérea - Reembolso,0,Sem indício cadastral crítico,FOUND,ATIVA,1,1,2688.23,7020.191961,10297.188894597206,-0.4207,Comportamento esperado
809,177282,Subtenente Gonzaga,PSD,MG,Outros,"Serviço De Táxi, Pedágio E Estacionamento",1,Situação cadastral não ativa: INAPTA,FOUND,INAPTA,1,1,18.00,5572.245385,10370.293242628488,-0.5356,Fornecedor com CNPJ suspeito
338,204394,Gervásio Maia,PCDOB,PB,Viagens,Passagem Aérea - Reembolso,1,Erro na consulta pública de CNPJ,ERROR,,1,2,2515.56,14118.253125,32577.997530279183,-0.3562,Fornecedor com CNPJ suspeito
524,204547,Léo Motta,REPUBLICANOS,MG,Publicidade,Divulgação Da Atividade Parlamentar.,1,Situação cadastral não ativa: BAIXADA,FOUND,BAIXADA,1,1,2000.00,194891.353020,276881.75990132586,-0.6967,Fornecedor com CNPJ suspeito
775,221157,Rui Godinho,UNIÃO,SC,Viagens,Passagem Aérea - Reembolso,0,Sem indício cadastral crítico,FOUND,ATIVA,2,2,3382.81,9023.088750,8047.509872572903,-0.7009,Comportamento esperado
633,204363,Osires Damaso,PSC,TO,Serviços profissionais,"Consultorias, Pesquisas E Trabalhos Técnicos.",0,Sem indício cadastral crítico,FOUND,ATIVA,6,14,223500.00,116859.636364,127191.31032210709,0.8384,Comportamento esperado
634,73463,Osmar Serraglio,PP,PR,Combustível,Combustíveis E Lubrificantes.,1,Situação cadastral não ativa: BAIXADA,FOUND,BAIXADA,4,4,1221.97,57944.345500,82353.4495793919,-0.6888,Fornecedor com CNPJ suspeito
414,217480,Jones Moura,PSD,RJ,Alimentação,Fornecimento De Alimentação Do Parlamentar,1,Situação cadastral não ativa: SUSPENSA,FOUND,SUSPENSA,1,1,44.00,5314.154545,11413.915891543053,-0.4617,Fornecedor com CNPJ suspeito
802,220651,Simone Marquetto,PP,SP,Alimentação,Fornecimento De Alimentação Do Parlamentar,1,Situação cadastral não ativa: SUSPENSA,FOUND,SUSPENSA,1,1,44.90,3366.001170,5609.697337170304,-0.592,Fornecedor com CNPJ suspeito
340,204575,Gil Cutrim,REPUBLICANOS,MA,Viagens,Passagem Aérea - Rpa,0,Sem indício cadastral crítico,FOUND,ATIVA,1,1,1336.87,17893.360952,34179.698738222214,-0.4844,Comportamento esperado
646,160642,Pastor Eurico,PL,PE,Outros,"Serviço De Táxi, Pedágio E Estacionamento",0,Sem indício cadastral crítico,FOUND,ATIVA,3,4,365.50,5084.056842,13620.11056577697,-0.3464,Comportamento esperado
22,204413,Alcides Rodrigues,PATRIOTA,GO,Publicidade,Assinatura De Publicações,0,Sem indício cadastral crítico,FOUND,ATIVA,1,1,754.80,1246.820000,1176.5228438071229,-0.4182,Comportamento esperado
209,178929,Diego Garcia,REPUBLICANOS,PR,Hotéis,"Hospedagem ,exceto Do Parlamentar No Distrito Federal.",1,Situação cadastral não ativa: BAIXADA,FOUND,BAIXADA,1,1,120.00,18419.328649,34024.43115299299,-0.5378,Fornecedor com CNPJ suspeito
318,68720,Fábio Henrique,UNIÃO,SE,Publicidade,Divulgação Da Atividade Parlamentar.,1,Situação cadastral não ativa: BAIXADA,FOUND,BAIXADA,1,1,1000.00,230946.483077,301200.1033422071,-0.7634,Fornecedor com CNPJ suspeito
848,74283,Vicentinho,PT,SP,Outros,Manutenção De Escritório De Apoio À Atividade Parlamentar,1,Situação cadastral não ativa: BAIXADA,FOUND,BAIXADA,1,1,293.00,98538.487659,143509.98800071477,-0.6846,Fornecedor com CNPJ suspeito
511,141487,Luiz Fernando Faria,UNIÃO,MG,Comunicação,Telefonia,0,Sem indício cadastral crítico,FOUND,ATIVA,1,5,3597.83,15607.667083,19082.29985422686,-0.6294,Comportamento esperado
703,221338,Professora Luciene Cavalcante,PSOL,SP,Outros,Manutenção De Escritório De Apoio À Atividade Parlamentar,1,Erro na consulta pública de CNPJ,ERROR,,1,1,449.90,98538.487659,143509.98800071477,-0.6835,Fornecedor com CNPJ suspeito
724,73801,Renildo Calheiros,PCDOB,PE,Outros,Serviços Postais,0,Sem indício cadastral crítico,FOUND,ATIVA,1,1,99.10,1109.518571,1801.0661627901457,-0.561,Comportamento esperado
429,204391,José Nelto,UNIÃO,GO,Combustível,Combustíveis E Lubrificantes.,1,Situação cadastral não ativa: SUSPENSA,FOUND,SUSPENSA,1,1,150.00,65044.277593,95738.05404592726,-0.6778,Fornecedor com CNPJ suspeito
573,220628,Mauricio Do Vôlei,PL,MG,Combustível,Combustíveis E Lubrificantes.,1,Erro na consulta pública de CNPJ,ERROR,,1,1,100.00,65306.104375,92314.0005265802,-0.7064,Fornecedor com CNPJ suspeito
180,62881,Danilo Forte,PP,CE,Outros,Manutenção De Escritório De Apoio À Atividade Parlamentar,1,Erro na consulta pública de CNPJ,ERROR,,1,1,671.88,68348.775082,105244.60317209057,-0.643,Fornecedor com CNPJ suspeito
868,220564,Yandra Moura,UNIÃO,SE,Combustível,Combustíveis E Lubrificantes.,1,Situação cadastral não ativa: BAIXADA,FOUND,BAIXADA,1,1,100.00,53493.520741,82556.56454059949,-0.6468,Fornecedor com CNPJ suspeito
83,141335,Beto Faro,PT,PA,Hotéis,"Hospedagem ,exceto Do Parlamentar No Distrito Federal.",0,Sem indício cadastral crítico,FOUND,ATIVA,1,1,3235.89,12723.705217,19811.362899516178,-0.4789,Comportamento esperado
80,220612,Bebeto,PP,RJ,Outros,Manutenção De Escritório De Apoio À Atividade Parlamentar,0,Documento não consultado por não ser CNPJ,NOT_APPLICABLE,,1,5,15000.00,80988.593819,134414.71100556676,-0.4909,Comportamento esperado
634,73463,Osmar Serraglio,PP,PR,Alimentação,Fornecimento De Alimentação Do Parlamentar,1,Situação cadastral não ativa: INAPTA,FOUND,INAPTA,1,1,36.66,4173.948542,8441.04850518495,-0.4901,Fornecedor com CNPJ suspeito
345,220526,Gilvan Da Federal,PL,ES,Comunicação,Telefonia,0,Sem indício cadastral crítico,FOUND,ATIVA,1,1,135.00,19441.733636,20791.65600073225,-0.9286,Comportamento esperado
353,229333,Gláucia Santiago,PL,MG,Locomoção,Locação Ou Fretamento De Veículos Automotores,0,Sem indício cadastral crítico,FOUND,ATIVA,1,4,15785.74,199358.988889,190617.58878325575,-0.963,Comportamento esperado
48,107970,Ana Paula Leão,PP,MG,Combustível,Combustíveis E Lubrificantes.,1,Situação cadastral não ativa: BAIXADA,FOUND,BAIXADA,1,1,50.00,65306.104375,92314.0005265802,-0.7069,Fornecedor com CNPJ suspeito
672,216544,Paulo Vicente Caleffi,PSD,RS,Publicidade,Divulgação Da Atividade Parlamentar.,0,Sem indício cadastral crítico,FOUND,ATIVA,1,1,9180.00,215724.063125,265101.600265673,-0.7791,Comportamento esperado
713,115200,Raniery Paulino,REPUBLICANOS,PB,Locomoção,Locação Ou Fretamento De Veículos Automotores,0,Sem indício cadastral crítico,FOUND,ATIVA,1,3,12690.00,197980.822174,165434.59936969794,-1.12,Comportamento esperado
235,204412,Dr. Zacharias Calil,UNIÃO,GO,Alimentação,Fornecimento De Alimentação Do Parlamentar,1,Situação cadastral não ativa: SUSPENSA,FOUND,SUSPENSA,1,1,53.00,3293.239000,7032.529544734017,-0.4608,Fornecedor com CNPJ suspeito
143,88256,Clodoaldo Magalhães,PV,PE,Outros,Serviço De Segurança Prestado Por Empresa Especializada.,0,Sem indício cadastral crítico,FOUND,ATIVA,1,4,34800.00,39836.297143,37064.6043116348,-0.1359,Comportamento esperado
867,74439,Wolney Queiroz,PDT,PE,Serviços profissionais,"Consultorias, Pesquisas E Trabalhos Técnicos.",0,Sem indício cadastral crítico,FOUND,ATIVA,1,2,20000.00,33394.939474,25891.938420366478,-0.5173,Comportamento esperado
55,220657,André Fernandes,PL,CE,Comunicação,Telefonia,1,Situação cadastral não ativa: BAIXADA,FOUND,BAIXADA,1,1,99.99,11707.711071,16858.211643996754,-0.6885,Fornecedor com CNPJ suspeito
781,160621,Sandro Alex,PSD,PR,Publicidade,Divulgação Da Atividade Parlamentar.,1,Situação cadastral não ativa: INAPTA,FOUND,INAPTA,1,1,849.00,263664.052022,329972.5348930845,-0.7965,Fornecedor com CNPJ suspeito
795,204557,Sidney Leite,PSD,AM,Hotéis,"Hospedagem ,exceto Do Parlamentar No Distrito Federal.",0,Sem indício cadastral crítico,FOUND,ATIVA,3,3,3342.25,3767.283750,3036.5104204941636,-0.14,Comportamento esperado
298,220656,Fernanda Pessoa,PSD,CE,Hotéis,"Hospedagem ,exceto Do Parlamentar No Distrito Federal.",1,Erro na consulta pública de CNPJ,ERROR,,1,1,697.00,14861.399063,17345.750222182687,-0.8166,Fornecedor com CNPJ suspeito
797,204360,Silvia Cristina,PL,RO,Serviços profissionais,"Consultorias, Pesquisas E Trabalhos Técnicos.",0,Sem indício cadastral crítico,FOUND,ATIVA,1,2,12000.00,34500.000000,31819.80515339464,-0.7071,Comportamento esperado
841,141552,Valtenir Pereira,MDB,MT,Outros,"Serviço De Táxi, Pedágio E Estacionamento",0,Documento não consultado por não ser CNPJ,NOT_APPLICABLE,,1,2,150.00,3540.579286,11648.42981256765,-0.2911,Comportamento esperado
285,178905,Fabio Garcia,UNIÃO,MT,Combustível,Combustíveis E Lubrificantes.,1,Situação cadastral não ativa: BAIXADA,FOUND,BAIXADA,1,1,287.84,34330.305532,57340.29977264771,-0.5937,Fornecedor com CNPJ suspeito
381,178884,Hildo Rocha,MDB,MA,Serviços profissionais,"Consultorias, Pesquisas E Trabalhos Técnicos.",0,Sem indício cadastral crítico,FOUND,ATIVA,1,1,5000.00,73247.500000,60193.25778602398,-1.1338,Comportamento esperado
436,230957,João Cury,MDB,SP,Viagens,Passagem Aérea - Rpa,0,Sem indício cadastral crítico,FOUND,ATIVA,1,3,1892.68,24943.515352,36157.13967829913,-0.6375,Comportamento esperado
215,160758,Domingos Sávio,PL,MG,Publicidade,Divulgação Da Atividade Parlamentar.,1,Situação cadastral não ativa: INAPTA,FOUND,INAPTA,1,1,525.00,194891.353020,276881.75990132586,-0.702,Fornecedor com CNPJ suspeito
473,178825,Leo De Brito,PT,AC,Outros,Manutenção De Escritório De Apoio À Atividade Parlamentar,1,Situação cadastral não ativa: INAPTA,FOUND,INAPTA,1,1,5151.12,29735.132000,50394.769544197494,-0.4878,Fornecedor com CNPJ suspeito
674,220630,Pedro Aihara,PP,MG,Outros,Aquisição De Tokens E Certificados Digitais,0,Sem indício cadastral crítico,FOUND,ATIVA,3,3,367.67,251.133000,157.05814479216147,0.742,Comportamento esperado
362,204442,Gurgel,PL,RJ,Outros,"Serviço De Táxi, Pedágio E Estacionamento",0,Sem indício cadastral crítico,FOUND,ATIVA,1,1,33.01,8455.730411,14321.838989715481,-0.5881,Comportamento esperado
302,204427,Fernando Rodolfo,PRD,PE,Viagens,Passagem Aérea - Rpa,0,Sem indício cadastral crítico,FOUND,ATIVA,1,1,1063.41,15238.795000,22485.76149111043,-0.6304,Comportamento esperado
53,178831,André Abdon,PP,AP,Locomoção,Locação Ou Fretamento De Embarcações,0,Documento não consultado por não ser CNPJ,NOT_APPLICABLE,,2,2,4500.00,49262.500000,60760.834081942405,-0.7367,Comportamento esperado
511,141487,Luiz Fernando Faria,UNIÃO,MG,Combustível,Combustíveis E Lubrificantes.,1,Erro na consulta pública de CNPJ,ERROR,,1,1,150.00,65306.104375,92314.0005265802,-0.7058,Fornecedor com CNPJ suspeito
658,178860,Paulo Azi,UNIÃO,BA,Outros,Serviços Postais,0,Sem indício cadastral crítico,FOUND,ATIVA,1,1,3051.56,1465.597500,2527.93213294582,0.6274,Comportamento esperado
419,218245,Jorielson,PL,AP,Combustível,Combustíveis E Lubrificantes.,1,Situação cadastral não ativa: BAIXADA,FOUND,BAIXADA,1,1,277.75,24571.047667,39205.554475113444,-0.6196,Fornecedor com CNPJ suspeito
499,178954,Lucio Mosquini,PL,RO,Outros,Manutenção De Escritório De Apoio À Atividade Parlamentar,1,Situação cadastral não ativa: SUSPENSA,FOUND,SUSPENSA,1,1,74.97,40149.183103,63678.43736701476,-0.6293,Fornecedor com CNPJ suspeito
524,204547,Léo Motta,REPUBLICANOS,MG,Outros,"Passagens Terrestres, Marítimas Ou Fluviais",0,Sem indício cadastral crítico,FOUND,ATIVA,1,1,139.99,3858.240000,6358.142634643256,-0.5848,Comportamento esperado
875,178889,Zé Carlos,PT,MA,Alimentação,Fornecimento De Alimentação Do Parlamentar,1,Situação cadastral não ativa: SUSPENSA,FOUND,SUSPENSA,1,1,100.90,1328.951538,1567.1502413768233,-0.7836,Fornecedor com CNPJ suspeito
233,178830,Dr. Sinval Malheiros,PODE,SP,Serviços profissionais,"Consultorias, Pesquisas E Trabalhos Técnicos.",0,Sem indício cadastral crítico,FOUND,ATIVA,1,1,24000.00,42478.291429,47664.49520078613,-0.3877,Comportamento esperado
904,,,,NA,Hotéis,"Hospedagem ,exceto Do Parlamentar No Distrito Federal.",0,Sem indício cadastral crítico,FOUND,ATIVA,2,3,6935.41,3085.297500,2695.1763825691137,1.4285,Comportamento esperado
550,133373,Marco Maia,PT,RS,Hotéis,"Hospedagem ,exceto Do Parlamentar No Distrito Federal.",0,Sem indício cadastral crítico,FOUND,ATIVA,2,2,2103.16,21826.986437,35658.661568585754,-0.5531,Comportamento esperado
280,74454,Eunício Oliveira,MDB,CE,Outros,Manutenção De Escritório De Apoio À Atividade Parlamentar,0,Sem indício cadastral crítico,FOUND,ATIVA,1,1,566.70,68348.775082,105244.60317209057,-0.644,Comportamento esperado
735,220633,Ricardo Salles,NOVO,SP,Outros,"Passagens Terrestres, Marítimas Ou Fluviais",1,Erro na consulta pública de CNPJ,ERROR,,1,1,1023.24,996.486667,1138.3419633085512,0.0235,Fornecedor com CNPJ suspeito
466,98057,Lafayette De Andrada,REPUBLICANOS,MG,Publicidade,Divulgação Da Atividade Parlamentar.,1,Situação cadastral não ativa: BAIXADA,FOUND,BAIXADA,1,1,1900.00,194891.353020,276881.75990132586,-0.697,Fornecedor com CNPJ suspeito
741,220588,Roberto Duarte,REPUBLICANOS,AC,Combustível,Combustíveis E Lubrificantes.,1,Situação cadastral não ativa: BAIXADA,FOUND,BAIXADA,1,1,204.80,74559.202308,89345.09325877228,-0.8322,Fornecedor com CNPJ suspeito
730,215042,Ricardo Da Karol,PDT,RJ,Viagens,Passagem Aérea - Reembolso,0,Sem indício cadastral crítico,FOUND,ATIVA,1,2,4613.66,9840.865893,10669.362639943789,-0.4899,Comportamento esperado
882,74459,Átila Lira,PP,PI,Locomoção,Locação Ou Fretamento De Aeronaves,0,Sem indício cadastral crítico,FOUND,ATIVA,1,1,11960.00,71847.500000,68278.8986254172,-0.8771,Comportamento esperado
183,205548,David Miranda,PDT,RJ,Outros,"Serviço De Táxi, Pedágio E Estacionamento",0,Sem indício cadastral crítico,FOUND,ATIVA,3,4,404.23,8455.730411,14321.838989715481,-0.5622,Comportamento esperado
694,226075,Priscila Costa,PL,CE,Viagens,Passagem Aérea - Sigepa,,,,,0,5,7013.86,190828.457826,170630.5409255439,-1.0773,Comportamento esperado
351,204419,Glaustin Da Fokus,PSC,GO,Locomoção,Locação Ou Fretamento De Veículos Automotores,0,Sem indício cadastral crítico,FOUND,ATIVA,1,1,12000.00,189142.637500,142661.57624064668,-1.2417,Comportamento esperado
203,220705,Deltan Dallagnol,PODE,PR,Outros,"Serviço De Táxi, Pedágio E Estacionamento",1,Situação cadastral não ativa: INAPTA,FOUND,INAPTA,1,1,21.00,5713.999474,13397.131596894355,-0.4249,Fornecedor com CNPJ suspeito
775,221157,Rui Godinho,UNIÃO,SC,Locomoção,Locação Ou Fretamento De Veículos Automotores,0,Sem indício cadastral crítico,FOUND,ATIVA,1,1,7477.68,154711.621212,151032.92349497412,-0.9748,Comportamento esperado
842,74376,Vander Loubet,PT,MS,Outros,Manutenção De Escritório De Apoio À Atividade Parlamentar,1,Situação cadastral não ativa: BAIXADA,FOUND,BAIXADA,1,1,278.20,74966.746667,80602.5088063342,-0.9266,Fornecedor com CNPJ suspeito
828,219568,Tiago Andrino,PSB,TO,Serviços profissionais,"Consultorias, Pesquisas E Trabalhos Técnicos.",0,Sem indício cadastral crítico,FOUND,ATIVA,1,1,8000.00,116859.636364,127191.31032210709,-0.8559,Comportamento esperado
519,178866,Luizianne Lins,PT,CE,Locomoção,Locação Ou Fretamento De Aeronaves,0,Sem indício cadastral crítico,FOUND,ATIVA,1,1,20800.00,46678.600000,38881.59920573464,-0.6656,Comportamento esperado
535,205863,Marcelo Brum,REPUBLICANOS,RS,Serviços profissionais,"Consultorias, Pesquisas E Trabalhos Técnicos.",0,Sem indício cadastral crítico,FOUND,ATIVA,1,3,13330.00,39996.666667,35707.577110401064,-0.7468,Comportamento esperado
859,160569,Waldenor Pereira,PT,BA,Locomoção,Locação Ou Fretamento De Veículos Automotores,1,Situação cadastral não ativa: BAIXADA,FOUND,BAIXADA,1,1,255.79,292409.611930,213979.496522466,-1.3653,Fornecedor com CNPJ suspeito
361,220664,Guilherme Uchoa,PSD,PE,Combustível,Combustíveis E Lubrificantes.,1,Situação cadastral não ativa: BAIXADA,FOUND,BAIXADA,3,3,874.99,53506.291935,82942.380015203,-0.6346,Fornecedor com CNPJ suspeito
598,179001,Márcio Biolchi,MDB,RS,Outros,Serviços Postais,0,Sem indício cadastral crítico,FOUND,ATIVA,2,2,96.10,862.238182,1333.8726370935917,-0.5744,Comportamento esperado
326,220708,Gabriel Nunes,PSD,BA,Viagens,Passagem Aérea - Rpa,0,Sem indício cadastral crítico,FOUND,ATIVA,1,1,49.00,31763.658913,54219.86604798766,-0.5849,Comportamento esperado
694,226075,Priscila Costa,PL,CE,Outros,Manutenção De Escritório De Apoio À Atividade Parlamentar,0,Sem indício cadastral crítico,FOUND,ATIVA,1,1,299.00,68348.775082,105244.60317209057,-0.6466,Comportamento esperado
635,73692,Osmar Terra,PL,RS,Combustível,Combustíveis E Lubrificantes.,1,CNPJ não encontrado na API pública,NOT_FOUND,,1,1,100.00,60520.148547,97388.05968907535,-0.6204,Fornecedor com CNPJ suspeito
10,141372,Aelton Freitas,PP,MG,Viagens,Passagem Aérea - Reembolso,0,Sem indício cadastral crítico,FOUND,ATIVA,2,2,4566.19,7020.191961,10297.188894597206,-0.2383,Comportamento esperado
301,92699,Fernando Monteiro,PP,PE,Combustível,Combustíveis E Lubrificantes.,1,Situação cadastral não ativa: INAPTA,FOUND,INAPTA,1,2,312.00,53506.291935,82942.380015203,-0.6413,Fornecedor com CNPJ suspeito
103,220548,Camila Jara,PT,MS,Hotéis,"Hospedagem ,exceto Do Parlamentar No Distrito Federal.",0,Sem indício cadastral crítico,FOUND,ATIVA,1,1,615.00,14950.264286,18538.468264889183,-0.7733,Comportamento esperado
473,178825,Leo De Brito,PT,AC,Locomoção,Locação Ou Fretamento De Aeronaves,0,Sem indício cadastral crítico,FOUND,ATIVA,1,1,1400.00,67020.555556,82206.99971886686,-0.7982,Comportamento esperado
807,178946,Soraya Santos,PL,RJ,Combustível,Combustíveis E Lubrificantes.,1,Situação cadastral não ativa: BAIXADA,FOUND,BAIXADA,1,1,150.00,44023.319398,62812.667137756165,-0.6985,Fornecedor com CNPJ suspeito
141,74537,Claudio Cajado,PP,BA,Combustível,Combustíveis E Lubrificantes.,1,Situação cadastral não ativa: INAPTA,FOUND,INAPTA,1,1,325.02,76280.976842,110667.4963849575,-0.6863,Fornecedor com CNPJ suspeito
170,74060,Daniel Almeida,PCDOB,BA,Serviços profissionais,"Consultorias, Pesquisas E Trabalhos Técnicos.",0,Sem indício cadastral crítico,FOUND,ATIVA,1,1,7400.00,64386.903226,47821.13506693795,-1.1917,Comportamento esperado
181,160552,Danrlei De Deus Hinterholz,PSD,RS,Hotéis,"Hospedagem ,exceto Do Parlamentar No Distrito Federal.",1,Situação cadastral não ativa: BAIXADA,FOUND,BAIXADA,1,1,149.00,21826.986437,35658.661568585754,-0.6079,Fornecedor com CNPJ suspeito
478,92102,Leur Lomanto Júnior,UNIÃO,BA,Combustível,Combustíveis E Lubrificantes.,1,Situação cadastral não ativa: SUSPENSA,FOUND,SUSPENSA,1,1,220.00,76280.976842,110667.4963849575,-0.6873,Fornecedor com CNPJ suspeito
255,220589,Eduardo Velloso,SOLIDARIEDADE,AC,Hotéis,"Hospedagem ,exceto Do Parlamentar No Distrito Federal.",1,Situação cadastral não ativa: BAIXADA,FOUND,BAIXADA,1,3,490.00,11165.562105,15437.148423150342,-0.6916,Fornecedor com CNPJ suspeito
635,73692,Osmar Terra,MDB,RS,Viagens,Passagem Aérea - Rpa,0,Sem indício cadastral crítico,FOUND,ATIVA,1,3,4691.47,23263.014545,27193.710295909314,-0.6829,Comportamento esperado
560,74398,Maria Do Rosário,PT,RS,Publicidade,Divulgação Da Atividade Parlamentar.,1,Situação cadastral não ativa: BAIXADA,FOUND,BAIXADA,1,1,4500.00,215724.063125,265101.600265673,-0.7968,Fornecedor com CNPJ suspeito
724,73801,Renildo Calheiros,PCDOB,PE,Outros,Manutenção De Escritório De Apoio À Atividade Parlamentar,1,Situação cadastral não ativa: BAIXADA,FOUND,BAIXADA,1,1,120.00,90785.734524,140277.34198893898,-0.6463,Fornecedor com CNPJ suspeito
863,74043,Wellington Roberto,PL,PB,Outros,"Serviço De Táxi, Pedágio E Estacionamento",0,Sem indício cadastral crítico,FOUND,ATIVA,1,1,250.00,3622.532000,6817.7985828616265,-0.4947,Comportamento esperado
876,220536,Zé Haroldo Cathedral,UNIÃO,RR,Outros,Manutenção De Escritório De Apoio À Atividade Parlamentar,1,CNPJ não encontrado na API pública,NOT_FOUND,,1,1,200.00,80921.562903,170825.55022261123,-0.4725,Fornecedor com CNPJ suspeito
166,74467,Damião Feliciano,UNIÃO,PB,Combustível,Combustíveis E Lubrificantes.,1,Situação cadastral não ativa: BAIXADA,FOUND,BAIXADA,1,1,80.00,61582.608974,85760.8839439169,-0.7171,Fornecedor com CNPJ suspeito
386,178909,Hélio Leite,UNIÃO,PA,Locomoção,Locação Ou Fretamento De Veículos Automotores,1,Situação cadastral não ativa: BAIXADA,FOUND,BAIXADA,1,1,5000.00,121907.551481,147158.0353457022,-0.7944,Fornecedor com CNPJ suspeito
106,220690,Capitão Alden,PL,BA,Combustível,Combustíveis E Lubrificantes.,1,Situação cadastral não ativa: BAIXADA,FOUND,BAIXADA,1,1,261.74,76280.976842,110667.4963849575,-0.6869,Fornecedor com CNPJ suspeito
55,220657,André Fernandes,PL,CE,Combustível,Combustíveis E Lubrificantes.,1,CNPJ não encontrado na API pública,NOT_FOUND,,1,1,200.00,41977.960833,76764.60304100714,-0.5442,Fornecedor com CNPJ suspeito
862,160518,Weliton Prado,SOLIDARIEDADE,MG,Outros,"Serviço De Táxi, Pedágio E Estacionamento",1,Situação cadastral não ativa: BAIXADA,FOUND,BAIXADA,1,1,59.00,5572.245385,10370.293242628488,-0.5316,Fornecedor com CNPJ suspeito
724,73801,Renildo Calheiros,PCDOB,PE,Hotéis,"Hospedagem ,exceto Do Parlamentar No Distrito Federal.",1,Erro na consulta pública de CNPJ,ERROR,,1,1,2087.87,17089.374528,23447.97906027458,-0.6398,Fornecedor com CNPJ suspeito
158,206018,Célia Xakriabá,PSOL,MG,Alimentação,Fornecimento De Alimentação Do Parlamentar,1,Situação cadastral não ativa: BAIXADA,FOUND,BAIXADA,1,1,51.00,3421.773553,6721.942950865462,-0.5015,Fornecedor com CNPJ suspeito
209,178929,Diego Garcia,REPUBLICANOS,PR,Outros,"Serviço De Táxi, Pedágio E Estacionamento",1,Situação cadastral não ativa: INAPTA,FOUND,INAPTA,1,1,10.00,5713.999474,13397.131596894355,-0.4258,Fornecedor com CNPJ suspeito
664,204492,Paulo Guedes,PT,MG,Outros,"Passagens Terrestres, Marítimas Ou Fluviais",0,Sem indício cadastral crítico,FOUND,ATIVA,1,1,22.00,3858.240000,6358.142634643256,-0.6034,Comportamento esperado
559,220668,Maria Arraes,PSB,PE,Outros,Manutenção De Escritório De Apoio À Atividade Parlamentar,1,Situação cadastral não ativa: BAIXADA,FOUND,BAIXADA,1,1,250.00,90785.734524,140277.34198893898,-0.6454,Fornecedor com CNPJ suspeito
47,220596,Amália Barros,PL,MT,Outros,Manutenção De Escritório De Apoio À Atividade Parlamentar,1,Situação cadastral não ativa: BAIXADA,FOUND,BAIXADA,1,1,947.50,55063.669706,75019.05976556618,-0.7214,Fornecedor com CNPJ suspeito
589,171786,Miguel Ângelo,PT,MG,Combustível,Combustíveis E Lubrificantes.,1,Situação cadastral não ativa: BAIXADA,FOUND,BAIXADA,1,1,164.02,65306.104375,92314.0005265802,-0.7057,Fornecedor com CNPJ suspeito
881,74090,Átila Lins,PSD,AM,Outros,Manutenção De Escritório De Apoio À Atividade Parlamentar,0,Sem indício cadastral crítico,FOUND,ATIVA,1,1,5350.50,35177.838000,53399.12696043168,-0.5586,Comportamento esperado
160,178876,Célio Silveira,MDB,GO,Combustível,Combustíveis E Lubrificantes.,1,Situação cadastral não ativa: SUSPENSA,FOUND,SUSPENSA,1,1,200.05,65044.277593,95738.05404592726,-0.6773,Fornecedor com CNPJ suspeito
862,160518,Weliton Prado,PROS,MG,Outros,"Serviço De Táxi, Pedágio E Estacionamento",0,Documento não consultado por não ser CNPJ,NOT_APPLICABLE,,1,1,56.00,5572.245385,10370.293242628488,-0.5319,Comportamento esperado
813,178947,Sóstenes Cavalcante,PL,RJ,Hotéis,"Hospedagem ,exceto Do Parlamentar No Distrito Federal.",0,Sem indício cadastral crítico,FOUND,ATIVA,1,1,950.00,13016.628636,21468.959145470457,-0.5621,Comportamento esperado
326,220708,Gabriel Nunes,PSD,BA,Locomoção,Locação Ou Fretamento De Veículos Automotores,1,Situação cadastral não ativa: BAIXADA,FOUND,BAIXADA,1,1,1548.74,292409.611930,213979.496522466,-1.3593,Fornecedor com CNPJ suspeito
94,74052,Bosco Costa,PL,SE,Combustível,Combustíveis E Lubrificantes.,1,Situação cadastral não ativa: SUSPENSA,FOUND,SUSPENSA,1,1,470.02,53493.520741,82556.56454059949,-0.6423,Fornecedor com CNPJ suspeito
589,171786,Miguel Ângelo,PT,MG,Viagens,Passagem Aérea - Reembolso,0,Sem indício cadastral crítico,FOUND,ATIVA,1,1,1305.91,7020.191961,10297.188894597206,-0.5549,Comportamento esperado
239,204434,Dra. Vanda Milani,PROS,AC,Alimentação,Fornecimento De Alimentação Do Parlamentar,0,Sem indício cadastral crítico,FOUND,ATIVA,1,1,32.00,3506.161818,10352.10370735419,-0.3356,Comportamento esperado
790,178933,Sergio Souza,MDB,PR,Hotéis,"Hospedagem ,exceto Do Parlamentar No Distrito Federal.",1,Erro na consulta pública de CNPJ,ERROR,,1,1,1539.12,18419.328649,34024.43115299299,-0.4961,Fornecedor com CNPJ suspeito
863,74043,Wellington Roberto,PSD,PB,Comunicação,Telefonia,1,Situação cadastral não ativa: BAIXADA,FOUND,BAIXADA,1,1,306.59,7288.602667,11193.533001502294,-0.6238,Fornecedor com CNPJ suspeito
209,178929,Diego Garcia,UNIÃO,PR,Publicidade,Divulgação Da Atividade Parlamentar.,1,Situação cadastral não ativa: BAIXADA,FOUND,BAIXADA,1,1,600.00,263664.052022,329972.5348930845,-0.7972,Fornecedor com CNPJ suspeito
421,209189,Joseildo Ramos,PT,BA,Viagens,Passagem Aérea - Sigepa,,,,,0,252,209734.98,219376.223091,157819.4558803826,-0.0611,Comportamento esperado
198,220652,Delegado Palumbo,PODE,SP,Combustível,Combustíveis E Lubrificantes.,0,Sem indício cadastral crítico,FOUND,ATIVA,137,500,104211.54,42192.750821,64034.19773844777,0.9685,Comportamento esperado
182,116379,Darci De Matos,PSD,SC,Alimentação,Fornecimento De Alimentação Do Parlamentar,0,Sem indício cadastral crítico,FOUND,ATIVA,79,136,12627.84,5345.501750,9873.801589562949,0.7375,Comportamento esperado
433,74554,José Rocha,UNIÃO,BA,Combustível,Combustíveis E Lubrificantes.,0,Sem indício cadastral crítico,FOUND,ATIVA,161,722,383130.80,76280.976842,110667.4963849575,2.7727,Possível anomalia financeira
408,141456,Jilmar Tatto,PT,SP,Combustível,Combustíveis E Lubrificantes.,0,Sem indício cadastral crítico,FOUND,ATIVA,33,125,29796.76,42192.750821,64034.19773844777,-0.1936,Comportamento esperado
840,160610,Valmir Assunção,PT,BA,Outros,Manutenção De Escritório De Apoio À Atividade Parlamentar,0,Sem indício cadastral crítico,FOUND,ATIVA,10,171,298460.37,98257.521290,134321.8726415135,1.4905,Comportamento esperado
192,220673,Delegado Caveira,PL,PA,Combustível,Combustíveis E Lubrificantes.,0,Sem indício cadastral crítico,FOUND,ATIVA,110,314,113742.69,39488.928400,62234.56368268833,1.1931,Comportamento esperado
765,220644,Rosangela Moro,PL,SP,Outros,Manutenção De Escritório De Apoio À Atividade Parlamentar,0,Sem indício cadastral crítico,FOUND,ATIVA,17,144,195325.10,98538.487659,143509.98800071477,0.6744,Comportamento esperado
658,178860,Paulo Azi,UNIÃO,BA,Viagens,Passagem Aérea - Rpa,0,Sem indício cadastral crítico,FOUND,ATIVA,2,5,9673.25,31763.658913,54219.86604798766,-0.4074,Comportamento esperado
475,122195,Leonardo Gadelha,PSC,PB,Viagens,Passagem Aérea - Sigepa,,,,,0,31,40196.74,168235.151250,151254.20824234045,-0.8465,Comportamento esperado
636,204422,Ossesio Silva,REPUBLICANOS,PE,Locomoção,Locação Ou Fretamento De Veículos Automotores,0,Sem indício cadastral crítico,FOUND,ATIVA,2,83,398460.00,220869.240392,185976.71020526288,0.9549,Comportamento esperado
181,160552,Danrlei De Deus Hinterholz,PSD,RS,Outros,Manutenção De Escritório De Apoio À Atividade Parlamentar,0,Sem indício cadastral crítico,FOUND,ATIVA,2,10,15286.72,109428.142500,149558.61424927576,-0.6295,Comportamento esperado
347,160673,Giovani Cherini,PL,RS,Alimentação,Fornecimento De Alimentação Do Parlamentar,1,Erro na consulta pública de CNPJ,ERROR,,1,2,418.90,7368.085075,13657.337051272762,-0.5088,Fornecedor com CNPJ suspeito
289,220712,Fausto Jr.,UNIÃO,AM,Combustível,Combustíveis E Lubrificantes.,0,Sem indício cadastral crítico,FOUND,ATIVA,67,246,87757.52,27982.215263,36043.55549981074,1.6584,Comportamento esperado
330,204473,General Girão,PL,RN,Publicidade,Divulgação Da Atividade Parlamentar.,1,Situação cadastral não ativa: BAIXADA,FOUND,BAIXADA,3,21,57240.00,246483.533462,299233.5953313259,-0.6324,Fornecedor com CNPJ suspeito
166,74467,Damião Feliciano,UNIÃO,PB,Outros,Serviço De Segurança Prestado Por Empresa Especializada.,0,Sem indício cadastral crítico,FOUND,ATIVA,1,14,14403.00,23461.340000,30668.444494610416,-0.2954,Comportamento esperado
466,98057,Lafayette De Andrada,PL,MG,Outros,"Serviço De Táxi, Pedágio E Estacionamento",1,Situação cadastral não ativa: BAIXADA,FOUND,BAIXADA,1,7,1200.00,5572.245385,10370.293242628488,-0.4216,Fornecedor com CNPJ suspeito
269,198783,Emanuel Pinheiro Neto,PSD,MT,Outros,Manutenção De Escritório De Apoio À Atividade Parlamentar,1,Erro na consulta pública de CNPJ,ERROR,,1,20,4003.00,55063.669706,75019.05976556618,-0.6806,Fornecedor com CNPJ suspeito
387,220563,Icaro De Valmir,REPUBLICANOS,SE,Viagens,Passagem Aérea - Reembolso,0,Sem indício cadastral crítico,FOUND,ATIVA,1,2,3775.64,9040.411000,11259.006637678962,-0.4676,Comportamento esperado
628,216198,Norma Pereira,PSDB,SC,Alimentação,Fornecimento De Alimentação Do Parlamentar,0,Sem indício cadastral crítico,FOUND,ATIVA,4,4,317.02,5345.501750,9873.801589562949,-0.5093,Comportamento esperado
138,204440,Christino Aureo,PP,RJ,Outros,"Serviço De Táxi, Pedágio E Estacionamento",0,Sem indício cadastral crítico,FOUND,ATIVA,3,13,2338.68,8455.730411,14321.838989715481,-0.4271,Comportamento esperado
776,160635,Ruy Carneiro,PODE,PB,Outros,"Participação Em Curso, Palestra Ou Evento Similar",0,Sem indício cadastral crítico,FOUND,ATIVA,1,1,4445.00,4445.000000,,,Comportamento esperado
551,160535,Marcon,PT,RS,Hotéis,"Hospedagem ,exceto Do Parlamentar No Distrito Federal.",1,Situação cadastral não ativa: BAIXADA,FOUND,BAIXADA,3,7,779.00,21826.986437,35658.661568585754,-0.5903,Fornecedor com CNPJ suspeito
297,204407,Fernanda Melchionna,PSOL,RS,Locomoção,Locação Ou Fretamento De Veículos Automotores,0,Sem indício cadastral crítico,FOUND,ATIVA,4,25,102145.47,182736.733051,177547.8783363845,-0.4539,Comportamento esperado
464,151208,Laercio Oliveira,PP,SE,Combustível,Combustíveis E Lubrificantes.,0,Sem indício cadastral crítico,FOUND,ATIVA,12,43,42127.47,53493.520741,82556.56454059949,-0.1377,Comportamento esperado
834,178934,Toninho Wandscheer,PP,PR,Outros,Manutenção De Escritório De Apoio À Atividade Parlamentar,0,Sem indício cadastral crítico,FOUND,ATIVA,22,415,268884.96,86193.122500,116860.66498214444,1.5633,Comportamento esperado
184,204511,David Soares,PODE,SP,Viagens,Passagem Aérea - Sigepa,,,,,0,358,344073.35,185430.171967,136227.76556134285,1.1645,Comportamento esperado
412,204546,Joice Hasselmann,PSDB,SP,Viagens,Passagem Aérea - Sigepa,,,,,0,75,120053.76,185430.171967,136227.76556134285,-0.4799,Comportamento esperado
734,220694,Ricardo Maia,MDB,BA,Alimentação,Fornecimento De Alimentação Do Parlamentar,0,Sem indício cadastral crítico,FOUND,ATIVA,9,37,2954.89,5334.958511,10548.888785765435,-0.2256,Comportamento esperado
750,223128,Rodrigo Estacho,PSD,PR,Outros,"Serviço De Táxi, Pedágio E Estacionamento",1,Situação cadastral não ativa: BAIXADA,FOUND,BAIXADA,2,11,323.41,5713.999474,13397.131596894355,-0.4024,Fornecedor com CNPJ suspeito
508,73778,Luiz Carlos Hauly,PODE,PR,Viagens,Passagem Aérea - Sigepa,,,,,0,204,175645.78,173223.575536,125997.34942419773,0.0192,Comportamento esperado
859,160569,Waldenor Pereira,PT,BA,Outros,Manutenção De Escritório De Apoio À Atividade Parlamentar,0,Sem indício cadastral crítico,FOUND,ATIVA,9,101,80495.28,98257.521290,134321.8726415135,-0.1322,Comportamento esperado
673,171617,Paulão,PT,AL,Viagens,Passagem Aérea - Rpa,0,Sem indício cadastral crítico,FOUND,ATIVA,2,62,85986.28,21225.077273,32156.183325062724,2.014,Possível anomalia financeira
854,160591,Vinicius Gurgel,PL,AP,Outros,Manutenção De Escritório De Apoio À Atividade Parlamentar,0,Sem indício cadastral crítico,FOUND,ATIVA,1,30,29010.00,30123.933200,30290.240248736845,-0.0368,Comportamento esperado
423,74141,Josias Gomes,PT,BA,Comunicação,Telefonia,0,Sem indício cadastral crítico,FOUND,ATIVA,5,75,42312.89,23153.030698,23468.568952979214,0.8164,Comportamento esperado
2,204521,Abou Anni,UNIÃO,SP,Outros,Manutenção De Escritório De Apoio À Atividade Parlamentar,1,Situação cadastral não ativa: BAIXADA,FOUND,BAIXADA,1,2,1343.16,98538.487659,143509.98800071477,-0.6773,Fornecedor com CNPJ suspeito
55,220657,André Fernandes,PL,CE,Outros,Manutenção De Escritório De Apoio À Atividade Parlamentar,0,Documento não consultado por não ser CNPJ,NOT_APPLICABLE,,1,17,116080.71,68348.775082,105244.60317209057,0.4535,Comportamento esperado
7,204560,Adolfo Viana,PSDB,BA,Comunicação,Telefonia,0,Sem indício cadastral crítico,FOUND,ATIVA,1,46,26186.70,23153.030698,23468.568952979214,0.1293,Comportamento esperado
657,220650,Paulo Alexandre Barbosa,PSDB,SP,Publicidade,Divulgação Da Atividade Parlamentar.,1,Situação cadastral não ativa: BAIXADA,FOUND,BAIXADA,1,8,50850.00,243741.226243,313657.1515008437,-0.615,Fornecedor com CNPJ suspeito
878,160632,Zé Silva,UNIÃO,MG,Locomoção,Locação Ou Fretamento De Veículos Automotores,0,Sem indício cadastral crítico,FOUND,ATIVA,2,37,137955.02,199358.988889,190617.58878325575,-0.3221,Comportamento esperado
393,98615,Ismael,PL,SC,Publicidade,Assinatura De Publicações,0,Sem indício cadastral crítico,FOUND,ATIVA,1,3,603.60,1002.800000,856.1605048120359,-0.4663,Comportamento esperado
681,122974,Pedro Lucas Fernandes,UNIÃO,MA,Locomoção,Locação Ou Fretamento De Veículos Automotores,1,Situação cadastral não ativa: BAIXADA,FOUND,BAIXADA,1,22,101048.86,122090.952683,112418.39663710551,-0.1872,Fornecedor com CNPJ suspeito
732,204362,Ricardo Guidi,PL,SC,Publicidade,Divulgação Da Atividade Parlamentar.,0,Sem indício cadastral crítico,FOUND,ATIVA,15,47,258345.00,148561.773265,217765.15459275612,0.5041,Comportamento esperado
148,220595,Coronel Fernanda,PL,MT,Viagens,Passagem Aérea - Reembolso,0,Sem indício cadastral crítico,FOUND,ATIVA,1,1,3088.50,36104.208462,85065.80718840551,-0.3881,Comportamento esperado
180,62881,Danilo Forte,PP,CE,Outros,Manutenção De Escritório De Apoio À Atividade Parlamentar,0,Documento não consultado por não ser CNPJ,NOT_APPLICABLE,,1,35,227500.00,68348.775082,105244.60317209057,1.5122,Comportamento esperado
462,162067,Kiko Celeguim,PT,SP,Hotéis,"Hospedagem ,exceto Do Parlamentar No Distrito Federal.",0,Sem indício cadastral crítico,FOUND,ATIVA,22,38,19177.62,10014.789189,11435.329101648113,0.8013,Comportamento esperado
145,204376,Coronel Armando,PP,SC,Hotéis,"Hospedagem ,exceto Do Parlamentar No Distrito Federal.",0,Sem indício cadastral crítico,FOUND,ATIVA,19,33,12659.99,36695.958649,43528.74004922331,-0.5522,Comportamento esperado
285,178905,Fabio Garcia,UNIÃO,MT,Locomoção,Locação Ou Fretamento De Veículos Automotores,0,Sem indício cadastral crítico,FOUND,ATIVA,1,4,15820.00,134358.602609,119146.49353274485,-0.9949,Comportamento esperado
744,204489,Robério Monteiro,PSB,CE,Locomoção,Locação Ou Fretamento De Veículos Automotores,0,Sem indício cadastral crítico,FOUND,ATIVA,2,18,225200.00,139651.247778,143531.8586124825,0.596,Comportamento esperado
734,220694,Ricardo Maia,MDB,BA,Outros,Manutenção De Escritório De Apoio À Atividade Parlamentar,0,Sem indício cadastral crítico,FOUND,ATIVA,4,87,349673.08,98257.521290,134321.8726415135,1.8717,Comportamento esperado
418,178857,Jorge Solla,PT,BA,Publicidade,Divulgação Da Atividade Parlamentar.,1,Situação cadastral não ativa: BAIXADA,FOUND,BAIXADA,2,11,33180.00,317318.910361,328157.1355142384,-0.8659,Fornecedor com CNPJ suspeito
635,73692,Osmar Terra,PL,RS,Comunicação,Telefonia,0,Sem indício cadastral crítico,FOUND,ATIVA,3,63,41265.55,19321.830435,18898.364290143905,1.1611,Comportamento esperado
72,160600,Arthur Oliveira Maia,UNIÃO,BA,Locomoção,Locação Ou Fretamento De Aeronaves,0,Sem indício cadastral crítico,FOUND,ATIVA,2,2,26000.00,81359.287500,83475.1578545966,-0.6632,Comportamento esperado
376,227324,Henrique Júnior,PL,MA,Viagens,Passagem Aérea - Rpa,0,Sem indício cadastral crítico,FOUND,ATIVA,1,3,4011.48,17893.360952,34179.698738222214,-0.4061,Comportamento esperado
785,220618,Sargento Portugal,PODE,RJ,Outros,Manutenção De Escritório De Apoio À Atividade Parlamentar,0,Documento não consultado por não ser CNPJ,NOT_APPLICABLE,,1,19,51157.84,80988.593819,134414.71100556676,-0.2219,Comportamento esperado
537,220599,Marcelo Crivella,REPUBLICANOS,RJ,Outros,Manutenção De Escritório De Apoio À Atividade Parlamentar,0,Sem indício cadastral crítico,FOUND,ATIVA,3,3,444.94,80988.593819,134414.71100556676,-0.5992,Comportamento esperado
548,204522,Marco Bertaiolli,PSD,SP,Combustível,Combustíveis E Lubrificantes.,0,Sem indício cadastral crítico,FOUND,ATIVA,6,83,42171.91,42192.750821,64034.19773844777,-3.0E-4,Comportamento esperado
178,220557,Daniela Reinehr,PL,SC,Hotéis,"Hospedagem ,exceto Do Parlamentar No Distrito Federal.",0,Sem indício cadastral crítico,FOUND,ATIVA,72,245,74062.58,36695.958649,43528.74004922331,0.8584,Comportamento esperado
712,74084,Raimundo Santos,PSD,PA,Viagens,Passagem Aérea - Sigepa,,,,,0,306,353843.15,266111.307931,195578.09309190325,0.4486,Comportamento esperado
326,220708,Gabriel Nunes,PSD,BA,Outros,Manutenção De Escritório De Apoio À Atividade Parlamentar,0,Sem indício cadastral crítico,FOUND,ATIVA,11,127,70251.96,98257.521290,134321.8726415135,-0.2085,Comportamento esperado
13,178835,Afonso Motta,PDT,RS,Publicidade,Divulgação Da Atividade Parlamentar.,0,Sem indício cadastral crítico,FOUND,ATIVA,24,268,638689.03,215724.063125,265101.600265673,1.5955,Comportamento esperado
796,74356,Silas Câmara,REPUBLICANOS,AM,Locomoção,Locação Ou Fretamento De Aeronaves,0,Sem indício cadastral crítico,FOUND,ATIVA,6,21,853258.00,399154.866667,405851.79112272314,1.1189,Comportamento esperado
717,220606,Reimont,PT,RJ,Publicidade,Divulgação Da Atividade Parlamentar.,0,Sem indício cadastral crítico,FOUND,ATIVA,6,83,725266.12,226781.355120,259582.44863584734,1.9203,Comportamento esperado
794,178961,Shéridan,PSDB,RR,Outros,Manutenção De Escritório De Apoio À Atividade Parlamentar,0,Sem indício cadastral crítico,FOUND,ATIVA,3,14,4823.66,80921.562903,170825.55022261123,-0.4455,Comportamento esperado
30,160545,Alexandre Leite,UNIÃO,SP,Outros,Serviço De Segurança Prestado Por Empresa Especializada.,0,Sem indício cadastral crítico,FOUND,ATIVA,1,30,7642.66,57471.443333,111341.01915358497,-0.4475,Comportamento esperado
732,204362,Ricardo Guidi,PSD,SC,Viagens,Passagem Aérea - Sigepa,,,,,0,88,72019.58,213397.721034,170101.01243018164,-0.8311,Comportamento esperado
879,220558,Zé Trovão,PL,SC,Alimentação,Fornecimento De Alimentação Do Parlamentar,1,Situação cadastral não ativa: BAIXADA,FOUND,BAIXADA,3,4,230.00,5345.501750,9873.801589562949,-0.5181,Fornecedor com CNPJ suspeito
825,220560,Thiago De Joaldo,REPUBLICANOS,SE,Outros,"Serviço De Táxi, Pedágio E Estacionamento",0,Sem indício cadastral crítico,FOUND,ATIVA,2,2,267.85,267.850000,,,Comportamento esperado
203,220705,Deltan Dallagnol,PODE,PR,Publicidade,Assinatura De Publicações,0,Sem indício cadastral crítico,FOUND,ATIVA,5,13,367.10,799.995625,610.7018274408415,-0.7088,Comportamento esperado
779,220631,Samuel Viana,UNIÃO,MG,Combustível,Combustíveis E Lubrificantes.,1,Situação cadastral não ativa: BAIXADA,FOUND,BAIXADA,5,22,5574.63,65306.104375,92314.0005265802,-0.647,Fornecedor com CNPJ suspeito
706,220586,Rafael Brito,MDB,AL,Alimentação,Fornecimento De Alimentação Do Parlamentar,0,Sem indício cadastral crítico,FOUND,ATIVA,2,15,1236.10,2542.058000,4729.8142873309525,-0.2761,Comportamento esperado
136,204462,Chris Tonietto,PL,RJ,Outros,"Serviço De Táxi, Pedágio E Estacionamento",1,Situação cadastral não ativa: BAIXADA,FOUND,BAIXADA,2,24,741.24,8455.730411,14321.838989715481,-0.5387,Fornecedor com CNPJ suspeito
13,178835,Afonso Motta,PDT,RS,Hotéis,"Hospedagem ,exceto Do Parlamentar No Distrito Federal.",1,Erro na consulta pública de CNPJ,ERROR,,1,21,19739.03,21826.986437,35658.661568585754,-0.0586,Fornecedor com CNPJ suspeito
300,204445,Fernando Mineiro,PT,RN,Outros,Manutenção De Escritório De Apoio À Atividade Parlamentar,0,Documento não consultado por não ser CNPJ,NOT_APPLICABLE,,1,39,121550.84,114159.151154,175330.5134804051,0.0422,Comportamento esperado
878,160632,Zé Silva,UNIÃO,MG,Outros,"Serviço De Táxi, Pedágio E Estacionamento",1,Situação cadastral não ativa: BAIXADA,FOUND,BAIXADA,1,1,120.00,5572.245385,10370.293242628488,-0.5258,Fornecedor com CNPJ suspeito
6,221328,Adilson Barroso,PL,SP,Viagens,Passagem Aérea - Rpa,0,Sem indício cadastral crítico,FOUND,ATIVA,3,24,48431.08,24943.515352,36157.13967829913,0.6496,Comportamento esperado
124,204369,Caroline De Toni,PL,SC,Comunicação,Telefonia,0,Sem indício cadastral crítico,FOUND,ATIVA,1,49,5044.74,7776.667391,7284.093764458291,-0.3751,Comportamento esperado
142,141408,Cleber Verde,REPUBLICANOS,MA,Outros,Manutenção De Escritório De Apoio À Atividade Parlamentar,1,Situação cadastral não ativa: BAIXADA,FOUND,BAIXADA,1,10,2534.70,64195.130784,109861.24089764054,-0.5613,Fornecedor com CNPJ suspeito
8,204528,Adriana Ventura,NOVO,SP,Publicidade,Assinatura De Publicações,1,Situação cadastral não ativa: BAIXADA,FOUND,BAIXADA,1,7,454.30,3369.241333,3418.330377283657,-0.8527,Fornecedor com CNPJ suspeito
121,141398,Carlos Zarattini,PT,SP,Outros,"Serviço De Táxi, Pedágio E Estacionamento",1,Situação cadastral não ativa: BAIXADA,FOUND,BAIXADA,2,2,50.00,11967.060840,16796.655097373645,-0.7095,Fornecedor com CNPJ suspeito
621,204479,Nicoletti,UNIÃO,RR,Locomoção,Locação Ou Fretamento De Veículos Automotores,0,Sem indício cadastral crítico,FOUND,ATIVA,2,17,95200.00,156360.151875,107532.52503854835,-0.5688,Comportamento esperado
835,157130,Túlio Gadêlha,PSD,PE,Combustível,Combustíveis E Lubrificantes.,1,Situação cadastral não ativa: BAIXADA,FOUND,BAIXADA,2,3,533.86,53506.291935,82942.380015203,-0.6387,Fornecedor com CNPJ suspeito
312,204392,Francisco Jr.,PSD,GO,Outros,Manutenção De Escritório De Apoio À Atividade Parlamentar,0,Documento não consultado por não ser CNPJ,NOT_APPLICABLE,,1,11,46393.00,100447.486545,162486.21407041358,-0.3327,Comportamento esperado
216,220573,Dorinaldo Malafaia,PDT,AP,Viagens,Passagem Aérea - Rpa,0,Sem indício cadastral crítico,FOUND,ATIVA,1,8,1244.24,4617.490000,4023.3855612682983,-0.8384,Comportamento esperado
496,178931,Luciano Ducci,PSB,PR,Serviços profissionais,"Consultorias, Pesquisas E Trabalhos Técnicos.",0,Sem indício cadastral crítico,FOUND,ATIVA,1,12,108000.00,58752.690645,58141.82428785019,0.847,Comportamento esperado
831,160976,Tiririca,PL,SP,Comunicação,Telefonia,0,Sem indício cadastral crítico,FOUND,ATIVA,1,14,8332.10,19889.940211,25751.500071775903,-0.4488,Comportamento esperado
214,143632,Domingos Neto,PSD,CE,Serviços profissionais,"Consultorias, Pesquisas E Trabalhos Técnicos.",0,Sem indício cadastral crítico,FOUND,ATIVA,2,6,83020.00,67459.660000,60466.2251856053,0.2573,Comportamento esperado
80,220612,Bebeto,PP,RJ,Combustível,Combustíveis E Lubrificantes.,0,Sem indício cadastral crítico,FOUND,ATIVA,103,528,132319.73,44023.319398,62812.667137756165,1.4057,Comportamento esperado
592,178895,Misael Varella,PSD,MG,Outros,Manutenção De Escritório De Apoio À Atividade Parlamentar,0,Sem indício cadastral crítico,FOUND,ATIVA,6,197,692436.43,123562.947566,162703.54342443834,3.4964,Anomalia financeira extrema
576,204486,Mauro Benevides Filho,UNIÃO,CE,Viagens,Passagem Aérea - Sigepa,,,,,0,235,296924.94,190828.457826,170630.5409255439,0.6218,Comportamento esperado
369,178964,Heitor Schuch,PSD,RS,Locomoção,Locação Ou Fretamento De Veículos Automotores,0,Sem indício cadastral crítico,FOUND,ATIVA,5,82,315980.69,182736.733051,177547.8783363845,0.7505,Comportamento esperado
479,74299,Leônidas Cristino,PDT,CE,Viagens,Passagem Aérea - Rpa,0,Sem indício cadastral crítico,FOUND,ATIVA,2,37,41371.04,32586.001200,51600.505956913454,0.1703,Comportamento esperado
605,150418,Márcio Marinho,REPUBLICANOS,BA,Combustível,Combustíveis E Lubrificantes.,0,Sem indício cadastral crítico,FOUND,ATIVA,73,368,166624.00,76280.976842,110667.4963849575,0.8163,Comportamento esperado
16,204549,Aj Albuquerque,PP,CE,Viagens,Passagem Aérea - Sigepa,,,,,0,209,274022.31,190828.457826,170630.5409255439,0.4876,Comportamento esperado
583,74428,Mendonça Filho,PL,PE,Combustível,Combustíveis E Lubrificantes.,0,Sem indício cadastral crítico,FOUND,ATIVA,47,372,77979.31,53506.291935,82942.380015203,0.2951,Comportamento esperado
878,160632,Zé Silva,SOLIDARIEDADE,MG,Combustível,Combustíveis E Lubrificantes.,1,Situação cadastral não ativa: BAIXADA,FOUND,BAIXADA,3,3,727.63,65306.104375,92314.0005265802,-0.6996,Fornecedor com CNPJ suspeito
384,160674,Hugo Motta,REPUBLICANOS,PB,Publicidade,Divulgação Da Atividade Parlamentar.,0,Sem indício cadastral crítico,FOUND,ATIVA,34,617,1188086.08,324815.111538,407718.48875224456,2.1173,Possível anomalia financeira
439,141459,João Maia,PL,RN,Viagens,Passagem Aérea - Sigepa,,,,,0,72,82173.89,162797.373750,139730.51949096413,-0.577,Comportamento esperado
756,204480,Rogério Correia,PT,MG,Outros,Manutenção De Escritório De Apoio À Atividade Parlamentar,1,Erro na consulta pública de CNPJ,ERROR,,1,4,496.00,123562.947566,162703.54342443834,-0.7564,Fornecedor com CNPJ suspeito
634,73463,Osmar Serraglio,PP,PR,Outros,Manutenção De Escritório De Apoio À Atividade Parlamentar,1,Situação cadastral não ativa: BAIXADA,FOUND,BAIXADA,2,9,12107.60,86193.122500,116860.66498214444,-0.634,Fornecedor com CNPJ suspeito
624,178986,Nilto Tatto,PT,SP,Locomoção,Locação Ou Fretamento De Veículos Automotores,0,Sem indício cadastral crítico,FOUND,ATIVA,4,42,236054.86,147254.510948,139673.23431152088,0.6358,Comportamento esperado
78,178975,Baleia Rossi,MDB,SP,Outros,Manutenção De Escritório De Apoio À Atividade Parlamentar,0,Documento não consultado por não ser CNPJ,NOT_APPLICABLE,,1,51,484769.46,98538.487659,143509.98800071477,2.6913,Possível anomalia financeira
105,204572,Capitão Alberto Neto,PL,AM,Comunicação,Telefonia,0,Sem indício cadastral crítico,FOUND,ATIVA,3,51,64610.52,25580.348889,29955.895435557606,1.3029,Comportamento esperado
601,220687,Márcio Honaiser,SOLIDARIEDADE,MA,Locomoção,Locação Ou Fretamento De Veículos Automotores,0,Sem indício cadastral crítico,FOUND,ATIVA,3,7,27983.65,122090.952683,112418.39663710551,-0.8371,Comportamento esperado
490,204404,Lucas Redecker,PSDB,RS,Publicidade,Divulgação Da Atividade Parlamentar.,0,Sem indício cadastral crítico,FOUND,ATIVA,1,9,525.50,215724.063125,265101.600265673,-0.8118,Comportamento esperado
585,220585,Mersinho Lucena,PSD,PB,Hotéis,"Hospedagem ,exceto Do Parlamentar No Distrito Federal.",0,Sem indício cadastral crítico,FOUND,ATIVA,1,1,1168.50,9643.162222,20671.000404330745,-0.41,Comportamento esperado
618,229939,Newton Bonin,UNIÃO,PR,Publicidade,Divulgação Da Atividade Parlamentar.,0,Sem indício cadastral crítico,FOUND,ATIVA,5,10,91000.00,263664.052022,329972.5348930845,-0.5233,Comportamento esperado
821,206231,Ted Conti,PSB,ES,Viagens,Passagem Aérea - Rpa,0,Sem indício cadastral crítico,FOUND,ATIVA,1,4,1675.64,13452.752000,24537.48964332959,-0.48,Comportamento esperado
517,204526,Luiz Philippe De Orleans E Bragança,PL,SP,Serviços profissionais,"Consultorias, Pesquisas E Trabalhos Técnicos.",1,Situação cadastral não ativa: BAIXADA,FOUND,BAIXADA,1,5,2621.50,42478.291429,47664.49520078613,-0.8362,Fornecedor com CNPJ suspeito
472,231911,Lenir De Assis,PT,PR,Hotéis,"Hospedagem ,exceto Do Parlamentar No Distrito Federal.",0,Sem indício cadastral crítico,FOUND,ATIVA,11,17,19901.33,18419.328649,34024.43115299299,0.0436,Comportamento esperado
288,74065,Fatima Pelaes,REPUBLICANOS,AP,Alimentação,Fornecimento De Alimentação Do Parlamentar,0,Sem indício cadastral crítico,FOUND,ATIVA,7,14,929.95,2913.228750,3743.7956562078907,-0.5298,Comportamento esperado
365,204408,Gustinho Ribeiro,PP,SE,Viagens,Passagem Aérea - Sigepa,,,,,0,243,313309.78,155702.681579,99733.68864426478,1.5803,Comportamento esperado
495,74478,Luciano Bivar,MDB,PE,Viagens,Passagem Aérea - Rpa,0,Sem indício cadastral crítico,FOUND,ATIVA,3,19,39911.85,15238.795000,22485.76149111043,1.0973,Comportamento esperado
276,220645,Erika Hilton,PSOL,SP,Outros,"Serviço De Táxi, Pedágio E Estacionamento",1,Situação cadastral não ativa: BAIXADA,FOUND,BAIXADA,2,14,411.19,11967.060840,16796.655097373645,-0.688,Fornecedor com CNPJ suspeito
638,204441,Otoni De Paula,MDB,RJ,Combustível,Combustíveis E Lubrificantes.,0,Sem indício cadastral crítico,FOUND,ATIVA,48,222,63047.47,44023.319398,62812.667137756165,0.3029,Comportamento esperado
134,141439,Chico D'angelo,PDT,RJ,Combustível,Combustíveis E Lubrificantes.,0,Sem indício cadastral crítico,FOUND,ATIVA,45,171,39521.05,44023.319398,62812.667137756165,-0.0717,Comportamento esperado
785,220618,Sargento Portugal,PODE,RJ,Viagens,Passagem Aérea - Sigepa,,,,,0,202,163817.42,213577.740357,175550.75566941444,-0.2835,Comportamento esperado
539,220634,Marcelo Lima,PSB,SP,Combustível,Combustíveis E Lubrificantes.,0,Sem indício cadastral crítico,FOUND,ATIVA,22,57,25774.70,42192.750821,64034.19773844777,-0.2564,Comportamento esperado
72,160600,Arthur Oliveira Maia,UNIÃO,BA,Viagens,Passagem Aérea - Sigepa,,,,,0,346,394531.76,219376.223091,157819.4558803826,1.1098,Comportamento esperado
690,204524,Pinheirinho,PP,MG,Outros,"Serviço De Táxi, Pedágio E Estacionamento",0,Sem indício cadastral crítico,FOUND,ATIVA,14,415,20180.71,5572.245385,10370.293242628488,1.4087,Comportamento esperado
133,74171,Chico Alencar,PSOL,RJ,Viagens,Passagem Aérea - Sigepa,,,,,0,253,208043.19,213577.740357,175550.75566941444,-0.0315,Comportamento esperado
577,74749,Mauro Lopes,PP,MG,Locomoção,Locação Ou Fretamento De Veículos Automotores,0,Sem indício cadastral crítico,FOUND,ATIVA,2,18,46746.00,199358.988889,190617.58878325575,-0.8006,Comportamento esperado
108,178924,Capitão Fábio Abreu,PSD,PI,Serviços profissionais,"Consultorias, Pesquisas E Trabalhos Técnicos.",0,Sem indício cadastral crítico,FOUND,ATIVA,1,11,145000.00,59954.545455,42245.387053176906,2.0131,Possível anomalia financeira
215,160758,Domingos Sávio,PL,MG,Locomoção,Locação Ou Fretamento De Veículos Automotores,0,Sem indício cadastral crítico,FOUND,ATIVA,2,117,567409.02,199358.988889,190617.58878325575,1.9308,Comportamento esperado
871,160592,Zeca Dirceu,PT,PR,Outros,Manutenção De Escritório De Apoio À Atividade Parlamentar,0,Documento não consultado por não ser CNPJ,NOT_APPLICABLE,,2,28,58393.72,86193.122500,116860.66498214444,-0.2379,Comportamento esperado
215,160758,Domingos Sávio,PL,MG,Outros,Manutenção De Escritório De Apoio À Atividade Parlamentar,0,Sem indício cadastral crítico,FOUND,ATIVA,21,552,317967.50,123562.947566,162703.54342443834,1.1948,Comportamento esperado
564,204432,Marina Santos,REPUBLICANOS,PI,Combustível,Combustíveis E Lubrificantes.,0,Sem indício cadastral crítico,FOUND,ATIVA,66,196,46810.80,73929.545357,101552.42380940972,-0.267,Comportamento esperado
740,160653,Roberto De Lucena,REPUBLICANOS,SP,Publicidade,Divulgação Da Atividade Parlamentar.,0,Sem indício cadastral crítico,FOUND,ATIVA,10,27,123926.03,243741.226243,313657.1515008437,-0.382,Comportamento esperado
860,178952,Walter Alves,MDB,RN,Publicidade,Divulgação Da Atividade Parlamentar.,0,Sem indício cadastral crítico,FOUND,ATIVA,4,11,110500.00,246483.533462,299233.5953313259,-0.4544,Comportamento esperado
72,160600,Arthur Oliveira Maia,UNIÃO,BA,Outros,Serviços Postais,0,Sem indício cadastral crítico,FOUND,ATIVA,3,4,328.70,1465.597500,2527.93213294582,-0.4497,Comportamento esperado
451,204520,Junio Amaral,PL,MG,Locomoção,Locação Ou Fretamento De Veículos Automotores,1,Situação cadastral não ativa: BAIXADA,FOUND,BAIXADA,1,1,537.73,199358.988889,190617.58878325575,-1.043,Fornecedor com CNPJ suspeito
540,133810,Marcelo Moraes,PL,RS,Hotéis,"Hospedagem ,exceto Do Parlamentar No Distrito Federal.",1,Situação cadastral não ativa: BAIXADA,FOUND,BAIXADA,1,2,298.00,21826.986437,35658.661568585754,-0.6038,Fornecedor com CNPJ suspeito
381,178884,Hildo Rocha,MDB,MA,Locomoção,Locação Ou Fretamento De Veículos Automotores,0,Sem indício cadastral crítico,FOUND,ATIVA,2,23,146550.00,122090.952683,112418.39663710551,0.2176,Comportamento esperado
499,178954,Lucio Mosquini,MDB,RO,Outros,Manutenção De Escritório De Apoio À Atividade Parlamentar,0,Sem indício cadastral crítico,FOUND,ATIVA,4,19,5548.28,40149.183103,63678.43736701476,-0.5434,Comportamento esperado
330,204473,General Girão,PL,RN,Hotéis,"Hospedagem ,exceto Do Parlamentar No Distrito Federal.",1,CNPJ não encontrado na API pública,NOT_FOUND,,1,2,200.00,10401.272857,14188.915930464025,-0.719,Fornecedor com CNPJ suspeito
417,214694,Jorge Goetten,REPUBLICANOS,SC,Alimentação,Fornecimento De Alimentação Do Parlamentar,0,Sem indício cadastral crítico,FOUND,ATIVA,2,3,642.32,5345.501750,9873.801589562949,-0.4763,Comportamento esperado
357,204513,Guiga Peixoto,PSC,SP,Publicidade,Divulgação Da Atividade Parlamentar.,0,Sem indício cadastral crítico,FOUND,ATIVA,3,8,29700.00,243741.226243,313657.1515008437,-0.6824,Comportamento esperado
90,204388,Bibo Nunes,PL,RS,Outros,"Serviço De Táxi, Pedágio E Estacionamento",0,Sem indício cadastral crítico,FOUND,ATIVA,20,141,43183.36,10192.084923,16137.89190584743,2.0443,Possível anomalia financeira
35,220576,Alfredo Gaspar,PL,AL,Combustível,Combustíveis E Lubrificantes.,0,Sem indício cadastral crítico,FOUND,ATIVA,87,321,76026.79,41184.340741,54405.12179897842,0.6404,Comportamento esperado
203,220705,Deltan Dallagnol,PODE,PR,Alimentação,Fornecimento De Alimentação Do Parlamentar,0,Sem indício cadastral crítico,FOUND,ATIVA,27,82,3684.07,4173.948542,8441.04850518495,-0.058,Comportamento esperado
675,90201,Pedro Augusto Bezerra,PDT,CE,Combustível,Combustíveis E Lubrificantes.,0,Sem indício cadastral crítico,FOUND,ATIVA,63,130,50999.36,41977.960833,76764.60304100714,0.1175,Comportamento esperado
478,92102,Leur Lomanto Júnior,UNIÃO,BA,Viagens,Passagem Aérea - Sigepa,,,,,0,234,297290.29,219376.223091,157819.4558803826,0.4937,Comportamento esperado
348,178996,Giovani Feltes,MDB,RS,Alimentação,Fornecimento De Alimentação Do Parlamentar,0,Sem indício cadastral crítico,FOUND,ATIVA,30,35,2605.63,7368.085075,13657.337051272762,-0.3487,Comportamento esperado
820,220598,Tarcísio Motta,PSOL,RJ,Combustível,Combustíveis E Lubrificantes.,0,Sem indício cadastral crítico,FOUND,ATIVA,69,324,67348.85,44023.319398,62812.667137756165,0.3714,Comportamento esperado
680,229112,Pedro Jr,PL,TO,Alimentação,Fornecimento De Alimentação Do Parlamentar,0,Sem indício cadastral crítico,FOUND,ATIVA,1,2,178.81,977.828571,1259.2622814625577,-0.6345,Comportamento esperado
670,133968,Paulo Ramos,PDT,RJ,Viagens,Passagem Aérea - Sigepa,,,,,0,48,68706.55,213577.740357,175550.75566941444,-0.8252,Comportamento esperado
527,166402,Magda Mofatto,PL,GO,Outros,Serviço De Segurança Prestado Por Empresa Especializada.,0,Sem indício cadastral crítico,FOUND,ATIVA,1,48,12094.50,6198.595000,3686.025394951858,1.5995,Comportamento esperado
586,220530,Messias Donato,UNIÃO,ES,Outros,Manutenção De Escritório De Apoio À Atividade Parlamentar,0,Sem indício cadastral crítico,FOUND,ATIVA,8,156,238437.65,101936.796563,164857.25422120074,0.828,Comportamento esperado
49,220556,Ana Paula Lima,PT,SC,Viagens,Passagem Aérea - Sigepa,,,,,0,145,214477.42,213397.721034,170101.01243018164,0.0063,Comportamento esperado
184,204511,David Soares,PODE,SP,Combustível,Combustíveis E Lubrificantes.,0,Sem indício cadastral crítico,FOUND,ATIVA,216,434,65303.54,42192.750821,64034.19773844777,0.3609,Comportamento esperado
484,171139,Loreny,SOLIDARIEDADE,SP,Outros,"Serviço De Táxi, Pedágio E Estacionamento",0,Sem indício cadastral crítico,FOUND,ATIVA,2,47,270.20,11967.060840,16796.655097373645,-0.6964,Comportamento esperado
742,220613,Roberto Monteiro Pai,PL,RJ,Outros,"Passagens Terrestres, Marítimas Ou Fluviais",0,Sem indício cadastral crítico,FOUND,ATIVA,1,2,900.92,1539.978571,2924.304901002727,-0.2185,Comportamento esperado
389,204564,Igor Kannário,UNIÃO,BA,Combustível,Combustíveis E Lubrificantes.,0,Sem indício cadastral crítico,FOUND,ATIVA,4,12,2602.03,76280.976842,110667.4963849575,-0.6658,Comportamento esperado
352,107283,Gleisi Hoffmann,PT,PR,Outros,Serviços Postais,0,Sem indício cadastral crítico,FOUND,ATIVA,5,14,1261.61,2362.262000,4411.055170390342,-0.2495,Comportamento esperado
444,204420,Julian Lemos,UNIÃO,PB,Combustível,Combustíveis E Lubrificantes.,1,Situação cadastral não ativa: BAIXADA,FOUND,BAIXADA,2,2,641.89,61582.608974,85760.8839439169,-0.7106,Fornecedor com CNPJ suspeito
226,204518,Dr. Frederico,PATRIOTA,MG,Outros,Manutenção De Escritório De Apoio À Atividade Parlamentar,0,Sem indício cadastral crítico,FOUND,ATIVA,9,53,83208.23,123562.947566,162703.54342443834,-0.248,Comportamento esperado
669,74400,Paulo Pimenta,PT,RS,Viagens,Passagem Aérea - Sigepa,,,,,0,62,99489.57,223297.576531,126627.95953182003,-0.9777,Comportamento esperado
820,220598,Tarcísio Motta,PSOL,RJ,Locomoção,Locação Ou Fretamento De Veículos Automotores,0,Sem indício cadastral crítico,FOUND,ATIVA,4,39,279901.67,162239.394390,163272.60476613723,0.7206,Comportamento esperado
779,220631,Samuel Viana,UNIÃO,MG,Locomoção,Locação Ou Fretamento De Veículos Automotores,0,Sem indício cadastral crítico,FOUND,ATIVA,2,101,457248.98,199358.988889,190617.58878325575,1.3529,Comportamento esperado
493,220581,Luciano Amaral,PSD,AL,Outros,Manutenção De Escritório De Apoio À Atividade Parlamentar,0,Sem indício cadastral crítico,FOUND,ATIVA,6,88,242707.32,55960.761000,68535.24676411308,2.7248,Possível anomalia financeira
649,204553,Pastor Sargento Isidório,AVANTE,BA,Outros,Manutenção De Escritório De Apoio À Atividade Parlamentar,0,Sem indício cadastral crítico,FOUND,ATIVA,1,6,33319.60,98257.521290,134321.8726415135,-0.4835,Comportamento esperado
5,220714,Adail Filho,MDB,AM,Locomoção,Locação Ou Fretamento De Veículos Automotores,0,Sem indício cadastral crítico,FOUND,ATIVA,1,45,267000.00,152696.895000,125499.30922769064,0.9108,Comportamento esperado
640,204573,Otto Alencar Filho,PSD,BA,Comunicação,Telefonia,0,Sem indício cadastral crítico,FOUND,ATIVA,3,131,31482.34,23153.030698,23468.568952979214,0.3549,Comportamento esperado
418,178857,Jorge Solla,PT,BA,Outros,Serviços Postais,1,Situação cadastral não ativa: BAIXADA,FOUND,BAIXADA,1,1,95.00,1465.597500,2527.93213294582,-0.5422,Fornecedor com CNPJ suspeito
33,204516,Alexis Fonteyne,NOVO,SP,Outros,Manutenção De Escritório De Apoio À Atividade Parlamentar,0,Sem indício cadastral crítico,FOUND,ATIVA,4,30,23538.88,98538.487659,143509.98800071477,-0.5226,Comportamento esperado
783,204387,Sargento Fahur,PSD,PR,Hotéis,"Hospedagem ,exceto Do Parlamentar No Distrito Federal.",0,Sem indício cadastral crítico,FOUND,ATIVA,2,8,2551.70,18419.328649,34024.43115299299,-0.4664,Comportamento esperado
429,204391,José Nelto,PP,GO,Serviços profissionais,"Consultorias, Pesquisas E Trabalhos Técnicos.",0,Sem indício cadastral crítico,FOUND,ATIVA,5,14,167500.00,99247.891538,60067.72576039702,1.1363,Comportamento esperado
782,219599,Sargento Alexandre,PODE,SP,Alimentação,Fornecimento De Alimentação Do Parlamentar,0,Sem indício cadastral crítico,FOUND,ATIVA,15,22,1310.59,3366.001170,5609.697337170304,-0.3664,Comportamento esperado
108,178924,Capitão Fábio Abreu,PSD,PI,Viagens,Passagem Aérea - Rpa,0,Sem indício cadastral crítico,FOUND,ATIVA,1,4,7281.74,17321.367273,29804.932291452395,-0.3368,Comportamento esperado
708,178951,Rafael Motta,PSB,RN,Outros,Manutenção De Escritório De Apoio À Atividade Parlamentar,0,Documento não consultado por não ser CNPJ,NOT_APPLICABLE,,1,9,11700.00,114159.151154,175330.5134804051,-0.5844,Comportamento esperado
851,204483,Vilson Da Fetaemg,PSB,MG,Publicidade,Divulgação Da Atividade Parlamentar.,0,Sem indício cadastral crítico,FOUND,ATIVA,4,8,24040.00,194891.353020,276881.75990132586,-0.6171,Comportamento esperado
90,204388,Bibo Nunes,PL,RS,Publicidade,Divulgação Da Atividade Parlamentar.,1,Situação cadastral não ativa: BAIXADA,FOUND,BAIXADA,5,10,31200.00,215724.063125,265101.600265673,-0.6961,Fornecedor com CNPJ suspeito
889,,,,NA,Serviços profissionais,"Consultorias, Pesquisas E Trabalhos Técnicos.",0,Sem indício cadastral crítico,FOUND,ATIVA,1,1,10000.00,12966.386667,11624.099921008938,-0.2552,Comportamento esperado
493,220581,Luciano Amaral,PSD,AL,Combustível,Combustíveis E Lubrificantes.,0,Sem indício cadastral crítico,FOUND,ATIVA,125,485,170305.18,41184.340741,54405.12179897842,2.3733,Possível anomalia financeira
198,220652,Delegado Palumbo,PODE,SP,Locomoção,Locação Ou Fretamento De Veículos Automotores,0,Sem indício cadastral crítico,FOUND,ATIVA,1,38,207800.00,147254.510948,139673.23431152088,0.4335,Comportamento esperado
161,204488,Célio Studart,PSD,CE,Viagens,Passagem Aérea - Sigepa,,,,,0,258,360946.26,190828.457826,170630.5409255439,0.997,Comportamento esperado
493,220581,Luciano Amaral,PSD,AL,Alimentação,Fornecimento De Alimentação Do Parlamentar,1,Situação cadastral não ativa: BAIXADA,FOUND,BAIXADA,2,5,216.96,2542.058000,4729.8142873309525,-0.4916,Fornecedor com CNPJ suspeito
747,204366,Rodrigo Coelho,PODE,SC,Viagens,Passagem Aérea - Sigepa,,,,,0,95,107311.81,213397.721034,170101.01243018164,-0.6237,Comportamento esperado
552,204431,Marcos Aurélio Sampaio,MDB,PI,Publicidade,Divulgação Da Atividade Parlamentar.,0,Sem indício cadastral crítico,FOUND,ATIVA,4,70,852000.00,255170.175556,326071.87108703476,1.8304,Comportamento esperado
826,220597,Thiago Flores,UNIÃO,RO,Comunicação,Telefonia,0,Sem indício cadastral crítico,FOUND,ATIVA,3,84,46647.36,15683.564000,17340.40119270922,1.7856,Comportamento esperado
819,204464,Talíria Petrone,PSOL,RJ,Combustível,Combustíveis E Lubrificantes.,1,CNPJ não encontrado na API pública,NOT_FOUND,,1,1,100.00,44023.319398,62812.667137756165,-0.6993,Fornecedor com CNPJ suspeito
635,73692,Osmar Terra,MDB,RS,Serviços profissionais,"Consultorias, Pesquisas E Trabalhos Técnicos.",0,Sem indício cadastral crítico,FOUND,ATIVA,2,4,40000.00,39996.666667,35707.577110401064,1.0E-4,Comportamento esperado
318,68720,Fábio Henrique,UNIÃO,SE,Serviços profissionais,"Consultorias, Pesquisas E Trabalhos Técnicos.",0,Sem indício cadastral crítico,FOUND,ATIVA,2,10,96000.00,82649.800000,100296.5049865647,0.1331,Comportamento esperado
417,214694,Jorge Goetten,REPUBLICANOS,SC,Hotéis,"Hospedagem ,exceto Do Parlamentar No Distrito Federal.",0,Sem indício cadastral crítico,FOUND,ATIVA,39,83,24674.34,36695.958649,43528.74004922331,-0.2762,Comportamento esperado
425,215043,Josivaldo Jp,UNIÃO,MA,Locomoção,Locação Ou Fretamento De Veículos Automotores,1,Situação cadastral não ativa: BAIXADA,FOUND,BAIXADA,1,7,23539.27,122090.952683,112418.39663710551,-0.8767,Fornecedor com CNPJ suspeito
451,204520,Junio Amaral,PL,MG,Outros,Manutenção De Escritório De Apoio À Atividade Parlamentar,1,Situação cadastral não ativa: BAIXADA,FOUND,BAIXADA,1,7,707.20,123562.947566,162703.54342443834,-0.7551,Fornecedor com CNPJ suspeito
190,204451,Delegado Antônio Furtado,UNIÃO,RJ,Outros,Manutenção De Escritório De Apoio À Atividade Parlamentar,1,Situação cadastral não ativa: BAIXADA,FOUND,BAIXADA,1,11,11035.99,80988.593819,134414.71100556676,-0.5204,Fornecedor com CNPJ suspeito
364,220568,Gustavo Gayer,PL,GO,Viagens,Passagem Aérea - Sigepa,,,,,0,37,34240.35,12997.291429,13545.423262596489,1.5683,Comportamento esperado
69,141391,Arnaldo Jardim,CIDADANIA,SP,Locomoção,Locação Ou Fretamento De Veículos Automotores,0,Sem indício cadastral crítico,FOUND,ATIVA,5,29,115904.51,147254.510948,139673.23431152088,-0.2245,Comportamento esperado
241,220686,Duarte Jr.,AVANTE,MA,Hotéis,"Hospedagem ,exceto Do Parlamentar No Distrito Federal.",0,Sem indício cadastral crítico,FOUND,ATIVA,7,7,6283.69,16546.215714,24945.906621691578,-0.4114,Comportamento esperado
18,73579,Alberto Fraga,PL,DF,Viagens,Passagem Aérea - Rpa,0,Sem indício cadastral crítico,FOUND,ATIVA,2,19,36660.13,21302.210000,21719.378753841003,0.7071,Comportamento esperado
635,73692,Osmar Terra,PL,RS,Outros,"Serviço De Táxi, Pedágio E Estacionamento",1,Situação cadastral não ativa: BAIXADA,FOUND,BAIXADA,2,2,17.00,10192.084923,16137.89190584743,-0.6305,Fornecedor com CNPJ suspeito
181,160552,Danrlei De Deus Hinterholz,PSD,RS,Hotéis,"Hospedagem ,exceto Do Parlamentar No Distrito Federal.",0,Sem indício cadastral crítico,FOUND,ATIVA,6,10,2125.20,21826.986437,35658.661568585754,-0.5525,Comportamento esperado
768,178935,Rossoni,PSDB,PR,Outros,Manutenção De Escritório De Apoio À Atividade Parlamentar,0,Sem indício cadastral crítico,FOUND,ATIVA,7,18,22464.51,86193.122500,116860.66498214444,-0.5453,Comportamento esperado
145,204376,Coronel Armando,PP,SC,Publicidade,Divulgação Da Atividade Parlamentar.,1,Situação cadastral não ativa: BAIXADA,FOUND,BAIXADA,1,2,7000.00,148561.773265,217765.15459275612,-0.6501,Fornecedor com CNPJ suspeito
210,73768,Dilceu Sperafico,PP,PR,Viagens,Passagem Aérea - Rpa,0,Sem indício cadastral crítico,FOUND,ATIVA,3,9,5052.50,26722.504474,58025.433845182,-0.3735,Comportamento esperado
645,180214,Pastor Diniz,UNIÃO,RR,Viagens,Passagem Aérea - Reembolso,0,Sem indício cadastral crítico,FOUND,ATIVA,1,1,3212.61,23419.147778,50067.63598784218,-0.4036,Comportamento esperado
469,178832,Leandre,PSD,PR,Combustível,Combustíveis E Lubrificantes.,1,Situação cadastral não ativa: BAIXADA,FOUND,BAIXADA,3,6,1247.63,57944.345500,82353.4495793919,-0.6885,Fornecedor com CNPJ suspeito
163,141411,Dagoberto Nogueira,PP,MS,Publicidade,Divulgação Da Atividade Parlamentar.,1,Situação cadastral não ativa: BAIXADA,FOUND,BAIXADA,3,15,97250.00,244824.753226,352025.1744174792,-0.4192,Fornecedor com CNPJ suspeito
895,,,,NA,Combustível,Combustíveis E Lubrificantes.,0,Sem indício cadastral crítico,FOUND,ATIVA,5,16,4470.89,20989.039000,33381.70257372158,-0.4948,Comportamento esperado
309,160598,Flávia Morais,MDB,GO,Combustível,Combustíveis E Lubrificantes.,0,Sem indício cadastral crítico,FOUND,ATIVA,137,213,48598.32,65044.277593,95738.05404592726,-0.1718,Comportamento esperado
189,220561,Delegada Katarina,PSD,SE,Combustível,Combustíveis E Lubrificantes.,1,CNPJ não encontrado na API pública,NOT_FOUND,,1,2,200.00,53493.520741,82556.56454059949,-0.6455,Fornecedor com CNPJ suspeito
453,178886,Juscelino Filho,UNIÃO,MA,Outros,Manutenção De Escritório De Apoio À Atividade Parlamentar,0,Sem indício cadastral crítico,FOUND,ATIVA,4,46,50282.26,64195.130784,109861.24089764054,-0.1266,Comportamento esperado
556,178943,Marcos Soares,UNIÃO,RJ,Alimentação,Fornecimento De Alimentação Do Parlamentar,1,Situação cadastral não ativa: BAIXADA,FOUND,BAIXADA,9,10,545.64,5314.154545,11413.915891543053,-0.4178,Fornecedor com CNPJ suspeito
281,178871,Evair Vieira De Melo,PP,ES,Locomoção,Locação Ou Fretamento De Veículos Automotores,0,Sem indício cadastral crítico,FOUND,ATIVA,2,30,119393.00,171214.090476,129265.73835992759,-0.4009,Comportamento esperado
848,74283,Vicentinho,PT,SP,Outros,Manutenção De Escritório De Apoio À Atividade Parlamentar,1,Erro na consulta pública de CNPJ,ERROR,,1,9,1458.76,98538.487659,143509.98800071477,-0.6765,Fornecedor com CNPJ suspeito
140,220665,Clarissa Tércio,PP,PE,Alimentação,Fornecimento De Alimentação Do Parlamentar,0,Sem indício cadastral crítico,FOUND,ATIVA,10,31,2447.93,3487.092941,8073.709935566787,-0.1287,Comportamento esperado
734,220694,Ricardo Maia,MDB,BA,Locomoção,Locação Ou Fretamento De Veículos Automotores,0,Sem indício cadastral crítico,FOUND,ATIVA,1,36,244950.00,292409.611930,213979.496522466,-0.2218,Comportamento esperado
70,204414,Aroldo Martins,REPUBLICANOS,PR,Viagens,Passagem Aérea - Sigepa,,,,,0,74,80622.41,173223.575536,125997.34942419773,-0.7349,Comportamento esperado
545,179000,Marcelo Álvaro Antônio,PL,MG,Publicidade,Divulgação Da Atividade Parlamentar.,1,Situação cadastral não ativa: BAIXADA,FOUND,BAIXADA,3,35,271450.00,194891.353020,276881.75990132586,0.2765,Fornecedor com CNPJ suspeito
163,141411,Dagoberto Nogueira,PSDB,MS,Outros,Manutenção De Escritório De Apoio À Atividade Parlamentar,0,Documento não consultado por não ser CNPJ,NOT_APPLICABLE,,1,12,54245.63,74966.746667,80602.5088063342,-0.2571,Comportamento esperado
93,160538,Bohn Gass,PT,RS,Publicidade,Assinatura De Publicações,0,Sem indício cadastral crítico,FOUND,ATIVA,5,16,14382.56,4387.790000,5356.19612339018,1.866,Comportamento esperado
737,178920,Ricardo Teobaldo,PODE,PE,Locomoção,Locação Ou Fretamento De Veículos Automotores,0,Sem indício cadastral crítico,FOUND,ATIVA,2,26,162500.00,220869.240392,185976.71020526288,-0.3139,Comportamento esperado
785,220618,Sargento Portugal,PODE,RJ,Outros,Manutenção De Escritório De Apoio À Atividade Parlamentar,0,Sem indício cadastral crítico,FOUND,ATIVA,12,114,94474.04,80988.593819,134414.71100556676,0.1003,Comportamento esperado
865,74044,Wilson Santiago,REPUBLICANOS,PB,Alimentação,Fornecimento De Alimentação Do Parlamentar,1,Situação cadastral não ativa: BAIXADA,FOUND,BAIXADA,2,5,296.54,1884.650000,4639.955468391323,-0.3423,Fornecedor com CNPJ suspeito
43,204545,Alê Silva,REPUBLICANOS,MG,Locomoção,Locação Ou Fretamento De Veículos Automotores,0,Sem indício cadastral crítico,FOUND,ATIVA,3,18,45426.72,199358.988889,190617.58878325575,-0.8075,Comportamento esperado
112,213762,Carla Dickson,UNIÃO,RN,Viagens,Passagem Aérea - Sigepa,,,,,0,73,102488.67,162797.373750,139730.51949096413,-0.4316,Comportamento esperado
185,220659,Dayany Bittencourt,UNIÃO,CE,Hotéis,"Hospedagem ,exceto Do Parlamentar No Distrito Federal.",0,Sem indício cadastral crítico,FOUND,ATIVA,17,23,38225.34,14861.399063,17345.750222182687,1.347,Comportamento esperado
842,74376,Vander Loubet,PT,MS,Viagens,Passagem Aérea - Reembolso,0,Sem indício cadastral crítico,FOUND,ATIVA,1,2,2084.38,14452.730000,23720.341588104926,-0.5214,Comportamento esperado
399,220527,Jack Rocha,PT,ES,Outros,"Serviço De Táxi, Pedágio E Estacionamento",1,Situação cadastral não ativa: BAIXADA,FOUND,BAIXADA,1,2,36.98,4193.280000,4516.28138620702,-0.9203,Fornecedor com CNPJ suspeito
428,204472,José Medeiros,PL,MT,Hotéis,"Hospedagem ,exceto Do Parlamentar No Distrito Federal.",1,Situação cadastral não ativa: BAIXADA,FOUND,BAIXADA,1,1,680.00,20380.542308,35609.06873470771,-0.5532,Fornecedor com CNPJ suspeito
159,204370,Célio Moura,PT,TO,Outros,Manutenção De Escritório De Apoio À Atividade Parlamentar,1,Erro na consulta pública de CNPJ,ERROR,,1,9,2016.00,60332.404118,100110.53801139936,-0.5825,Fornecedor com CNPJ suspeito
467,74856,Laura Carneiro,PSD,RJ,Alimentação,Fornecimento De Alimentação Do Parlamentar,1,Situação cadastral não ativa: BAIXADA,FOUND,BAIXADA,5,6,507.10,5314.154545,11413.915891543053,-0.4212,Fornecedor com CNPJ suspeito
808,92776,Stefano Aguiar,PSD,MG,Outros,"Serviço De Táxi, Pedágio E Estacionamento",1,Situação cadastral não ativa: BAIXADA,FOUND,BAIXADA,2,2,67.00,5572.245385,10370.293242628488,-0.5309,Fornecedor com CNPJ suspeito
796,74356,Silas Câmara,REPUBLICANOS,AM,Serviços profissionais,"Consultorias, Pesquisas E Trabalhos Técnicos.",1,Situação cadastral não ativa: BAIXADA,FOUND,BAIXADA,1,5,146300.00,49181.950000,43491.54703575003,2.233,Possível anomalia com fornecedor suspeito
634,73463,Osmar Serraglio,PP,PR,Alimentação,Fornecimento De Alimentação Do Parlamentar,0,Sem indício cadastral crítico,FOUND,ATIVA,63,112,4672.16,4173.948542,8441.04850518495,0.059,Comportamento esperado
830,204519,Tiago Mitraud,NOVO,MG,Combustível,Combustíveis E Lubrificantes.,0,Sem indício cadastral crítico,FOUND,ATIVA,5,5,1438.90,65306.104375,92314.0005265802,-0.6918,Comportamento esperado
763,204525,Rosana Valle,PL,SP,Combustível,Combustíveis E Lubrificantes.,0,Sem indício cadastral crítico,FOUND,ATIVA,151,1185,185244.47,42192.750821,64034.19773844777,2.234,Possível anomalia financeira
688,73943,Perpétua Almeida,PCDOB,AC,Outros,"Serviço De Táxi, Pedágio E Estacionamento",0,Sem indício cadastral crítico,FOUND,ATIVA,4,26,1590.55,1201.947143,2347.5245824464705,0.1655,Comportamento esperado
326,220708,Gabriel Nunes,PSD,BA,Alimentação,Fornecimento De Alimentação Do Parlamentar,0,Sem indício cadastral crítico,FOUND,ATIVA,4,8,841.83,5334.958511,10548.888785765435,-0.4259,Comportamento esperado
627,66179,Norma Ayub,PP,ES,Viagens,Passagem Aérea - Rpa,0,Sem indício cadastral crítico,FOUND,ATIVA,1,8,5626.97,13452.752000,24537.48964332959,-0.3189,Comportamento esperado
154,220608,Cristiane Lopes,PODE,RO,Viagens,Passagem Aérea - Sigepa,,,,,0,239,193305.37,146544.061250,69636.83718620405,0.6715,Comportamento esperado
496,178931,Luciano Ducci,PSB,PR,Viagens,Passagem Aérea - Sigepa,,,,,0,391,365745.53,173223.575536,125997.34942419773,1.528,Comportamento esperado
811,73808,Sérgio Brito,PSD,BA,Outros,Manutenção De Escritório De Apoio À Atividade Parlamentar,0,Sem indício cadastral crítico,FOUND,ATIVA,7,60,87870.64,98257.521290,134321.8726415135,-0.0773,Comportamento esperado
499,178954,Lucio Mosquini,PL,RO,Viagens,Passagem Aérea - Sigepa,,,,,0,218,178209.70,146544.061250,69636.83718620405,0.4547,Comportamento esperado
273,132504,Enio Verri,PT,PR,Serviços profissionais,"Consultorias, Pesquisas E Trabalhos Técnicos.",0,Sem indício cadastral crítico,FOUND,ATIVA,1,2,8000.00,58752.690645,58141.82428785019,-0.8729,Comportamento esperado
519,178866,Luizianne Lins,PT,CE,Outros,Manutenção De Escritório De Apoio À Atividade Parlamentar,0,Sem indício cadastral crítico,FOUND,ATIVA,6,20,59796.53,68348.775082,105244.60317209057,-0.0813,Comportamento esperado
397,220696,Ivoneide Caetano,PT,BA,Publicidade,Divulgação Da Atividade Parlamentar.,0,Sem indício cadastral crítico,FOUND,ATIVA,9,76,598286.33,317318.910361,328157.1355142384,0.8562,Comportamento esperado
449,74253,Julio Lopes,PP,RJ,Publicidade,Divulgação Da Atividade Parlamentar.,1,Situação cadastral não ativa: BAIXADA,FOUND,BAIXADA,2,6,9300.00,226781.355120,259582.44863584734,-0.8378,Fornecedor com CNPJ suspeito
130,204504,Cezinha De Madureira,PL,SP,Outros,Manutenção De Escritório De Apoio À Atividade Parlamentar,0,Sem indício cadastral crítico,FOUND,ATIVA,11,60,86824.23,98538.487659,143509.98800071477,-0.0816,Comportamento esperado
421,209189,Joseildo Ramos,PT,BA,Locomoção,Locação Ou Fretamento De Veículos Automotores,0,Sem indício cadastral crítico,FOUND,ATIVA,4,63,500048.22,292409.611930,213979.496522466,0.9704,Comportamento esperado
242,220540,Duda Ramos,PODE,RR,Viagens,Passagem Aérea - Reembolso,0,Sem indício cadastral crítico,FOUND,ATIVA,4,10,32581.09,23419.147778,50067.63598784218,0.183,Comportamento esperado
527,166402,Magda Mofatto,PL,GO,Publicidade,Assinatura De Publicações,0,Sem indício cadastral crítico,FOUND,ATIVA,1,4,3103.20,1246.820000,1176.5228438071229,1.5779,Comportamento esperado
798,220579,Silvia Waiãpi,PL,AP,Locomoção,Locação Ou Fretamento De Veículos Automotores,0,Sem indício cadastral crítico,FOUND,ATIVA,4,63,278292.65,118873.802381,121389.286590239,1.3133,Comportamento esperado
878,160632,Zé Silva,UNIÃO,MG,Publicidade,Divulgação Da Atividade Parlamentar.,1,Situação cadastral não ativa: INAPTA,FOUND,INAPTA,1,14,56000.00,194891.353020,276881.75990132586,-0.5016,Fornecedor com CNPJ suspeito
422,220578,Josenildo,PDT,AP,Comunicação,Telefonia,0,Sem indício cadastral crítico,FOUND,ATIVA,1,21,4983.51,4978.914286,4084.738765910076,0.0011,Comportamento esperado
748,230767,Rodrigo Da Zaeli,PL,MT,Locomoção,Locação Ou Fretamento De Veículos Automotores,0,Sem indício cadastral crítico,FOUND,ATIVA,1,24,98890.00,134358.602609,119146.49353274485,-0.2977,Comportamento esperado
163,141411,Dagoberto Nogueira,PP,MS,Outros,Manutenção De Escritório De Apoio À Atividade Parlamentar,0,Documento não consultado por não ser CNPJ,NOT_APPLICABLE,,1,38,185304.86,74966.746667,80602.5088063342,1.3689,Comportamento esperado
746,204530,Rodrigo Agostinho,PSB,SP,Hotéis,"Hospedagem ,exceto Do Parlamentar No Distrito Federal.",0,Sem indício cadastral crítico,FOUND,ATIVA,3,6,4616.46,10014.789189,11435.329101648113,-0.4721,Comportamento esperado
778,233598,Samuel Santos,PODE,GO,Publicidade,Divulgação Da Atividade Parlamentar.,0,Sem indício cadastral crítico,FOUND,ATIVA,1,5,80080.00,294423.402917,352090.0693215526,-0.6088,Comportamento esperado
749,141531,Rodrigo De Castro,UNIÃO,MG,Viagens,Passagem Aérea - Reembolso,0,Sem indício cadastral crítico,FOUND,ATIVA,3,13,18819.74,7020.191961,10297.188894597206,1.1459,Comportamento esperado
662,160558,Paulo Freire Costa,PL,SP,Serviços profissionais,"Consultorias, Pesquisas E Trabalhos Técnicos.",1,Situação cadastral não ativa: BAIXADA,FOUND,BAIXADA,1,1,8500.00,42478.291429,47664.49520078613,-0.7129,Fornecedor com CNPJ suspeito
556,178943,Marcos Soares,UNIÃO,RJ,Viagens,Passagem Aérea - Sigepa,,,,,0,107,85519.47,213577.740357,175550.75566941444,-0.7295,Comportamento esperado
164,220555,Daiana Santos,PCDOB,RS,Outros,Manutenção De Escritório De Apoio À Atividade Parlamentar,1,Erro na consulta pública de CNPJ,ERROR,,1,69,12847.28,109428.142500,149558.61424927576,-0.6458,Fornecedor com CNPJ suspeito
435,141458,João Carlos Bacelar,PL,BA,Combustível,Combustíveis E Lubrificantes.,0,Sem indício cadastral crítico,FOUND,ATIVA,112,368,345813.81,76280.976842,110667.4963849575,2.4355,Possível anomalia financeira
418,178857,Jorge Solla,PT,BA,Alimentação,Fornecimento De Alimentação Do Parlamentar,0,Sem indício cadastral crítico,FOUND,ATIVA,198,840,37482.95,5334.958511,10548.888785765435,3.0475,Anomalia financeira extrema
750,223128,Rodrigo Estacho,PSD,PR,Viagens,Passagem Aérea - Sigepa,,,,,0,281,250141.58,173223.575536,125997.34942419773,0.6105,Comportamento esperado
450,204457,Juninho Do Pneu,UNIÃO,RJ,Publicidade,Divulgação Da Atividade Parlamentar.,0,Sem indício cadastral crítico,FOUND,ATIVA,2,12,141785.00,226781.355120,259582.44863584734,-0.3274,Comportamento esperado
756,204480,Rogério Correia,PT,MG,Publicidade,Divulgação Da Atividade Parlamentar.,1,Situação cadastral não ativa: BAIXADA,FOUND,BAIXADA,5,17,67394.00,194891.353020,276881.75990132586,-0.4605,Fornecedor com CNPJ suspeito
396,73531,Ivan Valente,PSOL,SP,Outros,Manutenção De Escritório De Apoio À Atividade Parlamentar,1,Erro na consulta pública de CNPJ,ERROR,,1,8,583.92,98538.487659,143509.98800071477,-0.6826,Fornecedor com CNPJ suspeito
356,198197,Greyce Elias,AVANTE,MG,Combustível,Combustíveis E Lubrificantes.,1,Situação cadastral não ativa: BAIXADA,FOUND,BAIXADA,2,3,785.89,65306.104375,92314.0005265802,-0.6989,Fornecedor com CNPJ suspeito
475,122195,Leonardo Gadelha,PSC,PB,Publicidade,Divulgação Da Atividade Parlamentar.,1,Situação cadastral não ativa: BAIXADA,FOUND,BAIXADA,2,8,28250.00,324815.111538,407718.48875224456,-0.7274,Fornecedor com CNPJ suspeito
601,220687,Márcio Honaiser,SOLIDARIEDADE,MA,Viagens,Passagem Aérea - Reembolso,0,Sem indício cadastral crítico,FOUND,ATIVA,4,47,51473.40,10441.916667,13512.988376850404,3.0364,Anomalia financeira extrema
427,141470,José Guimarães,PT,CE,Viagens,Passagem Aérea - Rpa,0,Sem indício cadastral crítico,FOUND,ATIVA,2,13,14172.07,32586.001200,51600.505956913454,-0.3569,Comportamento esperado
591,154178,Milton Vieira,REPUBLICANOS,SP,Locomoção,Locação Ou Fretamento De Veículos Automotores,0,Sem indício cadastral crítico,FOUND,ATIVA,2,32,165273.00,147254.510948,139673.23431152088,0.129,Comportamento esperado
162,204355,Da Vitoria,PP,ES,Outros,Manutenção De Escritório De Apoio À Atividade Parlamentar,0,Documento não consultado por não ser CNPJ,NOT_APPLICABLE,,1,36,54600.59,101936.796563,164857.25422120074,-0.2871,Comportamento esperado
519,178866,Luizianne Lins,REDE,CE,Alimentação,Fornecimento De Alimentação Do Parlamentar,1,Situação cadastral não ativa: BAIXADA,FOUND,BAIXADA,7,14,1038.45,4778.337742,9185.089924635726,-0.4072,Fornecedor com CNPJ suspeito
347,160673,Giovani Cherini,PL,RS,Comunicação,Telefonia,0,Sem indício cadastral crítico,FOUND,ATIVA,2,138,53949.50,19321.830435,18898.364290143905,1.8323,Comportamento esperado
624,178986,Nilto Tatto,PT,SP,Outros,Manutenção De Escritório De Apoio À Atividade Parlamentar,1,Erro na consulta pública de CNPJ,ERROR,,1,41,14624.74,98538.487659,143509.98800071477,-0.5847,Fornecedor com CNPJ suspeito
700,204565,Professora Dayane Pimentel,UNIÃO,BA,Outros,Serviços Postais,0,Sem indício cadastral crítico,FOUND,ATIVA,1,1,1242.81,1465.597500,2527.93213294582,-0.0881,Comportamento esperado
763,204525,Rosana Valle,PL,SP,Alimentação,Fornecimento De Alimentação Do Parlamentar,1,Erro na consulta pública de CNPJ,ERROR,,1,4,959.92,3366.001170,5609.697337170304,-0.4289,Fornecedor com CNPJ suspeito
306,225727,Flavinha,MDB,MT,Hotéis,"Hospedagem ,exceto Do Parlamentar No Distrito Federal.",0,Sem indício cadastral crítico,FOUND,ATIVA,1,3,1141.30,20380.542308,35609.06873470771,-0.5403,Comportamento esperado
644,230762,Pastor Claudio Mariano,UNIÃO,PA,Combustível,Combustíveis E Lubrificantes.,1,Situação cadastral não ativa: BAIXADA,FOUND,BAIXADA,1,2,820.33,39488.928400,62234.56368268833,-0.6213,Fornecedor com CNPJ suspeito
169,220571,Daniel Agrobom,PSD,GO,Publicidade,Divulgação Da Atividade Parlamentar.,1,Situação cadastral não ativa: BAIXADA,FOUND,BAIXADA,1,19,125000.00,294423.402917,352090.0693215526,-0.4812,Fornecedor com CNPJ suspeito
40,226708,Allan Garcês,PP,MA,Outros,Manutenção De Escritório De Apoio À Atividade Parlamentar,0,Documento não consultado por não ser CNPJ,NOT_APPLICABLE,,1,3,9000.00,64195.130784,109861.24089764054,-0.5024,Comportamento esperado
253,178977,Eduardo Cury,PSDB,SP,Locomoção,Locação Ou Fretamento De Veículos Automotores,0,Sem indício cadastral crítico,FOUND,ATIVA,1,26,107550.00,147254.510948,139673.23431152088,-0.2843,Comportamento esperado
579,220609,Maurício Carvalho,UNIÃO,RO,Viagens,Passagem Aérea - Reembolso,0,Sem indício cadastral crítico,FOUND,ATIVA,1,3,9333.26,7101.265556,5024.360135719054,0.4442,Comportamento esperado
334,178966,Geovania De Sá,PSDB,SC,Comunicação,Telefonia,0,Sem indício cadastral crítico,FOUND,ATIVA,1,26,5471.80,7776.667391,7284.093764458291,-0.3164,Comportamento esperado
655,220627,Paulinho Freire,UNIÃO,RN,Viagens,Passagem Aérea - Rpa,0,Sem indício cadastral crítico,FOUND,ATIVA,2,7,5920.94,25061.406250,42423.5801004761,-0.4512,Comportamento esperado
394,204436,Isnaldo Bulhões Jr.,MDB,AL,Outros,"Serviço De Táxi, Pedágio E Estacionamento",0,Sem indício cadastral crítico,FOUND,ATIVA,1,4,4279.00,1936.338000,1628.915374572909,1.4382,Comportamento esperado
864,224333,Welter,PT,PR,Outros,Aquisição De Tokens E Certificados Digitais,0,Sem indício cadastral crítico,FOUND,ATIVA,1,1,440.78,398.560000,36.65240510525877,1.1519,Comportamento esperado
264,220008,Eliza Virgínia,PP,PB,Serviços profissionais,"Consultorias, Pesquisas E Trabalhos Técnicos.",0,Sem indício cadastral crítico,FOUND,ATIVA,1,3,30000.00,52901.666667,54299.06776921737,-0.4218,Comportamento esperado
357,204513,Guiga Peixoto,PSC,SP,Outros,Manutenção De Escritório De Apoio À Atividade Parlamentar,0,Documento não consultado por não ser CNPJ,NOT_APPLICABLE,,1,12,28380.00,98538.487659,143509.98800071477,-0.4889,Comportamento esperado
88,207176,Bia Cavassa,PSDB,MS,Comunicação,Telefonia,1,Situação cadastral não ativa: BAIXADA,FOUND,BAIXADA,1,1,192.11,12463.390000,16925.10623218233,-0.725,Fornecedor com CNPJ suspeito
105,204572,Capitão Alberto Neto,PL,AM,Locomoção,Locação Ou Fretamento De Veículos Automotores,0,Sem indício cadastral crítico,FOUND,ATIVA,2,27,324375.00,152696.895000,125499.30922769064,1.368,Comportamento esperado
688,73943,Perpétua Almeida,PCDOB,AC,Publicidade,Divulgação Da Atividade Parlamentar.,0,Sem indício cadastral crítico,FOUND,ATIVA,16,53,168812.15,295132.464706,394989.3569390969,-0.3198,Comportamento esperado
732,204362,Ricardo Guidi,PL,SC,Alimentação,Fornecimento De Alimentação Do Parlamentar,0,Sem indício cadastral crítico,FOUND,ATIVA,162,297,22772.20,5345.501750,9873.801589562949,1.7649,Comportamento esperado
514,204455,Luiz Lima,NOVO,RJ,Combustível,Combustíveis E Lubrificantes.,0,Sem indício cadastral crítico,FOUND,ATIVA,128,478,120271.36,44023.319398,62812.667137756165,1.2139,Comportamento esperado
784,220621,Sargento Gonçalves,PL,RN,Publicidade,Divulgação Da Atividade Parlamentar.,0,Sem indício cadastral crítico,FOUND,ATIVA,23,177,741100.00,246483.533462,299233.5953313259,1.6529,Comportamento esperado
612,204449,Nelson Barbudo,PODE,MT,Viagens,Passagem Aérea - Sigepa,,,,,0,75,85973.74,116334.207895,92091.32039496631,-0.3297,Comportamento esperado
710,220626,Rafael Simoes,UNIÃO,MG,Locomoção,Locação Ou Fretamento De Veículos Automotores,0,Sem indício cadastral crítico,FOUND,ATIVA,1,72,206281.99,199358.988889,190617.58878325575,0.0363,Comportamento esperado
273,132504,Enio Verri,PT,PR,Viagens,Passagem Aérea - Reembolso,0,Sem indício cadastral crítico,FOUND,ATIVA,2,2,2938.56,17801.644063,39455.64199846602,-0.3767,Comportamento esperado
697,204390,Professor Alcides,PL,GO,Locomoção,Locação Ou Fretamento De Veículos Automotores,0,Sem indício cadastral crítico,FOUND,ATIVA,1,12,143880.00,189142.637500,142661.57624064668,-0.3173,Comportamento esperado
374,220672,Henderson Pinto,UNIÃO,PA,Combustível,Combustíveis E Lubrificantes.,1,Situação cadastral não ativa: BAIXADA,FOUND,BAIXADA,1,3,660.01,39488.928400,62234.56368268833,-0.6239,Fornecedor com CNPJ suspeito
324,160666,Félix Mendonça Júnior,PDT,BA,Outros,Manutenção De Escritório De Apoio À Atividade Parlamentar,0,Documento não consultado por não ser CNPJ,NOT_APPLICABLE,,2,40,170070.34,98257.521290,134321.8726415135,0.5346,Comportamento esperado
101,93083,Cacá Leão,PP,BA,Outros,"Serviço De Táxi, Pedágio E Estacionamento",1,Situação cadastral não ativa: BAIXADA,FOUND,BAIXADA,1,11,10260.00,7947.726552,12451.86965129915,0.1857,Fornecedor com CNPJ suspeito
863,74043,Wellington Roberto,PL,PB,Publicidade,Divulgação Da Atividade Parlamentar.,0,Sem indício cadastral crítico,FOUND,ATIVA,2,5,148000.10,324815.111538,407718.48875224456,-0.4337,Comportamento esperado
230,204439,Dr. Leonardo,REPUBLICANOS,MT,Outros,"Serviço De Táxi, Pedágio E Estacionamento",0,Sem indício cadastral crítico,FOUND,ATIVA,6,18,187.60,3540.579286,11648.42981256765,-0.2878,Comportamento esperado
443,220559,Julia Zanatta,PL,SC,Publicidade,Divulgação Da Atividade Parlamentar.,1,Situação cadastral não ativa: BAIXADA,FOUND,BAIXADA,3,23,67970.00,148561.773265,217765.15459275612,-0.3701,Fornecedor com CNPJ suspeito
224,220610,Dr. Fernando Máximo,PL,RO,Combustível,Combustíveis E Lubrificantes.,1,Situação cadastral não ativa: BAIXADA,FOUND,BAIXADA,4,4,1123.25,64922.175357,86632.41303886044,-0.7364,Fornecedor com CNPJ suspeito
502,204381,Luis Miranda,REPUBLICANOS,DF,Locomoção,Locação Ou Fretamento De Veículos Automotores,0,Sem indício cadastral crítico,FOUND,ATIVA,3,15,60165.53,118149.428125,89877.33858167462,-0.6451,Comportamento esperado
763,204525,Rosana Valle,PL,SP,Outros,Manutenção De Escritório De Apoio À Atividade Parlamentar,1,Erro na consulta pública de CNPJ,ERROR,,1,8,2089.82,98538.487659,143509.98800071477,-0.6721,Fornecedor com CNPJ suspeito
470,220600,Lebrão,UNIÃO,RO,Outros,"Serviço De Táxi, Pedágio E Estacionamento",1,Situação cadastral não ativa: BAIXADA,FOUND,BAIXADA,1,3,150.00,1932.761250,3462.107549787877,-0.5149,Fornecedor com CNPJ suspeito
105,204572,Capitão Alberto Neto,PL,AM,Viagens,Passagem Aérea - Rpa,0,Sem indício cadastral crítico,FOUND,ATIVA,2,2,1364.47,88728.821429,197712.15903932907,-0.4419,Comportamento esperado
738,220693,Roberta Roma,PL,BA,Combustível,Combustíveis E Lubrificantes.,1,CNPJ não encontrado na API pública,NOT_FOUND,,1,1,200.01,76280.976842,110667.4963849575,-0.6875,Fornecedor com CNPJ suspeito
388,204533,Idilvan Alencar,PDT,CE,Combustível,Combustíveis E Lubrificantes.,0,Sem indício cadastral crítico,FOUND,ATIVA,80,189,51517.72,41977.960833,76764.60304100714,0.1243,Comportamento esperado
333,204527,Geninho Zuliani,UNIÃO,SP,Outros,Serviços Postais,0,Sem indício cadastral crítico,FOUND,ATIVA,1,4,288.80,1015.584878,1403.5425598127083,-0.5178,Comportamento esperado
598,179001,Márcio Biolchi,MDB,RS,Alimentação,Fornecimento De Alimentação Do Parlamentar,0,Sem indício cadastral crítico,FOUND,ATIVA,175,508,44395.31,7368.085075,13657.337051272762,2.7112,Possível anomalia financeira
369,178964,Heitor Schuch,PSD,RS,Viagens,Passagem Aérea - Rpa,0,Sem indício cadastral crítico,FOUND,ATIVA,3,36,41376.60,23263.014545,27193.710295909314,0.6661,Comportamento esperado
84,204358,Beto Pereira,REPUBLICANOS,MS,Combustível,Combustíveis E Lubrificantes.,0,Sem indício cadastral crítico,FOUND,ATIVA,7,62,217602.45,73790.692609,89494.27774679432,1.6069,Comportamento esperado
225,220688,Dr. Francisco,PT,PI,Outros,Manutenção De Escritório De Apoio À Atividade Parlamentar,0,Sem indício cadastral crítico,FOUND,ATIVA,15,178,243210.95,64892.367419,74159.10998309037,2.4045,Possível anomalia financeira
652,74160,Patrus Ananias,PT,MG,Outros,Manutenção De Escritório De Apoio À Atividade Parlamentar,1,Situação cadastral não ativa: BAIXADA,FOUND,BAIXADA,2,3,2583.90,123562.947566,162703.54342443834,-0.7436,Fornecedor com CNPJ suspeito
377,178981,Herculano Passos,REPUBLICANOS,SP,Viagens,Passagem Aérea - Sigepa,,,,,0,74,62158.31,185430.171967,136227.76556134285,-0.9049,Comportamento esperado
184,204511,David Soares,UNIÃO,SP,Comunicação,Telefonia,0,Sem indício cadastral crítico,FOUND,ATIVA,3,17,14897.64,19889.940211,25751.500071775903,-0.1939,Comportamento esperado
85,220698,Beto Preto,PSD,PR,Viagens,Passagem Aérea - Sigepa,,,,,0,92,131673.56,173223.575536,125997.34942419773,-0.3298,Comportamento esperado
1,220593,Abilio Brunini,PL,MT,Outros,Manutenção De Escritório De Apoio À Atividade Parlamentar,0,Sem indício cadastral crítico,FOUND,ATIVA,14,96,153736.82,55063.669706,75019.05976556618,1.3153,Comportamento esperado
20,220538,Albuquerque,REPUBLICANOS,RR,Outros,Manutenção De Escritório De Apoio À Atividade Parlamentar,0,Sem indício cadastral crítico,FOUND,ATIVA,1,6,4510.80,80921.562903,170825.55022261123,-0.4473,Comportamento esperado
862,160518,Weliton Prado,PROS,MG,Combustível,Combustíveis E Lubrificantes.,0,Sem indício cadastral crítico,FOUND,ATIVA,11,24,5588.16,65306.104375,92314.0005265802,-0.6469,Comportamento esperado
472,231911,Lenir De Assis,PT,PR,Locomoção,Locação Ou Fretamento De Veículos Automotores,0,Sem indício cadastral crítico,FOUND,ATIVA,6,14,38857.84,113439.957419,130977.93601797776,-0.5694,Comportamento esperado
863,74043,Wellington Roberto,PSD,PB,Hotéis,"Hospedagem ,exceto Do Parlamentar No Distrito Federal.",0,Sem indício cadastral crítico,FOUND,ATIVA,2,6,6891.16,9643.162222,20671.000404330745,-0.1331,Comportamento esperado
107,178829,Capitão Augusto,PL,SP,Hotéis,"Hospedagem ,exceto Do Parlamentar No Distrito Federal.",0,Sem indício cadastral crítico,FOUND,ATIVA,17,22,10898.22,10014.789189,11435.329101648113,0.0773,Comportamento esperado
590,92172,Milton Coelho,PSB,PE,Alimentação,Fornecimento De Alimentação Do Parlamentar,0,Sem indício cadastral crítico,FOUND,ATIVA,1,1,227.00,3487.092941,8073.709935566787,-0.4038,Comportamento esperado
695,89536,Prof. Paulo Fernando,REPUBLICANOS,DF,Publicidade,Divulgação Da Atividade Parlamentar.,1,Situação cadastral não ativa: BAIXADA,FOUND,BAIXADA,2,3,17000.00,274983.723704,375023.4293293225,-0.6879,Fornecedor com CNPJ suspeito
732,204362,Ricardo Guidi,PL,SC,Publicidade,Assinatura De Publicações,0,Sem indício cadastral crítico,FOUND,ATIVA,3,4,2362.00,1002.800000,856.1605048120359,1.5876,Comportamento esperado
66,220549,Any Ortiz,PP,RS,Alimentação,Fornecimento De Alimentação Do Parlamentar,0,Sem indício cadastral crítico,FOUND,ATIVA,3,4,274.95,7368.085075,13657.337051272762,-0.5194,Comportamento esperado
621,204479,Nicoletti,UNIÃO,RR,Publicidade,Divulgação Da Atividade Parlamentar.,1,Situação cadastral não ativa: BAIXADA,FOUND,BAIXADA,3,10,154650.00,302008.159333,364968.0243701814,-0.4038,Fornecedor com CNPJ suspeito
814,204534,Tabata Amaral,PSB,SP,Hotéis,"Hospedagem ,exceto Do Parlamentar No Distrito Federal.",0,Sem indício cadastral crítico,FOUND,ATIVA,6,8,23922.89,10014.789189,11435.329101648113,1.2162,Comportamento esperado
194,220583,Delegado Fabio Costa,PP,AL,Outros,Manutenção De Escritório De Apoio À Atividade Parlamentar,0,Sem indício cadastral crítico,FOUND,ATIVA,5,33,6226.67,55960.761000,68535.24676411308,-0.7257,Comportamento esperado
60,73696,Angela Amin,PP,SC,Combustível,Combustíveis E Lubrificantes.,0,Sem indício cadastral crítico,FOUND,ATIVA,9,34,49215.10,63943.250339,85631.6159933909,-0.172,Comportamento esperado
254,141421,Eduardo Da Fonte,PP,PE,Combustível,Combustíveis E Lubrificantes.,0,Sem indício cadastral crítico,FOUND,ATIVA,124,692,142271.51,53506.291935,82942.380015203,1.0702,Comportamento esperado
34,221148,Alfredinho,PT,SP,Publicidade,Divulgação Da Atividade Parlamentar.,0,Sem indício cadastral crítico,FOUND,ATIVA,6,44,906834.80,243741.226243,313657.1515008437,2.1141,Possível anomalia financeira
86,220683,Beto Richa,PSDB,PR,Combustível,Combustíveis E Lubrificantes.,0,Sem indício cadastral crítico,FOUND,ATIVA,208,761,173033.40,57944.345500,82353.4495793919,1.3975,Comportamento esperado
548,204522,Marco Bertaiolli,PSD,SP,Outros,Manutenção De Escritório De Apoio À Atividade Parlamentar,0,Sem indício cadastral crítico,FOUND,ATIVA,8,112,55973.99,98538.487659,143509.98800071477,-0.2966,Comportamento esperado
250,204541,Eduardo Bismarck,PV,CE,Outros,"Serviço De Táxi, Pedágio E Estacionamento",0,Sem indício cadastral crítico,FOUND,ATIVA,5,20,702.01,1553.572000,3462.198937126519,-0.246,Comportamento esperado
527,166402,Magda Mofatto,PL,GO,Publicidade,Divulgação Da Atividade Parlamentar.,0,Sem indício cadastral crítico,FOUND,ATIVA,3,45,404419.36,294423.402917,352090.0693215526,0.3124,Comportamento esperado
495,74478,Luciano Bivar,MDB,PE,Locomoção,Locação Ou Fretamento De Veículos Automotores,0,Sem indício cadastral crítico,FOUND,ATIVA,7,70,286114.85,220869.240392,185976.71020526288,0.3508,Comportamento esperado
330,204473,General Girão,PL,RN,Publicidade,Divulgação Da Atividade Parlamentar.,0,Sem indício cadastral crítico,FOUND,ATIVA,26,282,699778.92,246483.533462,299233.5953313259,1.5149,Comportamento esperado
700,204565,Professora Dayane Pimentel,UNIÃO,BA,Viagens,Passagem Aérea - Rpa,0,Sem indício cadastral crítico,FOUND,ATIVA,2,53,51409.89,31763.658913,54219.86604798766,0.3623,Comportamento esperado
518,74784,Luiza Erundina,PSOL,SP,Publicidade,Divulgação Da Atividade Parlamentar.,0,Sem indício cadastral crítico,FOUND,ATIVA,12,184,357434.74,243741.226243,313657.1515008437,0.3625,Comportamento esperado
783,204387,Sargento Fahur,PSD,PR,Outros,"Serviço De Táxi, Pedágio E Estacionamento",0,Sem indício cadastral crítico,FOUND,ATIVA,4,6,202.40,5713.999474,13397.131596894355,-0.4114,Comportamento esperado
693,160601,Pr. Marco Feliciano,PL,SP,Combustível,Combustíveis E Lubrificantes.,0,Sem indício cadastral crítico,FOUND,ATIVA,3,20,68344.33,42192.750821,64034.19773844777,0.4084,Comportamento esperado
865,74044,Wilson Santiago,REPUBLICANOS,PB,Combustível,Combustíveis E Lubrificantes.,1,Situação cadastral não ativa: BAIXADA,FOUND,BAIXADA,4,12,1965.00,61582.608974,85760.8839439169,-0.6952,Fornecedor com CNPJ suspeito
138,204440,Christino Aureo,PP,RJ,Outros,Manutenção De Escritório De Apoio À Atividade Parlamentar,0,Sem indício cadastral crítico,FOUND,ATIVA,3,3,1366.17,80988.593819,134414.71100556676,-0.5924,Comportamento esperado
714,141523,Raul Henry,MDB,PE,Combustível,Combustíveis E Lubrificantes.,0,Sem indício cadastral crítico,FOUND,ATIVA,21,47,12097.54,53506.291935,82942.380015203,-0.4992,Comportamento esperado
725,175765,Ribamar Silva,PODE,SP,Viagens,Passagem Aérea - Sigepa,,,,,0,61,63366.40,185430.171967,136227.76556134285,-0.896,Comportamento esperado
580,75431,Maurício Dziedricki,PODE,RS,Outros,"Serviço De Táxi, Pedágio E Estacionamento",0,Sem indício cadastral crítico,FOUND,ATIVA,18,210,1653.90,10192.084923,16137.89190584743,-0.5291,Comportamento esperado
898,,,,NA,Alimentação,Fornecimento De Alimentação Do Parlamentar,1,Situação cadastral não ativa: INAPTA,FOUND,INAPTA,1,1,375.00,76824.316875,122514.48277202321,-0.624,Fornecedor com CNPJ suspeito
229,204481,Dr. Jaziel,PL,CE,Serviços profissionais,"Consultorias, Pesquisas E Trabalhos Técnicos.",0,Sem indício cadastral crítico,FOUND,ATIVA,2,2,50000.00,67459.660000,60466.2251856053,-0.2888,Comportamento esperado
672,216544,Paulo Vicente Caleffi,PSD,RS,Combustível,Combustíveis E Lubrificantes.,1,Situação cadastral não ativa: BAIXADA,FOUND,BAIXADA,1,1,60.00,60520.148547,97388.05968907535,-0.6208,Fornecedor com CNPJ suspeito
583,74428,Mendonça Filho,PL,PE,Comunicação,Telefonia,0,Sem indício cadastral crítico,FOUND,ATIVA,1,3,1728.00,10941.974167,12252.099914667077,-0.752,Comportamento esperado
596,220617,Murillo Gouvea,PSDB,RJ,Hotéis,"Hospedagem ,exceto Do Parlamentar No Distrito Federal.",0,Sem indício cadastral crítico,FOUND,ATIVA,9,48,58697.52,13016.628636,21468.959145470457,2.1278,Possível anomalia financeira
231,204351,Dr. Luiz Ovando,PP,MS,Outros,Manutenção De Escritório De Apoio À Atividade Parlamentar,0,Sem indício cadastral crítico,FOUND,ATIVA,12,351,363672.65,74966.746667,80602.5088063342,3.5818,Anomalia financeira extrema
851,204483,Vilson Da Fetaemg,PSB,MG,Viagens,Passagem Aérea - Rpa,0,Sem indício cadastral crítico,FOUND,ATIVA,3,98,115960.37,40253.940526,63478.97879162227,1.1926,Comportamento esperado
130,204504,Cezinha De Madureira,PL,SP,Combustível,Combustíveis E Lubrificantes.,0,Sem indício cadastral crítico,FOUND,ATIVA,60,414,120371.88,42192.750821,64034.19773844777,1.2209,Comportamento esperado
426,141464,José Airton Félix Cirilo,PT,CE,Viagens,Passagem Aérea - Sigepa,,,,,0,377,541097.73,190828.457826,170630.5409255439,2.0528,Possível anomalia financeira
171,220582,Daniel Barbosa,PP,AL,Viagens,Passagem Aérea - Sigepa,,,,,0,96,160876.91,198077.580000,173709.55138656954,-0.2142,Comportamento esperado
68,73433,Arlindo Chinaglia,PT,SP,Comunicação,Telefonia,0,Sem indício cadastral crítico,FOUND,ATIVA,4,166,96264.64,19889.940211,25751.500071775903,2.9658,Possível anomalia financeira
230,204439,Dr. Leonardo,REPUBLICANOS,MT,Outros,Manutenção De Escritório De Apoio À Atividade Parlamentar,0,Sem indício cadastral crítico,FOUND,ATIVA,7,58,53962.06,55063.669706,75019.05976556618,-0.0147,Comportamento esperado
625,227660,Nitinho,PSD,SE,Publicidade,Divulgação Da Atividade Parlamentar.,0,Sem indício cadastral crítico,FOUND,ATIVA,3,13,193136.70,230946.483077,301200.1033422071,-0.1255,Comportamento esperado
235,204412,Dr. Zacharias Calil,MDB,GO,Publicidade,Divulgação Da Atividade Parlamentar.,0,Sem indício cadastral crítico,FOUND,ATIVA,3,57,524098.69,294423.402917,352090.0693215526,0.6523,Comportamento esperado
402,108338,Jaqueline Cassol,PP,RO,Outros,Manutenção De Escritório De Apoio À Atividade Parlamentar,0,Sem indício cadastral crítico,FOUND,ATIVA,7,50,31429.61,40149.183103,63678.43736701476,-0.1369,Comportamento esperado
262,204389,Elias Vaz,PSB,GO,Outros,"Serviço De Táxi, Pedágio E Estacionamento",0,Sem indício cadastral crítico,FOUND,ATIVA,1,55,1244.94,4054.328571,5832.390128543895,-0.4817,Comportamento esperado
196,220701,Delegado Matheus Laiola,UNIÃO,PR,Publicidade,Divulgação Da Atividade Parlamentar.,0,Sem indício cadastral crítico,FOUND,ATIVA,18,98,661182.33,263664.052022,329972.5348930845,1.2047,Comportamento esperado
279,204482,Euclydes Pettersen,PSC,MG,Viagens,Passagem Aérea - Reembolso,0,Sem indício cadastral crítico,FOUND,ATIVA,3,4,4244.40,7020.191961,10297.188894597206,-0.2696,Comportamento esperado
426,141464,José Airton Félix Cirilo,PT,CE,Outros,Manutenção De Escritório De Apoio À Atividade Parlamentar,0,Sem indício cadastral crítico,FOUND,ATIVA,6,66,157104.41,68348.775082,105244.60317209057,0.8433,Comportamento esperado
45,204356,Amaro Neto,PP,ES,Locomoção,Locação Ou Fretamento De Veículos Automotores,0,Sem indício cadastral crítico,FOUND,ATIVA,4,63,309336.42,171214.090476,129265.73835992759,1.0685,Comportamento esperado
65,220675,Antônio Doido,MDB,PA,Viagens,Passagem Aérea - Reembolso,0,Sem indício cadastral crítico,FOUND,ATIVA,2,2,4672.10,8897.662500,8393.75284614814,-0.5034,Comportamento esperado
883,123086,Átila Lira,PP,PI,Publicidade,Divulgação Da Atividade Parlamentar.,0,Sem indício cadastral crítico,FOUND,ATIVA,5,58,200856.04,255170.175556,326071.87108703476,-0.1666,Comportamento esperado
281,178871,Evair Vieira De Melo,PP,ES,Viagens,Passagem Aérea - Reembolso,0,Sem indício cadastral crítico,FOUND,ATIVA,5,7,9040.10,10428.191818,24247.266158601393,-0.0572,Comportamento esperado
193,220649,Delegado Da Cunha,UNIÃO,SP,Alimentação,Fornecimento De Alimentação Do Parlamentar,0,Sem indício cadastral crítico,FOUND,ATIVA,4,4,546.83,3366.001170,5609.697337170304,-0.5026,Comportamento esperado
842,74376,Vander Loubet,PT,MS,Combustível,Combustíveis E Lubrificantes.,0,Sem indício cadastral crítico,FOUND,ATIVA,219,659,140795.67,73790.692609,89494.27774679432,0.7487,Comportamento esperado
736,213274,Ricardo Silva,PSD,SP,Alimentação,Fornecimento De Alimentação Do Parlamentar,0,Sem indício cadastral crítico,FOUND,ATIVA,113,322,17188.90,3366.001170,5609.697337170304,2.4641,Possível anomalia financeira
196,220701,Delegado Matheus Laiola,UNIÃO,PR,Viagens,Passagem Aérea - Sigepa,,,,,0,113,124604.68,173223.575536,125997.34942419773,-0.3859,Comportamento esperado
724,73801,Renildo Calheiros,PCDOB,PE,Viagens,Passagem Aérea - Sigepa,,,,,0,214,288516.59,221741.150682,163177.94412569836,0.4092,Comportamento esperado
379,73772,Hermes Parcianello,MDB,PR,Combustível,Combustíveis E Lubrificantes.,0,Sem indício cadastral crítico,FOUND,ATIVA,74,137,40719.34,57944.345500,82353.4495793919,-0.2092,Comportamento esperado
648,220615,Pastor Henrique Vieira,PSOL,RJ,Comunicação,Telefonia,0,Sem indício cadastral crítico,FOUND,ATIVA,3,61,9273.98,11897.719661,18918.17939394703,-0.1387,Comportamento esperado
402,108338,Jaqueline Cassol,PP,RO,Publicidade,Divulgação Da Atividade Parlamentar.,0,Sem indício cadastral crítico,FOUND,ATIVA,34,85,303201.81,289552.191071,359934.1329827757,0.0379,Comportamento esperado
59,204515,André Janones,REDE,MG,Locomoção,Locação Ou Fretamento De Veículos Automotores,0,Sem indício cadastral crítico,FOUND,ATIVA,10,50,273112.65,199358.988889,190617.58878325575,0.3869,Comportamento esperado
765,220644,Rosangela Moro,PL,SP,Outros,"Serviço De Táxi, Pedágio E Estacionamento",0,Sem indício cadastral crítico,FOUND,ATIVA,17,63,1623.55,11967.060840,16796.655097373645,-0.6158,Comportamento esperado
158,206018,Célia Xakriabá,PSOL,MG,Outros,"Passagens Terrestres, Marítimas Ou Fluviais",0,Sem indício cadastral crítico,FOUND,ATIVA,22,123,26131.81,3858.240000,6358.142634643256,3.5032,Anomalia financeira extrema
447,66385,Julio Arcoverde,PP,PI,Locomoção,Locação Ou Fretamento De Veículos Automotores,0,Sem indício cadastral crítico,FOUND,ATIVA,2,36,430713.00,264114.661053,215307.58327079436,0.7738,Comportamento esperado
584,188097,Merlong Solano,PT,PI,Combustível,Combustíveis E Lubrificantes.,1,Situação cadastral não ativa: SUSPENSA,FOUND,SUSPENSA,1,1,299.28,73929.545357,101552.42380940972,-0.725,Fornecedor com CNPJ suspeito
673,171617,Paulão,PT,AL,Publicidade,Divulgação Da Atividade Parlamentar.,1,Situação cadastral não ativa: BAIXADA,FOUND,BAIXADA,2,12,24000.00,358459.172381,402499.84210100886,-0.831,Fornecedor com CNPJ suspeito
145,204376,Coronel Armando,PL,SC,Hotéis,"Hospedagem ,exceto Do Parlamentar No Distrito Federal.",0,Sem indício cadastral crítico,FOUND,ATIVA,23,42,10487.97,36695.958649,43528.74004922331,-0.6021,Comportamento esperado
82,109429,Benes Leocádio,UNIÃO,RN,Combustível,Combustíveis E Lubrificantes.,1,CNPJ não encontrado na API pública,NOT_FOUND,,1,1,200.00,51927.710333,76131.03428420173,-0.6795,Fornecedor com CNPJ suspeito
663,204461,Paulo Ganime,NOVO,RJ,Combustível,Combustíveis E Lubrificantes.,0,Sem indício cadastral crítico,FOUND,ATIVA,10,16,3078.89,44023.319398,62812.667137756165,-0.6518,Comportamento esperado
881,74090,Átila Lins,PSD,AM,Viagens,Passagem Aérea - Reembolso,1,Erro na consulta pública de CNPJ,ERROR,,1,5,87985.03,38248.147500,44487.57276603875,1.118,Fornecedor com CNPJ suspeito
245,228272,Délio Pinheiro,PDT,MG,Alimentação,Fornecimento De Alimentação Do Parlamentar,0,Sem indício cadastral crítico,FOUND,ATIVA,4,6,373.53,3421.773553,6721.942950865462,-0.4535,Comportamento esperado
780,204416,Sanderson,PL,RS,Combustível,Combustíveis E Lubrificantes.,1,Situação cadastral não ativa: BAIXADA,FOUND,BAIXADA,5,6,1603.43,60520.148547,97388.05968907535,-0.605,Fornecedor com CNPJ suspeito
73,160665,Augusto Coutinho,REPUBLICANOS,PE,Alimentação,Fornecimento De Alimentação Do Parlamentar,0,Sem indício cadastral crítico,FOUND,ATIVA,9,20,1688.69,3487.092941,8073.709935566787,-0.2227,Comportamento esperado
877,204559,Zé Neto,PT,BA,Outros,Manutenção De Escritório De Apoio À Atividade Parlamentar,0,Documento não consultado por não ser CNPJ,NOT_APPLICABLE,,2,15,70344.33,98257.521290,134321.8726415135,-0.2078,Comportamento esperado
205,220553,Denise Pessôa,PT,RS,Publicidade,Divulgação Da Atividade Parlamentar.,1,Situação cadastral não ativa: BAIXADA,FOUND,BAIXADA,2,11,21600.00,215724.063125,265101.600265673,-0.7323,Fornecedor com CNPJ suspeito
826,220597,Thiago Flores,UNIÃO,RO,Outros,Manutenção De Escritório De Apoio À Atividade Parlamentar,0,Documento não consultado por não ser CNPJ,NOT_APPLICABLE,,2,38,95150.00,40149.183103,63678.43736701476,0.8637,Comportamento esperado
331,220611,General Pazuello,PL,RJ,Alimentação,Fornecimento De Alimentação Do Parlamentar,1,Situação cadastral não ativa: BAIXADA,FOUND,BAIXADA,2,6,554.98,5314.154545,11413.915891543053,-0.417,Fornecedor com CNPJ suspeito
70,204414,Aroldo Martins,REPUBLICANOS,PR,Hotéis,"Hospedagem ,exceto Do Parlamentar No Distrito Federal.",0,Sem indício cadastral crítico,FOUND,ATIVA,12,24,8157.08,18419.328649,34024.43115299299,-0.3016,Comportamento esperado
707,233594,Rafael Fera,PODE,RO,Outros,"Serviço De Táxi, Pedágio E Estacionamento",0,Sem indício cadastral crítico,FOUND,ATIVA,10,94,4145.40,1932.761250,3462.107549787877,0.6391,Comportamento esperado
869,220660,Yury Do Paredão,MDB,CE,Alimentação,Fornecimento De Alimentação Do Parlamentar,0,Sem indício cadastral crítico,FOUND,ATIVA,1,2,154.21,4778.337742,9185.089924635726,-0.5034,Comportamento esperado
408,141456,Jilmar Tatto,PT,SP,Outros,Manutenção De Escritório De Apoio À Atividade Parlamentar,0,Sem indício cadastral crítico,FOUND,ATIVA,2,15,13083.27,98538.487659,143509.98800071477,-0.5955,Comportamento esperado
711,204567,Raimundo Costa,PSD,BA,Combustível,Combustíveis E Lubrificantes.,0,Sem indício cadastral crítico,FOUND,ATIVA,220,846,192528.38,76280.976842,110667.4963849575,1.0504,Comportamento esperado
456,73586,Júlio Delgado,PV,MG,Comunicação,Telefonia,0,Sem indício cadastral crítico,FOUND,ATIVA,4,37,9934.11,15607.667083,19082.29985422686,-0.2973,Comportamento esperado
31,220554,Alexandre Lindenmeyer,PT,RS,Outros,Manutenção De Escritório De Apoio À Atividade Parlamentar,0,Sem indício cadastral crítico,FOUND,ATIVA,21,241,248208.46,109428.142500,149558.61424927576,0.9279,Comportamento esperado
786,220713,Saullo Vianna,MDB,AM,Publicidade,Divulgação Da Atividade Parlamentar.,0,Sem indício cadastral crítico,FOUND,ATIVA,10,79,647436.60,309286.770000,323174.1425425514,1.0463,Comportamento esperado
138,204440,Christino Aureo,PP,RJ,Viagens,Passagem Aérea - Sigepa,,,,,0,74,90086.72,213577.740357,175550.75566941444,-0.7034,Comportamento esperado
149,220666,Coronel Meira,PL,PE,Alimentação,Fornecimento De Alimentação Do Parlamentar,0,Sem indício cadastral crítico,FOUND,ATIVA,30,98,8261.21,3487.092941,8073.709935566787,0.5913,Comportamento esperado
222,221339,Dr. Benjamim,UNIÃO,MA,Outros,Manutenção De Escritório De Apoio À Atividade Parlamentar,0,Documento não consultado por não ser CNPJ,NOT_APPLICABLE,,1,23,136073.19,64195.130784,109861.24089764054,0.6543,Comportamento esperado
774,73604,Rui Falcão,PT,SP,Comunicação,Telefonia,0,Sem indício cadastral crítico,FOUND,ATIVA,1,20,5876.72,19889.940211,25751.500071775903,-0.5442,Comportamento esperado
164,220555,Daiana Santos,PCDOB,RS,Outros,"Serviço De Táxi, Pedágio E Estacionamento",0,Sem indício cadastral crítico,FOUND,ATIVA,15,186,7338.40,10192.084923,16137.89190584743,-0.1768,Comportamento esperado
76,74646,Aécio Neves,PSDB,MG,Alimentação,Fornecimento De Alimentação Do Parlamentar,0,Sem indício cadastral crítico,FOUND,ATIVA,1,3,484.50,3421.773553,6721.942950865462,-0.437,Comportamento esperado
500,229082,Lucyana Genésio,PDT,MA,Combustível,Combustíveis E Lubrificantes.,0,Sem indício cadastral crítico,FOUND,ATIVA,25,43,36790.11,34895.172615,52384.05405357016,0.0362,Comportamento esperado
508,73778,Luiz Carlos Hauly,PODE,PR,Publicidade,Divulgação Da Atividade Parlamentar.,0,Sem indício cadastral crítico,FOUND,ATIVA,22,192,589574.00,263664.052022,329972.5348930845,0.9877,Comportamento esperado
359,204531,Guilherme Derrite,PL,SP,Outros,Manutenção De Escritório De Apoio À Atividade Parlamentar,0,Sem indício cadastral crítico,FOUND,ATIVA,8,97,76180.52,98538.487659,143509.98800071477,-0.1558,Comportamento esperado
673,171617,Paulão,PT,AL,Outros,Manutenção De Escritório De Apoio À Atividade Parlamentar,0,Documento não consultado por não ser CNPJ,NOT_APPLICABLE,,2,50,158900.00,55960.761000,68535.24676411308,1.502,Comportamento esperado
150,204514,Coronel Tadeu,PL,SP,Outros,Manutenção De Escritório De Apoio À Atividade Parlamentar,0,Sem indício cadastral crítico,FOUND,ATIVA,6,45,56742.45,98538.487659,143509.98800071477,-0.2912,Comportamento esperado
414,217480,Jones Moura,PSD,RJ,Locomoção,Locação Ou Fretamento De Veículos Automotores,1,Situação cadastral não ativa: BAIXADA,FOUND,BAIXADA,1,1,1146.04,162239.394390,163272.60476613723,-0.9867,Fornecedor com CNPJ suspeito
597,220584,Murilo Galdino,REPUBLICANOS,PB,Locomoção,Locação Ou Fretamento De Veículos Automotores,0,Sem indício cadastral crítico,FOUND,ATIVA,1,38,461500.00,197980.822174,165434.59936969794,1.5929,Comportamento esperado
115,204361,Carlos Chiodini,MDB,SC,Outros,Aquisição De Tokens E Certificados Digitais,0,Sem indício cadastral crítico,FOUND,ATIVA,1,1,220.00,220.827500,119.76610131836135,-0.0069,Comportamento esperado
718,205865,Reinhold Stephanes,PSD,PR,Combustível,Combustíveis E Lubrificantes.,0,Sem indício cadastral crítico,FOUND,ATIVA,14,17,5758.84,57944.345500,82353.4495793919,-0.6337,Comportamento esperado
488,204523,Lucas Gonzalez,NOVO,MG,Serviços profissionais,"Consultorias, Pesquisas E Trabalhos Técnicos.",0,Sem indício cadastral crítico,FOUND,ATIVA,1,13,55000.00,50370.301935,57079.85828457048,0.0811,Comportamento esperado
59,204515,André Janones,REDE,MG,Alimentação,Fornecimento De Alimentação Do Parlamentar,1,Situação cadastral não ativa: BAIXADA,FOUND,BAIXADA,3,14,679.59,3421.773553,6721.942950865462,-0.4079,Fornecedor com CNPJ suspeito
93,160538,Bohn Gass,PT,RS,Combustível,Combustíveis E Lubrificantes.,1,Situação cadastral não ativa: BAIXADA,FOUND,BAIXADA,7,15,3435.01,60520.148547,97388.05968907535,-0.5862,Fornecedor com CNPJ suspeito
678,178912,Pedro Cunha Lima,PSDB,PB,Combustível,Combustíveis E Lubrificantes.,0,Sem indício cadastral crítico,FOUND,ATIVA,14,26,8758.55,61582.608974,85760.8839439169,-0.6159,Comportamento esperado
309,160598,Flávia Morais,PDT,GO,Comunicação,Telefonia,0,Sem indício cadastral crítico,FOUND,ATIVA,1,12,24183.50,16840.076000,26049.85234640615,0.2819,Comportamento esperado
162,204355,Da Vitoria,PP,ES,Hotéis,"Hospedagem ,exceto Do Parlamentar No Distrito Federal.",0,Sem indício cadastral crítico,FOUND,ATIVA,3,4,3922.80,14136.593684,23816.6886480095,-0.4289,Comportamento esperado
413,160548,Jonas Donizette,PSB,SP,Hotéis,"Hospedagem ,exceto Do Parlamentar No Distrito Federal.",1,Erro na consulta pública de CNPJ,ERROR,,1,2,20975.40,10014.789189,11435.329101648113,0.9585,Fornecedor com CNPJ suspeito
593,229225,Missionária Michele Collins,PP,PE,Alimentação,Fornecimento De Alimentação Do Parlamentar,0,Sem indício cadastral crítico,FOUND,ATIVA,9,11,961.10,3487.092941,8073.709935566787,-0.3129,Comportamento esperado
836,178863,Uldurico Junior,MDB,BA,Publicidade,Divulgação Da Atividade Parlamentar.,1,Situação cadastral não ativa: INAPTA,FOUND,INAPTA,1,1,1000.00,317318.910361,328157.1355142384,-0.9639,Fornecedor com CNPJ suspeito
317,141428,Fábio Faria,PP,RN,Viagens,Passagem Aérea - Sigepa,,,,,0,2,1372.62,162797.373750,139730.51949096413,-1.1553,Comportamento esperado
451,204520,Junio Amaral,PL,MG,Outros,"Serviço De Táxi, Pedágio E Estacionamento",0,Documento não consultado por não ser CNPJ,NOT_APPLICABLE,,1,1,213.15,5572.245385,10370.293242628488,-0.5168,Comportamento esperado
711,204567,Raimundo Costa,PODE,BA,Combustível,Combustíveis E Lubrificantes.,1,Situação cadastral não ativa: INAPTA,FOUND,INAPTA,1,1,256.04,76280.976842,110667.4963849575,-0.687,Fornecedor com CNPJ suspeito
847,204396,Vermelho,PL,PR,Publicidade,Divulgação Da Atividade Parlamentar.,0,Sem indício cadastral crítico,FOUND,ATIVA,49,235,1334251.27,263664.052022,329972.5348930845,3.2445,Anomalia financeira extrema
254,141421,Eduardo Da Fonte,PP,PE,Locomoção,Locação Ou Fretamento De Veículos Automotores,0,Sem indício cadastral crítico,FOUND,ATIVA,2,107,651038.00,220869.240392,185976.71020526288,2.313,Possível anomalia financeira
570,178843,Marx Beltrão,UNIÃO,AL,Combustível,Combustíveis E Lubrificantes.,0,Sem indício cadastral crítico,FOUND,ATIVA,58,291,91642.23,41184.340741,54405.12179897842,0.9274,Comportamento esperado
428,204472,José Medeiros,PL,MT,Viagens,Passagem Aérea - Sigepa,,,,,0,174,276475.67,116334.207895,92091.32039496631,1.7389,Comportamento esperado
291,220646,Felipe Becari,PODE,SP,Publicidade,Divulgação Da Atividade Parlamentar.,0,Sem indício cadastral crítico,FOUND,ATIVA,14,64,646705.65,243741.226243,313657.1515008437,1.2847,Comportamento esperado
297,204407,Fernanda Melchionna,PSOL,RS,Outros,Manutenção De Escritório De Apoio À Atividade Parlamentar,1,Situação cadastral não ativa: INAPTA,FOUND,INAPTA,1,9,7497.00,109428.142500,149558.61424927576,-0.6815,Fornecedor com CNPJ suspeito
267,218086,Ely Santos,REPUBLICANOS,SP,Outros,Manutenção De Escritório De Apoio À Atividade Parlamentar,0,Sem indício cadastral crítico,FOUND,ATIVA,4,19,13187.84,98538.487659,143509.98800071477,-0.5947,Comportamento esperado
86,220683,Beto Richa,PSDB,PR,Viagens,Passagem Aérea - Rpa,0,Sem indício cadastral crítico,FOUND,ATIVA,3,49,52170.99,26722.504474,58025.433845182,0.4386,Comportamento esperado
635,73692,Osmar Terra,MDB,RS,Viagens,Passagem Aérea - Sigepa,,,,,0,109,149540.74,223297.576531,126627.95953182003,-0.5825,Comportamento esperado
53,178831,André Abdon,PP,AP,Viagens,Passagem Aérea - Sigepa,,,,,0,112,132189.80,180390.483889,137999.8120825282,-0.3493,Comportamento esperado
388,204533,Idilvan Alencar,PDT,CE,Viagens,Passagem Aérea - Rpa,0,Sem indício cadastral crítico,FOUND,ATIVA,2,2,212.00,32586.001200,51600.505956913454,-0.6274,Comportamento esperado
184,204511,David Soares,PODE,SP,Alimentação,Fornecimento De Alimentação Do Parlamentar,1,Situação cadastral não ativa: BAIXADA,FOUND,BAIXADA,3,3,210.69,3366.001170,5609.697337170304,-0.5625,Fornecedor com CNPJ suspeito
165,220692,Dal Barreto,UNIÃO,BA,Locomoção,Locação Ou Fretamento De Veículos Automotores,0,Sem indício cadastral crítico,FOUND,ATIVA,3,34,406400.00,292409.611930,213979.496522466,0.5327,Comportamento esperado
470,220600,Lebrão,UNIÃO,RO,Outros,Manutenção De Escritório De Apoio À Atividade Parlamentar,0,Sem indício cadastral crítico,FOUND,ATIVA,2,9,2975.85,40149.183103,63678.43736701476,-0.5838,Comportamento esperado
732,204362,Ricardo Guidi,PL,SC,Alimentação,Fornecimento De Alimentação Do Parlamentar,1,Situação cadastral não ativa: BAIXADA,FOUND,BAIXADA,3,7,334.50,5345.501750,9873.801589562949,-0.5075,Fornecedor com CNPJ suspeito
199,220654,Delegado Paulo Bilynskyj,PL,SP,Publicidade,Divulgação Da Atividade Parlamentar.,0,Sem indício cadastral crítico,FOUND,ATIVA,8,69,475620.00,243741.226243,313657.1515008437,0.7393,Comportamento esperado
642,160556,Padre João,PT,MG,Publicidade,Divulgação Da Atividade Parlamentar.,1,Erro na consulta pública de CNPJ,ERROR,,1,10,940.56,194891.353020,276881.75990132586,-0.7005,Fornecedor com CNPJ suspeito
542,160161,Marcelo Queiroz,PSDB,RJ,Alimentação,Fornecimento De Alimentação Do Parlamentar,0,Sem indício cadastral crítico,FOUND,ATIVA,9,20,1555.96,5314.154545,11413.915891543053,-0.3293,Comportamento esperado
325,224117,Gabriel Mota,UNIÃO,RR,Locomoção,Locação Ou Fretamento De Veículos Automotores,0,Sem indício cadastral crítico,FOUND,ATIVA,1,13,162500.00,156360.151875,107532.52503854835,0.0571,Comportamento esperado
137,178928,Christiane De Souza Yared,PP,PR,Locomoção,Locação Ou Fretamento De Veículos Automotores,0,Sem indício cadastral crítico,FOUND,ATIVA,1,10,38000.00,113439.957419,130977.93601797776,-0.576,Comportamento esperado
235,204412,Dr. Zacharias Calil,UNIÃO,GO,Comunicação,Telefonia,0,Sem indício cadastral crítico,FOUND,ATIVA,1,16,2666.37,16840.076000,26049.85234640615,-0.5441,Comportamento esperado
538,76874,Marcelo Freixo,PSB,RJ,Viagens,Passagem Aérea - Rpa,0,Sem indício cadastral crítico,FOUND,ATIVA,2,29,41663.53,24365.871064,36425.48190750471,0.4749,Comportamento esperado
519,178866,Luizianne Lins,REDE,CE,Publicidade,Divulgação Da Atividade Parlamentar.,0,Sem indício cadastral crítico,FOUND,ATIVA,12,100,738278.99,263931.285395,366906.3702021798,1.2928,Comportamento esperado
635,73692,Osmar Terra,MDB,RS,Hotéis,"Hospedagem ,exceto Do Parlamentar No Distrito Federal.",0,Sem indício cadastral crítico,FOUND,ATIVA,34,155,69102.84,21826.986437,35658.661568585754,1.3258,Comportamento esperado
453,178886,Juscelino Filho,UNIÃO,MA,Comunicação,Telefonia,0,Sem indício cadastral crítico,FOUND,ATIVA,6,45,18148.37,18512.680625,18171.321371846523,-0.02,Comportamento esperado
168,220603,Dani Cunha,PL,RJ,Publicidade,Divulgação Da Atividade Parlamentar.,0,Sem indício cadastral crítico,FOUND,ATIVA,7,43,254750.00,226781.355120,259582.44863584734,0.1077,Comportamento esperado
334,178966,Geovania De Sá,REPUBLICANOS,SC,Outros,"Serviço De Táxi, Pedágio E Estacionamento",0,Sem indício cadastral crítico,FOUND,ATIVA,20,128,12282.50,2658.067742,3431.982973130558,2.8043,Possível anomalia financeira
23,204501,Alencar Santana,PT,SP,Outros,Manutenção De Escritório De Apoio À Atividade Parlamentar,0,Sem indício cadastral crítico,FOUND,ATIVA,8,215,46625.57,98538.487659,143509.98800071477,-0.3617,Comportamento esperado
898,,,,NA,Alimentação,Fornecimento De Alimentação Do Parlamentar,0,Sem indício cadastral crítico,FOUND,ATIVA,13,271,536558.83,76824.316875,122514.48277202321,3.7525,Anomalia financeira extrema
213,220602,Dimas Gadelha,PT,RJ,Combustível,Combustíveis E Lubrificantes.,0,Sem indício cadastral crítico,FOUND,ATIVA,37,95,21383.22,44023.319398,62812.667137756165,-0.3604,Comportamento esperado
61,220544,Antonio Andrade,PSDB,TO,Publicidade,Divulgação Da Atividade Parlamentar.,1,Situação cadastral não ativa: BAIXADA,FOUND,BAIXADA,2,40,45500.00,260231.601071,329408.0872597135,-0.6519,Fornecedor com CNPJ suspeito
531,204471,Mara Rocha,MDB,AC,Outros,Manutenção De Escritório De Apoio À Atividade Parlamentar,1,Situação cadastral não ativa: BAIXADA,FOUND,BAIXADA,1,4,834.20,29735.132000,50394.769544197494,-0.5735,Fornecedor com CNPJ suspeito
606,74158,Mário Heringer,PDT,MG,Publicidade,Divulgação Da Atividade Parlamentar.,0,Sem indício cadastral crítico,FOUND,ATIVA,7,96,850090.75,194891.353020,276881.75990132586,2.3664,Possível anomalia financeira
711,204567,Raimundo Costa,PSD,BA,Outros,Manutenção De Escritório De Apoio À Atividade Parlamentar,0,Sem indício cadastral crítico,FOUND,ATIVA,8,22,21843.04,98257.521290,134321.8726415135,-0.5689,Comportamento esperado
162,204355,Da Vitoria,PP,ES,Comunicação,Telefonia,0,Sem indício cadastral crítico,FOUND,ATIVA,4,108,20468.80,19441.733636,20791.65600073225,0.0494,Comportamento esperado
286,171623,Fabio Reis,PSD,SE,Locomoção,Locação Ou Fretamento De Veículos Automotores,0,Sem indício cadastral crítico,FOUND,ATIVA,2,56,352900.00,212589.297222,162975.5333971958,0.8609,Comportamento esperado
856,178992,Vitor Lippi,PSD,SP,Publicidade,Assinatura De Publicações,0,Sem indício cadastral crítico,FOUND,ATIVA,4,15,7512.69,3369.241333,3418.330377283657,1.2121,Comportamento esperado
475,122195,Leonardo Gadelha,PSC,PB,Publicidade,Divulgação Da Atividade Parlamentar.,0,Sem indício cadastral crítico,FOUND,ATIVA,8,26,79299.96,324815.111538,407718.48875224456,-0.6022,Comportamento esperado
127,141405,Celso Maldaner,MDB,SC,Locomoção,Locação Ou Fretamento De Veículos Automotores,0,Sem indício cadastral crítico,FOUND,ATIVA,1,24,75550.00,154711.621212,151032.92349497412,-0.5241,Comportamento esperado
96,204502,Bozzella,UNIÃO,SP,Combustível,Combustíveis E Lubrificantes.,0,Sem indício cadastral crítico,FOUND,ATIVA,6,44,32930.40,42192.750821,64034.19773844777,-0.1446,Comportamento esperado
158,206018,Célia Xakriabá,PSOL,MG,Comunicação,Telefonia,0,Sem indício cadastral crítico,FOUND,ATIVA,4,30,8576.81,15607.667083,19082.29985422686,-0.3684,Comportamento esperado
48,107970,Ana Paula Leão,PP,MG,Locomoção,Locação Ou Fretamento De Veículos Automotores,0,Sem indício cadastral crítico,FOUND,ATIVA,2,14,66863.81,199358.988889,190617.58878325575,-0.6951,Comportamento esperado
614,204415,Nereu Crispim,PSD,RS,Hotéis,"Hospedagem ,exceto Do Parlamentar No Distrito Federal.",0,Sem indício cadastral crítico,FOUND,ATIVA,14,57,25826.20,21826.986437,35658.661568585754,0.1122,Comportamento esperado
437,178970,João Daniel,PT,SE,Outros,Manutenção De Escritório De Apoio À Atividade Parlamentar,1,Situação cadastral não ativa: BAIXADA,FOUND,BAIXADA,2,12,57474.00,43647.935652,66268.36061748704,0.2086,Fornecedor com CNPJ suspeito
376,227324,Henrique Júnior,PL,MA,Viagens,Passagem Aérea - Sigepa,,,,,0,31,41680.76,132207.227045,122458.5508602934,-0.7392,Comportamento esperado
338,204394,Gervásio Maia,PCDOB,PB,Locomoção,Locação Ou Fretamento De Veículos Automotores,0,Sem indício cadastral crítico,FOUND,ATIVA,2,39,418699.97,197980.822174,165434.59936969794,1.3342,Comportamento esperado
602,81055,Márcio Jerry,PCDOB,MA,Locomoção,Locação Ou Fretamento De Veículos Automotores,0,Sem indício cadastral crítico,FOUND,ATIVA,4,50,150494.36,122090.952683,112418.39663710551,0.2527,Comportamento esperado
504,204410,Luisa Canziani,UNIÃO,PR,Locomoção,Locação Ou Fretamento De Veículos Automotores,0,Sem indício cadastral crítico,FOUND,ATIVA,3,32,139097.50,113439.957419,130977.93601797776,0.1959,Comportamento esperado
671,141488,Paulo Teixeira,PT,SP,Viagens,Passagem Aérea - Rpa,0,Sem indício cadastral crítico,FOUND,ATIVA,1,2,964.00,24943.515352,36157.13967829913,-0.6632,Comportamento esperado
180,62881,Danilo Forte,PP,CE,Combustível,Combustíveis E Lubrificantes.,1,Situação cadastral não ativa: BAIXADA,FOUND,BAIXADA,4,5,950.97,41977.960833,76764.60304100714,-0.5345,Fornecedor com CNPJ suspeito
195,204512,Delegado Marcelo Freitas,UNIÃO,MG,Outros,"Passagens Terrestres, Marítimas Ou Fluviais",0,Sem indício cadastral crítico,FOUND,ATIVA,6,12,2632.16,3858.240000,6358.142634643256,-0.1928,Comportamento esperado
361,220664,Guilherme Uchoa,PSD,PE,Hotéis,"Hospedagem ,exceto Do Parlamentar No Distrito Federal.",0,Sem indício cadastral crítico,FOUND,ATIVA,10,15,12672.10,17089.374528,23447.97906027458,-0.1884,Comportamento esperado
81,73701,Benedita Da Silva,PT,RJ,Outros,Serviços Postais,0,Sem indício cadastral crítico,FOUND,ATIVA,4,10,592.78,243.509167,238.83926913525045,1.4624,Comportamento esperado
214,143632,Domingos Neto,PSD,CE,Locomoção,Locação Ou Fretamento De Aeronaves,0,Sem indício cadastral crítico,FOUND,ATIVA,3,9,156900.00,46678.600000,38881.59920573464,2.8348,Possível anomalia financeira
298,220656,Fernanda Pessoa,PSD,CE,Alimentação,Fornecimento De Alimentação Do Parlamentar,1,Situação cadastral não ativa: BAIXADA,FOUND,BAIXADA,6,6,239.82,4778.337742,9185.089924635726,-0.4941,Fornecedor com CNPJ suspeito
53,178831,André Abdon,PP,AP,Outros,Manutenção De Escritório De Apoio À Atividade Parlamentar,0,Sem indício cadastral crítico,FOUND,ATIVA,2,5,8177.90,30123.933200,30290.240248736845,-0.7245,Comportamento esperado
392,67138,Iracema Portella,PP,PI,Viagens,Passagem Aérea - Rpa,0,Sem indício cadastral crítico,FOUND,ATIVA,3,49,97339.70,17321.367273,29804.932291452395,2.6847,Possível anomalia financeira
638,204441,Otoni De Paula,MDB,RJ,Serviços profissionais,"Consultorias, Pesquisas E Trabalhos Técnicos.",0,Sem indício cadastral crítico,FOUND,ATIVA,1,5,23466.67,51555.638000,51954.41216850247,-0.5406,Comportamento esperado
184,204511,David Soares,PODE,SP,Viagens,Passagem Aérea - Reembolso,0,Sem indício cadastral crítico,FOUND,ATIVA,2,2,19157.84,9758.571000,11443.414965885137,0.8214,Comportamento esperado
526,139285,Lídice Da Mata,PSB,BA,Viagens,Passagem Aérea - Sigepa,,,,,0,413,432136.64,219376.223091,157819.4558803826,1.3481,Comportamento esperado
489,220662,Lucas Ramos,PSB,PE,Hotéis,"Hospedagem ,exceto Do Parlamentar No Distrito Federal.",0,Sem indício cadastral crítico,FOUND,ATIVA,11,11,21701.72,17089.374528,23447.97906027458,0.1967,Comportamento esperado
20,220538,Albuquerque,REPUBLICANOS,RR,Locomoção,Locação Ou Fretamento De Veículos Automotores,0,Sem indício cadastral crítico,FOUND,ATIVA,2,21,202813.44,156360.151875,107532.52503854835,0.432,Comportamento esperado
738,220693,Roberta Roma,PL,BA,Publicidade,Divulgação Da Atividade Parlamentar.,1,Situação cadastral não ativa: BAIXADA,FOUND,BAIXADA,1,18,76000.00,317318.910361,328157.1355142384,-0.7354,Fornecedor com CNPJ suspeito
877,204559,Zé Neto,PT,BA,Comunicação,Telefonia,0,Sem indício cadastral crítico,FOUND,ATIVA,7,85,46215.78,23153.030698,23468.568952979214,0.9827,Comportamento esperado
622,209787,Nikolas Ferreira,PL,MG,Outros,Manutenção De Escritório De Apoio À Atividade Parlamentar,0,Sem indício cadastral crítico,FOUND,ATIVA,13,180,318625.58,123562.947566,162703.54342443834,1.1989,Comportamento esperado
226,204518,Dr. Frederico,PRD,MG,Outros,"Serviço De Táxi, Pedágio E Estacionamento",0,Sem indício cadastral crítico,FOUND,ATIVA,1,38,9151.96,5572.245385,10370.293242628488,0.3452,Comportamento esperado
42,178881,Aluisio Mendes,REPUBLICANOS,MA,Combustível,Combustíveis E Lubrificantes.,1,Situação cadastral não ativa: BAIXADA,FOUND,BAIXADA,6,21,4602.13,34895.172615,52384.05405357016,-0.5783,Fornecedor com CNPJ suspeito
657,220650,Paulo Alexandre Barbosa,PSDB,SP,Combustível,Combustíveis E Lubrificantes.,0,Sem indício cadastral crítico,FOUND,ATIVA,37,99,17885.25,42192.750821,64034.19773844777,-0.3796,Comportamento esperado
710,220626,Rafael Simoes,UNIÃO,MG,Comunicação,Telefonia,0,Sem indício cadastral crítico,FOUND,ATIVA,2,60,4171.80,15607.667083,19082.29985422686,-0.5993,Comportamento esperado
865,74044,Wilson Santiago,REPUBLICANOS,PB,Viagens,Passagem Aérea - Sigepa,,,,,0,55,55392.08,168235.151250,151254.20824234045,-0.746,Comportamento esperado
59,204515,André Janones,REDE,MG,Outros,Manutenção De Escritório De Apoio À Atividade Parlamentar,1,Situação cadastral não ativa: BAIXADA,FOUND,BAIXADA,1,1,269.64,123562.947566,162703.54342443834,-0.7578,Fornecedor com CNPJ suspeito
466,98057,Lafayette De Andrada,PL,MG,Viagens,Passagem Aérea - Sigepa,,,,,0,119,118065.74,195216.599630,167832.49260588933,-0.4597,Comportamento esperado
302,204427,Fernando Rodolfo,PRD,PE,Locomoção,Locação Ou Fretamento De Veículos Automotores,0,Sem indício cadastral crítico,FOUND,ATIVA,8,26,194771.41,220869.240392,185976.71020526288,-0.1403,Comportamento esperado
558,204430,Margarete Coelho,PP,PI,Viagens,Passagem Aérea - Sigepa,,,,,0,94,150059.79,155026.570000,94704.85142824263,-0.0524,Comportamento esperado
147,204378,Coronel Chrisóstomo,PL,RO,Outros,Manutenção De Escritório De Apoio À Atividade Parlamentar,0,Sem indício cadastral crítico,FOUND,ATIVA,15,141,78572.28,40149.183103,63678.43736701476,0.6034,Comportamento esperado
429,204391,José Nelto,UNIÃO,GO,Publicidade,Divulgação Da Atividade Parlamentar.,1,Situação cadastral não ativa: BAIXADA,FOUND,BAIXADA,4,38,147500.00,294423.402917,352090.0693215526,-0.4173,Fornecedor com CNPJ suspeito
614,204415,Nereu Crispim,PSD,RS,Outros,Serviço De Segurança Prestado Por Empresa Especializada.,0,Sem indício cadastral crítico,FOUND,ATIVA,1,9,7509.96,50994.120000,102899.62785238729,-0.4226,Comportamento esperado
465,141478,Laerte Bessa,PL,DF,Combustível,Combustíveis E Lubrificantes.,1,Situação cadastral não ativa: BAIXADA,FOUND,BAIXADA,1,10,2887.22,33372.670769,51515.7382887601,-0.5918,Fornecedor com CNPJ suspeito
672,216544,Paulo Vicente Caleffi,PSD,RS,Combustível,Combustíveis E Lubrificantes.,0,Sem indício cadastral crítico,FOUND,ATIVA,33,48,11830.81,60520.148547,97388.05968907535,-0.5,Comportamento esperado
44,220707,Amanda Gentil,PP,MA,Outros,Manutenção De Escritório De Apoio À Atividade Parlamentar,0,Documento não consultado por não ser CNPJ,NOT_APPLICABLE,,1,26,182000.00,64195.130784,109861.24089764054,1.0723,Comportamento esperado
439,141459,João Maia,PL,RN,Serviços profissionais,"Consultorias, Pesquisas E Trabalhos Técnicos.",0,Sem indício cadastral crítico,FOUND,ATIVA,2,2,9000.00,75620.571429,70092.2679683885,-0.9505,Comportamento esperado
723,153423,Renilce Nicodemos,MDB,PA,Combustível,Combustíveis E Lubrificantes.,0,Sem indício cadastral crítico,FOUND,ATIVA,2,8,45992.00,39488.928400,62234.56368268833,0.1045,Comportamento esperado
817,230177,Tadeu Oliveira,PL,CE,Publicidade,Divulgação Da Atividade Parlamentar.,0,Sem indício cadastral crítico,FOUND,ATIVA,5,15,105173.90,263931.285395,366906.3702021798,-0.4327,Comportamento esperado
351,204419,Glaustin Da Fokus,PSC,GO,Outros,Manutenção De Escritório De Apoio À Atividade Parlamentar,0,Documento não consultado por não ser CNPJ,NOT_APPLICABLE,,1,7,26620.58,100447.486545,162486.21407041358,-0.4544,Comportamento esperado
108,178924,Capitão Fábio Abreu,PSD,PI,Publicidade,Divulgação Da Atividade Parlamentar.,0,Sem indício cadastral crítico,FOUND,ATIVA,2,7,84560.00,255170.175556,326071.87108703476,-0.5232,Comportamento esperado
209,178929,Diego Garcia,REPUBLICANOS,PR,Outros,"Serviço De Táxi, Pedágio E Estacionamento",0,Sem indício cadastral crítico,FOUND,ATIVA,8,257,5513.36,5713.999474,13397.131596894355,-0.015,Comportamento esperado
664,204492,Paulo Guedes,PT,MG,Locomoção,Locação Ou Fretamento De Veículos Automotores,0,Sem indício cadastral crítico,FOUND,ATIVA,1,98,560469.00,199358.988889,190617.58878325575,1.8944,Comportamento esperado
253,178977,Eduardo Cury,PSDB,SP,Alimentação,Fornecimento De Alimentação Do Parlamentar,0,Sem indício cadastral crítico,FOUND,ATIVA,37,71,4774.13,3366.001170,5609.697337170304,0.251,Comportamento esperado
533,156190,Marcel Van Hattem,NOVO,RS,Hotéis,"Hospedagem ,exceto Do Parlamentar No Distrito Federal.",1,Erro na consulta pública de CNPJ,ERROR,,1,2,1930.41,21826.986437,35658.661568585754,-0.558,Fornecedor com CNPJ suspeito
750,223128,Rodrigo Estacho,PSD,PR,Combustível,Combustíveis E Lubrificantes.,1,Situação cadastral não ativa: SUSPENSA,FOUND,SUSPENSA,1,13,2624.91,57944.345500,82353.4495793919,-0.6717,Fornecedor com CNPJ suspeito
256,141422,Efraim Filho,UNIÃO,PB,Viagens,Passagem Aérea - Sigepa,,,,,0,82,111456.91,168235.151250,151254.20824234045,-0.3754,Comportamento esperado
459,204550,Júnior Mano,PSB,CE,Combustível,Combustíveis E Lubrificantes.,0,Sem indício cadastral crítico,FOUND,ATIVA,3,6,1270.64,41977.960833,76764.60304100714,-0.5303,Comportamento esperado
568,204566,Marreca Filho,PRD,MA,Outros,Manutenção De Escritório De Apoio À Atividade Parlamentar,0,Sem indício cadastral crítico,FOUND,ATIVA,5,69,65721.80,64195.130784,109861.24089764054,0.0139,Comportamento esperado
79,220605,Bandeira De Mello,PV,RJ,Hotéis,"Hospedagem ,exceto Do Parlamentar No Distrito Federal.",0,Sem indício cadastral crítico,FOUND,ATIVA,46,189,133367.24,13016.628636,21468.959145470457,5.6058,Anomalia financeira extrema
822,178901,Tereza Cristina,PP,MS,Viagens,Passagem Aérea - Sigepa,,,,,0,82,125636.59,136850.719231,90603.58730528376,-0.1238,Comportamento esperado
769,220620,Rosângela Reis,PL,MG,Alimentação,Fornecimento De Alimentação Do Parlamentar,0,Sem indício cadastral crítico,FOUND,ATIVA,2,35,2792.33,3421.773553,6721.942950865462,-0.0936,Comportamento esperado
669,74400,Paulo Pimenta,PT,RS,Viagens,Passagem Aérea - Rpa,0,Sem indício cadastral crítico,FOUND,ATIVA,3,19,38118.22,23263.014545,27193.710295909314,0.5463,Comportamento esperado
130,204504,Cezinha De Madureira,PSD,SP,Viagens,Passagem Aérea - Reembolso,0,Sem indício cadastral crítico,FOUND,ATIVA,3,3,5578.24,9758.571000,11443.414965885137,-0.3653,Comportamento esperado
535,205863,Marcelo Brum,REPUBLICANOS,RS,Viagens,Passagem Aérea - Sigepa,,,,,0,20,35519.45,223297.576531,126627.95953182003,-1.4829,Comportamento esperado
129,204496,Celso Sabino,PDT,PA,Viagens,Passagem Aérea - Sigepa,,,,,0,40,42727.00,266111.307931,195578.09309190325,-1.1422,Comportamento esperado
627,66179,Norma Ayub,PP,ES,Outros,Manutenção De Escritório De Apoio À Atividade Parlamentar,1,Situação cadastral não ativa: BAIXADA,FOUND,BAIXADA,2,3,434.41,101936.796563,164857.25422120074,-0.6157,Fornecedor com CNPJ suspeito
806,220575,Sonize Barbosa,PL,AP,Combustível,Combustíveis E Lubrificantes.,0,Sem indício cadastral crítico,FOUND,ATIVA,12,23,3661.02,24571.047667,39205.554475113444,-0.5333,Comportamento esperado
557,220604,Marcos Tavares,PDT,RJ,Publicidade,Divulgação Da Atividade Parlamentar.,0,Sem indício cadastral crítico,FOUND,ATIVA,2,29,213750.00,226781.355120,259582.44863584734,-0.0502,Comportamento esperado
145,204376,Coronel Armando,PP,SC,Outros,"Passagens Terrestres, Marítimas Ou Fluviais",0,Sem indício cadastral crítico,FOUND,ATIVA,1,1,114.02,472.404167,456.3108967371486,-0.7854,Comportamento esperado
450,204457,Juninho Do Pneu,PSDB,RJ,Viagens,Passagem Aérea - Rpa,0,Sem indício cadastral crítico,FOUND,ATIVA,2,6,9311.97,24365.871064,36425.48190750471,-0.4133,Comportamento esperado
778,233598,Samuel Santos,PODE,GO,Combustível,Combustíveis E Lubrificantes.,0,Sem indício cadastral crítico,FOUND,ATIVA,5,18,6752.87,65044.277593,95738.05404592726,-0.6089,Comportamento esperado
180,62881,Danilo Forte,PP,CE,Locomoção,Locação Ou Fretamento De Veículos Automotores,1,Situação cadastral não ativa: BAIXADA,FOUND,BAIXADA,1,1,1011.93,139651.247778,143531.8586124825,-0.9659,Fornecedor com CNPJ suspeito
198,220652,Delegado Palumbo,PODE,SP,Outros,"Passagens Terrestres, Marítimas Ou Fluviais",0,Sem indício cadastral crítico,FOUND,ATIVA,2,2,635.01,996.486667,1138.3419633085512,-0.3175,Comportamento esperado
824,180018,Thiago Cartaxo,PODE,RN,Alimentação,Fornecimento De Alimentação Do Parlamentar,0,Sem indício cadastral crítico,FOUND,ATIVA,23,32,2044.93,3041.730000,4181.690443923367,-0.2384,Comportamento esperado
900,,,,NA,Viagens,Passagem Aérea - Reembolso,0,Sem indício cadastral crítico,FOUND,ATIVA,2,9,16087.61,15179.464000,13450.537474399676,0.0675,Comportamento esperado
356,198197,Greyce Elias,PL,MG,Viagens,Passagem Aérea - Reembolso,0,Sem indício cadastral crítico,FOUND,ATIVA,2,5,11728.98,7020.191961,10297.188894597206,0.4573,Comportamento esperado
385,204373,Hélio Costa,PSD,SC,Alimentação,Fornecimento De Alimentação Do Parlamentar,1,Situação cadastral não ativa: BAIXADA,FOUND,BAIXADA,1,1,85.85,5345.501750,9873.801589562949,-0.5327,Fornecedor com CNPJ suspeito
789,77003,Sergio Santos Rodrigues,PODE,MG,Hotéis,"Hospedagem ,exceto Do Parlamentar No Distrito Federal.",0,Sem indício cadastral crítico,FOUND,ATIVA,1,1,671.22,17018.453084,26330.369533202334,-0.6209,Comportamento esperado
665,233592,Paulo Lemos,PT,AP,Hotéis,"Hospedagem ,exceto Do Parlamentar No Distrito Federal.",0,Sem indício cadastral crítico,FOUND,ATIVA,2,2,1440.00,5136.092500,6592.979949253359,-0.5606,Comportamento esperado
519,178866,Luizianne Lins,REDE,CE,Locomoção,Locação Ou Fretamento De Veículos Automotores,0,Sem indício cadastral crítico,FOUND,ATIVA,2,86,271101.58,139651.247778,143531.8586124825,0.9158,Comportamento esperado
859,160569,Waldenor Pereira,PT,BA,Viagens,Passagem Aérea - Sigepa,,,,,0,325,362954.69,219376.223091,157819.4558803826,0.9098,Comportamento esperado
588,178985,Miguel Lombardi,PL,SP,Outros,"Serviço De Táxi, Pedágio E Estacionamento",0,Sem indício cadastral crítico,FOUND,ATIVA,13,158,23512.88,11967.060840,16796.655097373645,0.6874,Comportamento esperado
796,74356,Silas Câmara,REPUBLICANOS,AM,Viagens,Passagem Aérea - Sigepa,,,,,0,333,408195.72,248402.612308,165221.2328718048,0.9671,Comportamento esperado
634,73463,Osmar Serraglio,PP,PR,Viagens,Passagem Aérea - Sigepa,,,,,0,74,81689.70,173223.575536,125997.34942419773,-0.7265,Comportamento esperado
167,220629,Dandara,PT,MG,Publicidade,Divulgação Da Atividade Parlamentar.,0,Sem indício cadastral crítico,FOUND,ATIVA,27,104,739448.82,194891.353020,276881.75990132586,1.9668,Comportamento esperado
61,220544,Antonio Andrade,PSDB,TO,Publicidade,Divulgação Da Atividade Parlamentar.,0,Sem indício cadastral crítico,FOUND,ATIVA,18,187,798480.00,260231.601071,329408.0872597135,1.634,Comportamento esperado
536,204433,Marcelo Calero,PSD,RJ,Combustível,Combustíveis E Lubrificantes.,0,Sem indício cadastral crítico,FOUND,ATIVA,47,146,28446.70,44023.319398,62812.667137756165,-0.248,Comportamento esperado
253,178977,Eduardo Cury,PSDB,SP,Outros,"Serviço De Táxi, Pedágio E Estacionamento",0,Sem indício cadastral crítico,FOUND,ATIVA,13,64,1296.39,11967.060840,16796.655097373645,-0.6353,Comportamento esperado
688,73943,Perpétua Almeida,PCDOB,AC,Combustível,Combustíveis E Lubrificantes.,0,Sem indício cadastral crítico,FOUND,ATIVA,19,75,41972.77,74559.202308,89345.09325877228,-0.3647,Comportamento esperado
21,160559,Alceu Moreira,MDB,RS,Comunicação,Telefonia,0,Sem indício cadastral crítico,FOUND,ATIVA,5,151,55658.62,19321.830435,18898.364290143905,1.9227,Comportamento esperado
691,204529,Policial Katia Sastre,PL,SP,Locomoção,Locação Ou Fretamento De Veículos Automotores,0,Sem indício cadastral crítico,FOUND,ATIVA,1,25,69521.76,147254.510948,139673.23431152088,-0.5565,Comportamento esperado
470,220600,Lebrão,UNIÃO,RO,Alimentação,Fornecimento De Alimentação Do Parlamentar,1,Situação cadastral não ativa: BAIXADA,FOUND,BAIXADA,1,1,63.88,3332.884500,5228.833199412531,-0.6252,Fornecedor com CNPJ suspeito
482,204405,Liziane Bayer,REPUBLICANOS,RS,Locomoção,Locação Ou Fretamento De Veículos Automotores,0,Sem indício cadastral crítico,FOUND,ATIVA,3,16,71239.19,182736.733051,177547.8783363845,-0.628,Comportamento esperado
811,73808,Sérgio Brito,PSD,BA,Alimentação,Fornecimento De Alimentação Do Parlamentar,0,Sem indício cadastral crítico,FOUND,ATIVA,14,29,3085.12,5334.958511,10548.888785765435,-0.2133,Comportamento esperado
578,141508,Mauro Nazif,PSB,RO,Combustível,Combustíveis E Lubrificantes.,0,Sem indício cadastral crítico,FOUND,ATIVA,16,36,12681.18,64922.175357,86632.41303886044,-0.603,Comportamento esperado
245,228272,Délio Pinheiro,PDT,MG,Outros,"Serviço De Táxi, Pedágio E Estacionamento",0,Sem indício cadastral crítico,FOUND,ATIVA,4,55,1726.52,5572.245385,10370.293242628488,-0.3708,Comportamento esperado
338,204394,Gervásio Maia,PCDOB,PB,Viagens,Passagem Aérea - Sigepa,,,,,0,218,177293.50,168235.151250,151254.20824234045,0.0599,Comportamento esperado
76,74646,Aécio Neves,PSDB,MG,Outros,"Serviço De Táxi, Pedágio E Estacionamento",0,Sem indício cadastral crítico,FOUND,ATIVA,7,50,1670.94,5572.245385,10370.293242628488,-0.3762,Comportamento esperado
253,178977,Eduardo Cury,PSDB,SP,Viagens,Passagem Aérea - Sigepa,,,,,0,49,68911.74,185430.171967,136227.76556134285,-0.8553,Comportamento esperado
405,160570,Jerônimo Goergen,PP,RS,Hotéis,"Hospedagem ,exceto Do Parlamentar No Distrito Federal.",0,Sem indício cadastral crítico,FOUND,ATIVA,9,18,3737.90,21826.986437,35658.661568585754,-0.5073,Comportamento esperado
880,204517,Zé Vitor,PL,MG,Viagens,Passagem Aérea - Rpa,0,Sem indício cadastral crítico,FOUND,ATIVA,3,14,15802.42,40253.940526,63478.97879162227,-0.3852,Comportamento esperado
435,141458,João Carlos Bacelar,PL,BA,Publicidade,Divulgação Da Atividade Parlamentar.,0,Sem indício cadastral crítico,FOUND,ATIVA,12,18,634314.00,317318.910361,328157.1355142384,0.966,Comportamento esperado
666,220685,Paulo Litro,UNIÃO,PR,Hotéis,"Hospedagem ,exceto Do Parlamentar No Distrito Federal.",1,Situação cadastral não ativa: BAIXADA,FOUND,BAIXADA,1,1,338.00,18419.328649,34024.43115299299,-0.5314,Fornecedor com CNPJ suspeito
742,220613,Roberto Monteiro Pai,PL,RJ,Viagens,Passagem Aérea - Rpa,0,Sem indício cadastral crítico,FOUND,ATIVA,2,30,67100.80,24365.871064,36425.48190750471,1.1732,Comportamento esperado
857,215044,Vivi Reis,PSOL,PA,Combustível,Combustíveis E Lubrificantes.,0,Sem indício cadastral crítico,FOUND,ATIVA,68,115,25002.87,39488.928400,62234.56368268833,-0.2328,Comportamento esperado
1,220593,Abilio Brunini,PL,MT,Locomoção,Locação Ou Fretamento De Veículos Automotores,0,Sem indício cadastral crítico,FOUND,ATIVA,4,51,217680.00,134358.602609,119146.49353274485,0.6993,Comportamento esperado
643,74319,Paes Landim,UNIÃO,PI,Publicidade,Divulgação Da Atividade Parlamentar.,0,Sem indício cadastral crítico,FOUND,ATIVA,3,6,26150.00,255170.175556,326071.87108703476,-0.7024,Comportamento esperado
771,73466,Rubens Bueno,CIDADANIA,PR,Serviços profissionais,"Consultorias, Pesquisas E Trabalhos Técnicos.",0,Sem indício cadastral crítico,FOUND,ATIVA,2,12,36562.00,58752.690645,58141.82428785019,-0.3817,Comportamento esperado
298,220656,Fernanda Pessoa,PSD,CE,Alimentação,Fornecimento De Alimentação Do Parlamentar,1,CNPJ não encontrado na API pública,NOT_FOUND,,1,2,200.00,4778.337742,9185.089924635726,-0.4985,Fornecedor com CNPJ suspeito
405,160570,Jerônimo Goergen,PP,RS,Comunicação,Telefonia,0,Sem indício cadastral crítico,FOUND,ATIVA,2,26,12327.56,19321.830435,18898.364290143905,-0.3701,Comportamento esperado
533,156190,Marcel Van Hattem,NOVO,RS,Comunicação,Telefonia,0,Sem indício cadastral crítico,FOUND,ATIVA,2,31,7008.19,19321.830435,18898.364290143905,-0.6516,Comportamento esperado
356,198197,Greyce Elias,PL,MG,Locomoção,Locação Ou Fretamento De Veículos Automotores,0,Sem indício cadastral crítico,FOUND,ATIVA,10,64,220023.59,199358.988889,190617.58878325575,0.1084,Comportamento esperado
29,220542,Alexandre Guimarães,MDB,TO,Outros,Manutenção De Escritório De Apoio À Atividade Parlamentar,0,Sem indício cadastral crítico,FOUND,ATIVA,5,77,39699.71,60332.404118,100110.53801139936,-0.2061,Comportamento esperado
467,74856,Laura Carneiro,PSD,RJ,Hotéis,"Hospedagem ,exceto Do Parlamentar No Distrito Federal.",0,Sem indício cadastral crítico,FOUND,ATIVA,10,15,10920.12,13016.628636,21468.959145470457,-0.0977,Comportamento esperado
567,204403,Marlon Santos,PL,RS,Outros,Manutenção De Escritório De Apoio À Atividade Parlamentar,0,Sem indício cadastral crítico,FOUND,ATIVA,5,31,33596.24,109428.142500,149558.61424927576,-0.507,Comportamento esperado
748,230767,Rodrigo Da Zaeli,PL,MT,Viagens,Passagem Aérea - Sigepa,,,,,0,19,20214.74,116334.207895,92091.32039496631,-1.0437,Comportamento esperado
623,74352,Nilson Pinto,PSDB,PA,Serviços profissionais,"Consultorias, Pesquisas E Trabalhos Técnicos.",0,Sem indício cadastral crítico,FOUND,ATIVA,2,3,15000.00,71687.224615,51239.3397316542,-1.1063,Comportamento esperado
310,191923,Flávio Nogueira,PT,PI,Outros,Serviço De Segurança Prestado Por Empresa Especializada.,0,Sem indício cadastral crítico,FOUND,ATIVA,1,51,441299.52,147917.945000,155282.31492759756,1.8893,Comportamento esperado
209,178929,Diego Garcia,UNIÃO,PR,Locomoção,Locação Ou Fretamento De Veículos Automotores,1,Situação cadastral não ativa: BAIXADA,FOUND,BAIXADA,2,11,20436.00,113439.957419,130977.93601797776,-0.7101,Fornecedor com CNPJ suspeito
336,74374,Geraldo Resende,UNIÃO,MS,Publicidade,Divulgação Da Atividade Parlamentar.,1,Situação cadastral não ativa: BAIXADA,FOUND,BAIXADA,2,7,35600.00,244824.753226,352025.1744174792,-0.5943,Fornecedor com CNPJ suspeito
259,204364,Eli Borges,PL,TO,Combustível,Combustíveis E Lubrificantes.,1,Situação cadastral não ativa: BAIXADA,FOUND,BAIXADA,1,2,260.22,73777.441071,109277.9364585353,-0.6728,Fornecedor com CNPJ suspeito
791,204438,Sergio Toledo,PV,AL,Outros,Manutenção De Escritório De Apoio À Atividade Parlamentar,0,Sem indício cadastral crítico,FOUND,ATIVA,2,25,12464.36,55960.761000,68535.24676411308,-0.6347,Comportamento esperado
566,220655,Mario Frias,PL,SP,Publicidade,Assinatura De Publicações,0,Sem indício cadastral crítico,FOUND,ATIVA,9,10,1266.91,3369.241333,3418.330377283657,-0.615,Comportamento esperado
93,160538,Bohn Gass,PT,RS,Locomoção,Locação Ou Fretamento De Veículos Automotores,0,Sem indício cadastral crítico,FOUND,ATIVA,2,53,265353.90,182736.733051,177547.8783363845,0.4653,Comportamento esperado
494,103758,Luciano Azevedo,PSD,RS,Combustível,Combustíveis E Lubrificantes.,0,Sem indício cadastral crítico,FOUND,ATIVA,150,366,75933.49,60520.148547,97388.05968907535,0.1583,Comportamento esperado
723,153423,Renilce Nicodemos,MDB,PA,Viagens,Passagem Aérea - Sigepa,,,,,0,294,407890.05,266111.307931,195578.09309190325,0.7249,Comportamento esperado
73,160665,Augusto Coutinho,REPUBLICANOS,PE,Combustível,Combustíveis E Lubrificantes.,0,Sem indício cadastral crítico,FOUND,ATIVA,153,661,154458.06,53506.291935,82942.380015203,1.2171,Comportamento esperado
545,179000,Marcelo Álvaro Antônio,PL,MG,Outros,Manutenção De Escritório De Apoio À Atividade Parlamentar,0,Documento não consultado por não ser CNPJ,NOT_APPLICABLE,,1,35,179249.57,123562.947566,162703.54342443834,0.3423,Comportamento esperado
779,220631,Samuel Viana,UNIÃO,MG,Combustível,Combustíveis E Lubrificantes.,0,Sem indício cadastral crítico,FOUND,ATIVA,333,1007,216744.16,65306.104375,92314.0005265802,1.6405,Comportamento esperado
120,204426,Carlos Veras,PT,PE,Outros,"Serviço De Táxi, Pedágio E Estacionamento",0,Sem indício cadastral crítico,FOUND,ATIVA,3,201,6488.97,5084.056842,13620.11056577697,0.1031,Comportamento esperado
745,220546,Rodolfo Nogueira,PL,MS,Publicidade,Divulgação Da Atividade Parlamentar.,1,Situação cadastral não ativa: BAIXADA,FOUND,BAIXADA,3,20,37153.33,244824.753226,352025.1744174792,-0.5899,Fornecedor com CNPJ suspeito
421,209189,Joseildo Ramos,PT,BA,Alimentação,Fornecimento De Alimentação Do Parlamentar,0,Sem indício cadastral crítico,FOUND,ATIVA,48,277,20401.81,5334.958511,10548.888785765435,1.4283,Comportamento esperado
149,220666,Coronel Meira,PL,PE,Publicidade,Divulgação Da Atividade Parlamentar.,0,Sem indício cadastral crítico,FOUND,ATIVA,21,85,918112.74,241972.708182,301628.5621101344,2.2416,Possível anomalia financeira
442,204474,Juarez Costa,REPUBLICANOS,MT,Viagens,Passagem Aérea - Sigepa,,,,,0,81,108204.30,116334.207895,92091.32039496631,-0.0883,Comportamento esperado
209,178929,Diego Garcia,REPUBLICANOS,PR,Combustível,Combustíveis E Lubrificantes.,0,Sem indício cadastral crítico,FOUND,ATIVA,67,189,48356.24,57944.345500,82353.4495793919,-0.1164,Comportamento esperado
399,220527,Jack Rocha,PT,ES,Outros,"Serviço De Táxi, Pedágio E Estacionamento",0,Sem indício cadastral crítico,FOUND,ATIVA,4,95,3322.54,4193.280000,4516.28138620702,-0.1928,Comportamento esperado
92,204561,Bira Do Pindaré,PSB,MA,Publicidade,Divulgação Da Atividade Parlamentar.,0,Sem indício cadastral crítico,FOUND,ATIVA,10,15,144823.00,299945.123175,386285.4495039867,-0.4016,Comportamento esperado
652,74160,Patrus Ananias,PT,MG,Locomoção,Locação Ou Fretamento De Veículos Automotores,0,Sem indício cadastral crítico,FOUND,ATIVA,10,50,66792.93,199358.988889,190617.58878325575,-0.6955,Comportamento esperado
776,160635,Ruy Carneiro,PSC,PB,Viagens,Passagem Aérea - Sigepa,,,,,0,69,91122.99,168235.151250,151254.20824234045,-0.5098,Comportamento esperado
259,204364,Eli Borges,PL,TO,Hotéis,"Hospedagem ,exceto Do Parlamentar No Distrito Federal.",0,Sem indício cadastral crítico,FOUND,ATIVA,8,10,3468.00,12387.293158,19170.891927221925,-0.4653,Comportamento esperado
558,204430,Margarete Coelho,PP,PI,Comunicação,Telefonia,0,Sem indício cadastral crítico,FOUND,ATIVA,3,20,7514.35,15912.685455,14251.787111607697,-0.5893,Comportamento esperado
795,204557,Sidney Leite,PSD,AM,Publicidade,Divulgação Da Atividade Parlamentar.,0,Sem indício cadastral crítico,FOUND,ATIVA,12,41,599350.42,309286.770000,323174.1425425514,0.8975,Comportamento esperado
740,160653,Roberto De Lucena,REPUBLICANOS,SP,Viagens,Passagem Aérea - Reembolso,0,Sem indício cadastral crítico,FOUND,ATIVA,2,5,11002.37,9758.571000,11443.414965885137,0.1087,Comportamento esperado
706,220586,Rafael Brito,MDB,AL,Publicidade,Divulgação Da Atividade Parlamentar.,1,Situação cadastral não ativa: BAIXADA,FOUND,BAIXADA,2,12,27500.00,358459.172381,402499.84210100886,-0.8223,Fornecedor com CNPJ suspeito
152,220590,Coronel Ulysses,UNIÃO,AC,Outros,Manutenção De Escritório De Apoio À Atividade Parlamentar,0,Sem indício cadastral crítico,FOUND,ATIVA,4,31,21125.01,29735.132000,50394.769544197494,-0.1709,Comportamento esperado
618,229939,Newton Bonin,UNIÃO,PR,Outros,"Serviço De Táxi, Pedágio E Estacionamento",0,Sem indício cadastral crítico,FOUND,ATIVA,2,2,102.20,5713.999474,13397.131596894355,-0.4189,Comportamento esperado
855,204532,Vinicius Poit,NOVO,SP,Outros,Manutenção De Escritório De Apoio À Atividade Parlamentar,0,Sem indício cadastral crítico,FOUND,ATIVA,1,2,6399.96,98538.487659,143509.98800071477,-0.642,Comportamento esperado
469,178832,Leandre,PSD,PR,Outros,"Serviço De Táxi, Pedágio E Estacionamento",0,Sem indício cadastral crítico,FOUND,ATIVA,12,45,660.26,5713.999474,13397.131596894355,-0.3772,Comportamento esperado
358,220639,Guilherme Boulos,PSOL,SP,Locomoção,Locação Ou Fretamento De Veículos Automotores,0,Sem indício cadastral crítico,FOUND,ATIVA,1,9,31266.67,147254.510948,139673.23431152088,-0.8304,Comportamento esperado
519,178866,Luizianne Lins,PT,CE,Comunicação,Telefonia,0,Sem indício cadastral crítico,FOUND,ATIVA,2,23,4506.25,11707.711071,16858.211643996754,-0.4272,Comportamento esperado
753,141533,Rodrigo Rollemberg,PSB,DF,Combustível,Combustíveis E Lubrificantes.,0,Sem indício cadastral crítico,FOUND,ATIVA,59,185,40351.55,33372.670769,51515.7382887601,0.1355,Comportamento esperado
752,74693,Rodrigo Maia,PSDB,RJ,Comunicação,Telefonia,0,Sem indício cadastral crítico,FOUND,ATIVA,2,6,1364.46,11897.719661,18918.17939394703,-0.5568,Comportamento esperado
669,74400,Paulo Pimenta,PT,RS,Publicidade,Divulgação Da Atividade Parlamentar.,1,Situação cadastral não ativa: BAIXADA,FOUND,BAIXADA,4,14,123371.03,215724.063125,265101.600265673,-0.3484,Fornecedor com CNPJ suspeito
373,234788,Heloísa Helena,REDE,RJ,Combustível,Combustíveis E Lubrificantes.,0,Sem indício cadastral crítico,FOUND,ATIVA,2,2,570.84,44023.319398,62812.667137756165,-0.6918,Comportamento esperado
696,220533,Prof. Reginaldo Veras,PV,DF,Outros,Manutenção De Escritório De Apoio À Atividade Parlamentar,0,Documento não consultado por não ser CNPJ,NOT_APPLICABLE,,1,34,306260.82,95246.480000,164390.52276665662,1.2836,Comportamento esperado
693,160601,Pr. Marco Feliciano,PL,SP,Viagens,Passagem Aérea - Sigepa,,,,,0,386,464796.88,185430.171967,136227.76556134285,2.0507,Possível anomalia financeira
424,204563,Josimar Maranhãozinho,PL,MA,Viagens,Passagem Aérea - Sigepa,,,,,0,276,177508.41,132207.227045,122458.5508602934,0.3699,Comportamento esperado
530,179587,Major Vitor Hugo,PL,GO,Combustível,Combustíveis E Lubrificantes.,0,Sem indício cadastral crítico,FOUND,ATIVA,122,217,48146.80,65044.277593,95738.05404592726,-0.1765,Comportamento esperado
531,204471,Mara Rocha,MDB,AC,Publicidade,Divulgação Da Atividade Parlamentar.,1,Situação cadastral não ativa: SUSPENSA,FOUND,SUSPENSA,1,7,12000.00,295132.464706,394989.3569390969,-0.7168,Fornecedor com CNPJ suspeito
862,160518,Weliton Prado,SOLIDARIEDADE,MG,Outros,Manutenção De Escritório De Apoio À Atividade Parlamentar,0,Sem indício cadastral crítico,FOUND,ATIVA,4,23,3651.50,123562.947566,162703.54342443834,-0.737,Comportamento esperado
413,160548,Jonas Donizette,PSB,SP,Outros,"Serviço De Táxi, Pedágio E Estacionamento",0,Sem indício cadastral crítico,FOUND,ATIVA,22,731,15988.73,11967.060840,16796.655097373645,0.2394,Comportamento esperado
640,204573,Otto Alencar Filho,PSD,BA,Outros,Manutenção De Escritório De Apoio À Atividade Parlamentar,0,Sem indício cadastral crítico,FOUND,ATIVA,4,228,132133.43,98257.521290,134321.8726415135,0.2522,Comportamento esperado
86,220683,Beto Richa,PSDB,PR,Outros,Manutenção De Escritório De Apoio À Atividade Parlamentar,0,Sem indício cadastral crítico,FOUND,ATIVA,17,224,174438.31,86193.122500,116860.66498214444,0.7551,Comportamento esperado
365,204408,Gustinho Ribeiro,PP,SE,Outros,Manutenção De Escritório De Apoio À Atividade Parlamentar,0,Sem indício cadastral crítico,FOUND,ATIVA,1,8,6800.00,43647.935652,66268.36061748704,-0.556,Comportamento esperado
358,220639,Guilherme Boulos,PSOL,SP,Comunicação,Telefonia,0,Sem indício cadastral crítico,FOUND,ATIVA,2,34,8955.80,19889.940211,25751.500071775903,-0.4246,Comportamento esperado
475,122195,Leonardo Gadelha,PODE,PB,Combustível,Combustíveis E Lubrificantes.,0,Sem indício cadastral crítico,FOUND,ATIVA,18,31,5538.08,61582.608974,85760.8839439169,-0.6535,Comportamento esperado
704,160641,Professora Marcivania,PCDOB,AP,Combustível,Combustíveis E Lubrificantes.,0,Sem indício cadastral crítico,FOUND,ATIVA,20,63,73962.66,24571.047667,39205.554475113444,1.2598,Comportamento esperado
400,220697,Jadyel Alencar,REPUBLICANOS,PI,Locomoção,Locação Ou Fretamento De Veículos Automotores,0,Sem indício cadastral crítico,FOUND,ATIVA,1,19,228000.00,264114.661053,215307.58327079436,-0.1677,Comportamento esperado
427,141470,José Guimarães,PT,CE,Locomoção,Locação Ou Fretamento De Veículos Automotores,0,Sem indício cadastral crítico,FOUND,ATIVA,5,36,173133.00,139651.247778,143531.8586124825,0.2333,Comportamento esperado
498,220616,Luciano Vieira,PSDB,RJ,Outros,Manutenção De Escritório De Apoio À Atividade Parlamentar,0,Sem indício cadastral crítico,FOUND,ATIVA,8,53,349961.26,80988.593819,134414.71100556676,2.0011,Possível anomalia financeira
318,68720,Fábio Henrique,UNIÃO,SE,Locomoção,Locação Ou Fretamento De Veículos Automotores,0,Sem indício cadastral crítico,FOUND,ATIVA,3,16,134599.81,212589.297222,162975.5333971958,-0.4785,Comportamento esperado
384,160674,Hugo Motta,REPUBLICANOS,PB,Outros,Manutenção De Escritório De Apoio À Atividade Parlamentar,0,Sem indício cadastral crítico,FOUND,ATIVA,6,8,852.08,40088.436364,59072.75761932022,-0.6642,Comportamento esperado
123,220704,Carol Dartora,PT,PR,Outros,Serviços Postais,0,Sem indício cadastral crítico,FOUND,ATIVA,4,5,1326.88,2362.262000,4411.055170390342,-0.2347,Comportamento esperado
674,220630,Pedro Aihara,PP,MG,Alimentação,Fornecimento De Alimentação Do Parlamentar,1,Situação cadastral não ativa: BAIXADA,FOUND,BAIXADA,17,33,2050.68,3421.773553,6721.942950865462,-0.204,Fornecedor com CNPJ suspeito
797,204360,Silvia Cristina,PP,RO,Publicidade,Divulgação Da Atividade Parlamentar.,1,Situação cadastral não ativa: BAIXADA,FOUND,BAIXADA,4,16,138600.00,289552.191071,359934.1329827757,-0.4194,Fornecedor com CNPJ suspeito
314,204494,Fred Costa,PRD,MG,Outros,Manutenção De Escritório De Apoio À Atividade Parlamentar,0,Sem indício cadastral crítico,FOUND,ATIVA,16,210,315894.17,123562.947566,162703.54342443834,1.1821,Comportamento esperado
390,204508,Igor Timo,PODE,MG,Outros,"Serviço De Táxi, Pedágio E Estacionamento",0,Sem indício cadastral crítico,FOUND,ATIVA,5,21,284.00,5572.245385,10370.293242628488,-0.5099,Comportamento esperado
274,204537,Enrico Misasi,MDB,SP,Publicidade,Divulgação Da Atividade Parlamentar.,0,Sem indício cadastral crítico,FOUND,ATIVA,3,5,9542.36,243741.226243,313657.1515008437,-0.7467,Comportamento esperado
127,141405,Celso Maldaner,MDB,SC,Combustível,Combustíveis E Lubrificantes.,1,Situação cadastral não ativa: BAIXADA,FOUND,BAIXADA,1,1,378.01,63943.250339,85631.6159933909,-0.7423,Fornecedor com CNPJ suspeito
530,179587,Major Vitor Hugo,PL,GO,Alimentação,Fornecimento De Alimentação Do Parlamentar,0,Sem indício cadastral crítico,FOUND,ATIVA,15,30,1563.15,3293.239000,7032.529544734017,-0.246,Comportamento esperado
167,220629,Dandara,PT,MG,Hotéis,"Hospedagem ,exceto Do Parlamentar No Distrito Federal.",1,Situação cadastral não ativa: BAIXADA,FOUND,BAIXADA,2,2,544.32,17018.453084,26330.369533202334,-0.6257,Fornecedor com CNPJ suspeito
735,220633,Ricardo Salles,NOVO,SP,Publicidade,Divulgação Da Atividade Parlamentar.,1,Situação cadastral não ativa: BAIXADA,FOUND,BAIXADA,1,20,120000.00,243741.226243,313657.1515008437,-0.3945,Fornecedor com CNPJ suspeito
535,205863,Marcelo Brum,REPUBLICANOS,RS,Publicidade,Divulgação Da Atividade Parlamentar.,1,Situação cadastral não ativa: INAPTA,FOUND,INAPTA,1,3,4500.00,215724.063125,265101.600265673,-0.7968,Fornecedor com CNPJ suspeito
134,141439,Chico D'angelo,PDT,RJ,Outros,Manutenção De Escritório De Apoio À Atividade Parlamentar,0,Sem indício cadastral crítico,FOUND,ATIVA,2,10,1577.13,80988.593819,134414.71100556676,-0.5908,Comportamento esperado
711,204567,Raimundo Costa,PODE,BA,Outros,"Passagens Terrestres, Marítimas Ou Fluviais",0,Sem indício cadastral crítico,FOUND,ATIVA,1,46,6717.87,3634.349545,9001.916528866017,0.3425,Comportamento esperado
838,195866,Vaidon Oliveira,UNIÃO,CE,Outros,Manutenção De Escritório De Apoio À Atividade Parlamentar,0,Sem indício cadastral crítico,FOUND,ATIVA,3,8,3240.80,68348.775082,105244.60317209057,-0.6186,Comportamento esperado
571,204428,Marília Arraes,SOLIDARIEDADE,PE,Combustível,Combustíveis E Lubrificantes.,0,Sem indício cadastral crítico,FOUND,ATIVA,50,108,26872.63,53506.291935,82942.380015203,-0.3211,Comportamento esperado
488,204523,Lucas Gonzalez,NOVO,MG,Viagens,Passagem Aérea - Sigepa,,,,,0,69,66356.67,195216.599630,167832.49260588933,-0.7678,Comportamento esperado
31,220554,Alexandre Lindenmeyer,PT,RS,Combustível,Combustíveis E Lubrificantes.,0,Sem indício cadastral crítico,FOUND,ATIVA,372,1422,271306.49,60520.148547,97388.05968907535,2.1644,Possível anomalia financeira
730,215042,Ricardo Da Karol,PDT,RJ,Viagens,Passagem Aérea - Sigepa,,,,,0,92,112660.44,213577.740357,175550.75566941444,-0.5749,Comportamento esperado
763,204525,Rosana Valle,PL,SP,Outros,Manutenção De Escritório De Apoio À Atividade Parlamentar,0,Sem indício cadastral crítico,FOUND,ATIVA,11,361,666071.96,98538.487659,143509.98800071477,3.9547,Anomalia financeira extrema
178,220557,Daniela Reinehr,PL,SC,Combustível,Combustíveis E Lubrificantes.,0,Sem indício cadastral crítico,FOUND,ATIVA,245,713,161333.01,63943.250339,85631.6159933909,1.1373,Comportamento esperado
50,220632,Ana Pimentel,PT,MG,Outros,Manutenção De Escritório De Apoio À Atividade Parlamentar,0,Documento não consultado por não ser CNPJ,NOT_APPLICABLE,,3,38,100700.00,123562.947566,162703.54342443834,-0.1405,Comportamento esperado
383,141450,Hugo Leal,PSD,RJ,Outros,Manutenção De Escritório De Apoio À Atividade Parlamentar,0,Sem indício cadastral crítico,FOUND,ATIVA,21,263,321031.34,80988.593819,134414.71100556676,1.7858,Comportamento esperado
634,73463,Osmar Serraglio,PP,PR,Combustível,Combustíveis E Lubrificantes.,0,Sem indício cadastral crítico,FOUND,ATIVA,69,86,65000.81,57944.345500,82353.4495793919,0.0857,Comportamento esperado
13,178835,Afonso Motta,PDT,RS,Outros,"Serviço De Táxi, Pedágio E Estacionamento",0,Sem indício cadastral crítico,FOUND,ATIVA,7,492,2996.05,10192.084923,16137.89190584743,-0.4459,Comportamento esperado
9,121948,Adriano Do Baldy,PP,GO,Hotéis,"Hospedagem ,exceto Do Parlamentar No Distrito Federal.",1,Situação cadastral não ativa: BAIXADA,FOUND,BAIXADA,3,4,451.00,7024.380500,8737.204954294128,-0.7523,Fornecedor com CNPJ suspeito
772,74371,Rubens Otoni,PT,GO,Publicidade,Divulgação Da Atividade Parlamentar.,1,Situação cadastral não ativa: BAIXADA,FOUND,BAIXADA,3,28,74500.00,294423.402917,352090.0693215526,-0.6246,Fornecedor com CNPJ suspeito
326,220708,Gabriel Nunes,PSD,BA,Publicidade,Divulgação Da Atividade Parlamentar.,0,Sem indício cadastral crítico,FOUND,ATIVA,14,142,745550.00,317318.910361,328157.1355142384,1.305,Comportamento esperado
552,204431,Marcos Aurélio Sampaio,PSD,PI,Combustível,Combustíveis E Lubrificantes.,0,Sem indício cadastral crítico,FOUND,ATIVA,5,27,56420.00,73929.545357,101552.42380940972,-0.1724,Comportamento esperado
383,141450,Hugo Leal,PSD,RJ,Publicidade,Divulgação Da Atividade Parlamentar.,0,Sem indício cadastral crítico,FOUND,ATIVA,7,28,177336.00,226781.355120,259582.44863584734,-0.1905,Comportamento esperado
364,220568,Gustavo Gayer,PL,GO,Publicidade,Divulgação Da Atividade Parlamentar.,0,Sem indício cadastral crítico,FOUND,ATIVA,10,54,110069.33,294423.402917,352090.0693215526,-0.5236,Comportamento esperado
282,178953,Expedito Netto,PSD,RO,Publicidade,Divulgação Da Atividade Parlamentar.,1,Situação cadastral não ativa: INAPTA,FOUND,INAPTA,1,3,1500.00,289552.191071,359934.1329827757,-0.8003,Fornecedor com CNPJ suspeito
499,178954,Lucio Mosquini,MDB,RO,Alimentação,Fornecimento De Alimentação Do Parlamentar,1,Situação cadastral não ativa: BAIXADA,FOUND,BAIXADA,3,3,184.00,3332.884500,5228.833199412531,-0.6022,Fornecedor com CNPJ suspeito
669,74400,Paulo Pimenta,PT,RS,Outros,Manutenção De Escritório De Apoio À Atividade Parlamentar,0,Documento não consultado por não ser CNPJ,NOT_APPLICABLE,,1,20,67812.27,109428.142500,149558.61424927576,-0.2783,Comportamento esperado
348,178996,Giovani Feltes,MDB,RS,Outros,Serviços Postais,0,Sem indício cadastral crítico,FOUND,ATIVA,1,16,1205.28,862.238182,1333.8726370935917,0.2572,Comportamento esperado
450,204457,Juninho Do Pneu,PSDB,RJ,Combustível,Combustíveis E Lubrificantes.,1,Situação cadastral não ativa: BAIXADA,FOUND,BAIXADA,1,1,223.70,44023.319398,62812.667137756165,-0.6973,Fornecedor com CNPJ suspeito
320,178969,Fábio Mitidieri,PSD,SE,Publicidade,Divulgação Da Atividade Parlamentar.,0,Sem indício cadastral crítico,FOUND,ATIVA,5,21,60480.00,230946.483077,301200.1033422071,-0.566,Comportamento esperado
321,141427,Fábio Ramalho,MDB,MG,Outros,Manutenção De Escritório De Apoio À Atividade Parlamentar,0,Documento não consultado por não ser CNPJ,NOT_APPLICABLE,,1,13,81192.30,123562.947566,162703.54342443834,-0.2604,Comportamento esperado
710,220626,Rafael Simoes,UNIÃO,MG,Outros,"Serviço De Táxi, Pedágio E Estacionamento",0,Sem indício cadastral crítico,FOUND,ATIVA,4,19,1986.28,5572.245385,10370.293242628488,-0.3458,Comportamento esperado
404,74273,Jefferson Campos,PL,SP,Outros,"Serviço De Táxi, Pedágio E Estacionamento",0,Sem indício cadastral crítico,FOUND,ATIVA,1,32,18841.87,11967.060840,16796.655097373645,0.4093,Comportamento esperado
590,92172,Milton Coelho,PSB,PE,Hotéis,"Hospedagem ,exceto Do Parlamentar No Distrito Federal.",0,Sem indício cadastral crítico,FOUND,ATIVA,2,5,3680.36,17089.374528,23447.97906027458,-0.5719,Comportamento esperado
348,178996,Giovani Feltes,MDB,RS,Combustível,Combustíveis E Lubrificantes.,1,CNPJ não encontrado na API pública,NOT_FOUND,,1,1,100.00,60520.148547,97388.05968907535,-0.6204,Fornecedor com CNPJ suspeito
298,220656,Fernanda Pessoa,PSD,CE,Locomoção,Locação Ou Fretamento De Aeronaves,0,Sem indício cadastral crítico,FOUND,ATIVA,1,2,32000.00,46678.600000,38881.59920573464,-0.3775,Comportamento esperado
131,205476,Charles Fernandes,PSD,BA,Viagens,Passagem Aérea - Rpa,0,Sem indício cadastral crítico,FOUND,ATIVA,2,8,8167.04,31763.658913,54219.86604798766,-0.4352,Comportamento esperado
59,204515,André Janones,AVANTE,MG,Outros,"Serviço De Táxi, Pedágio E Estacionamento",0,Sem indício cadastral crítico,FOUND,ATIVA,1,3,4500.00,5572.245385,10370.293242628488,-0.1034,Comportamento esperado
453,178886,Juscelino Filho,PSDB,MA,Locomoção,Locação Ou Fretamento De Veículos Automotores,0,Sem indício cadastral crítico,FOUND,ATIVA,2,7,89000.00,122090.952683,112418.39663710551,-0.2944,Comportamento esperado
579,220609,Maurício Carvalho,UNIÃO,RO,Outros,"Serviço De Táxi, Pedágio E Estacionamento",0,Sem indício cadastral crítico,FOUND,ATIVA,2,18,353.46,1932.761250,3462.107549787877,-0.4562,Comportamento esperado
622,209787,Nikolas Ferreira,PL,MG,Publicidade,Divulgação Da Atividade Parlamentar.,0,Sem indício cadastral crítico,FOUND,ATIVA,4,10,30870.00,194891.353020,276881.75990132586,-0.5924,Comportamento esperado
265,234406,Elmano Férrer,PP,PI,Locomoção,Locação Ou Fretamento De Veículos Automotores,0,Sem indício cadastral crítico,FOUND,ATIVA,2,6,54600.00,264114.661053,215307.58327079436,-0.9731,Comportamento esperado
673,171617,Paulão,PT,AL,Combustível,Combustíveis E Lubrificantes.,0,Sem indício cadastral crítico,FOUND,ATIVA,165,431,80476.37,41184.340741,54405.12179897842,0.7222,Comportamento esperado
113,204507,Carla Zambelli,PL,SP,Combustível,Combustíveis E Lubrificantes.,0,Sem indício cadastral crítico,FOUND,ATIVA,235,663,165380.99,42192.750821,64034.19773844777,1.9238,Comportamento esperado
50,220632,Ana Pimentel,PT,MG,Outros,"Serviço De Táxi, Pedágio E Estacionamento",0,Sem indício cadastral crítico,FOUND,ATIVA,18,537,23496.79,5572.245385,10370.293242628488,1.7285,Comportamento esperado
15,204495,Airton Faleiro,PT,PA,Comunicação,Telefonia,0,Sem indício cadastral crítico,FOUND,ATIVA,3,46,42668.32,14410.800000,15329.862478744984,1.8433,Comportamento esperado
226,204518,Dr. Frederico,PRD,MG,Locomoção,Locação Ou Fretamento De Veículos Automotores,0,Sem indício cadastral crítico,FOUND,ATIVA,3,103,423352.67,199358.988889,190617.58878325575,1.1751,Comportamento esperado
215,160758,Domingos Sávio,PL,MG,Viagens,Passagem Aérea - Sigepa,,,,,0,238,243282.36,195216.599630,167832.49260588933,0.2864,Comportamento esperado
623,74352,Nilson Pinto,PSDB,PA,Locomoção,Locação Ou Fretamento De Veículos Automotores,0,Sem indício cadastral crítico,FOUND,ATIVA,2,14,62900.00,121907.551481,147158.0353457022,-0.401,Comportamento esperado
259,204364,Eli Borges,REPUBLICANOS,TO,Publicidade,Divulgação Da Atividade Parlamentar.,0,Sem indício cadastral crítico,FOUND,ATIVA,8,62,665350.72,260231.601071,329408.0872597135,1.2298,Comportamento esperado
59,204515,André Janones,REDE,MG,Alimentação,Fornecimento De Alimentação Do Parlamentar,0,Sem indício cadastral crítico,FOUND,ATIVA,46,153,10088.22,3421.773553,6721.942950865462,0.9917,Comportamento esperado
652,74160,Patrus Ananias,PT,MG,Locomoção,Locação Ou Fretamento De Veículos Automotores,1,Situação cadastral não ativa: INAPTA,FOUND,INAPTA,1,1,175.00,199358.988889,190617.58878325575,-1.0449,Fornecedor com CNPJ suspeito
898,,,,NA,Publicidade,Divulgação Da Atividade Parlamentar.,0,Sem indício cadastral crítico,FOUND,ATIVA,5,52,114814.74,50979.424375,81608.46012151951,0.7822,Comportamento esperado
192,220673,Delegado Caveira,PL,PA,Hotéis,"Hospedagem ,exceto Do Parlamentar No Distrito Federal.",1,Situação cadastral não ativa: BAIXADA,FOUND,BAIXADA,1,1,170.00,12723.705217,19811.362899516178,-0.6337,Fornecedor com CNPJ suspeito
77,69871,Bacelar,PV,BA,Outros,Manutenção De Escritório De Apoio À Atividade Parlamentar,0,Sem indício cadastral crítico,FOUND,ATIVA,6,86,54963.19,98257.521290,134321.8726415135,-0.3223,Comportamento esperado
895,,,,NA,Publicidade,Divulgação Da Atividade Parlamentar.,0,Sem indício cadastral crítico,FOUND,ATIVA,2,15,37399.59,50979.424375,81608.46012151951,-0.1664,Comportamento esperado
181,160552,Danrlei De Deus Hinterholz,PSD,RS,Outros,Manutenção De Escritório De Apoio À Atividade Parlamentar,0,Documento não consultado por não ser CNPJ,NOT_APPLICABLE,,1,11,39600.00,109428.142500,149558.61424927576,-0.4669,Comportamento esperado
466,98057,Lafayette De Andrada,PL,MG,Outros,"Serviço De Táxi, Pedágio E Estacionamento",0,Sem indício cadastral crítico,FOUND,ATIVA,23,175,28160.87,5572.245385,10370.293242628488,2.1782,Possível anomalia financeira
80,220612,Bebeto,PP,RJ,Locomoção,Locação Ou Fretamento De Veículos Automotores,0,Sem indício cadastral crítico,FOUND,ATIVA,1,38,449000.00,162239.394390,163272.60476613723,1.7563,Comportamento esperado
780,204416,Sanderson,PL,RS,Serviços profissionais,"Consultorias, Pesquisas E Trabalhos Técnicos.",0,Sem indício cadastral crítico,FOUND,ATIVA,1,11,123700.00,39996.666667,35707.577110401064,2.3441,Possível anomalia financeira
356,198197,Greyce Elias,PL,MG,Outros,"Serviço De Táxi, Pedágio E Estacionamento",1,Situação cadastral não ativa: BAIXADA,FOUND,BAIXADA,1,1,185.00,5572.245385,10370.293242628488,-0.5195,Fornecedor com CNPJ suspeito
567,204403,Marlon Santos,PL,RS,Serviços profissionais,"Consultorias, Pesquisas E Trabalhos Técnicos.",1,Situação cadastral não ativa: BAIXADA,FOUND,BAIXADA,1,13,87000.00,39996.666667,35707.577110401064,1.3163,Fornecedor com CNPJ suspeito
425,215043,Josivaldo Jp,UNIÃO,MA,Combustível,Combustíveis E Lubrificantes.,1,Situação cadastral não ativa: BAIXADA,FOUND,BAIXADA,4,22,4002.26,34895.172615,52384.05405357016,-0.5897,Fornecedor com CNPJ suspeito
883,123086,Átila Lira,PP,PI,Outros,Serviço De Segurança Prestado Por Empresa Especializada.,0,Sem indício cadastral crítico,FOUND,ATIVA,1,24,203999.04,147917.945000,155282.31492759756,0.3612,Comportamento esperado
646,160642,Pastor Eurico,PSDB,PE,Locomoção,Locação Ou Fretamento De Veículos Automotores,0,Sem indício cadastral crítico,FOUND,ATIVA,2,65,408425.47,220869.240392,185976.71020526288,1.0085,Comportamento esperado
864,224333,Welter,PT,PR,Publicidade,Divulgação Da Atividade Parlamentar.,1,Situação cadastral não ativa: BAIXADA,FOUND,BAIXADA,3,36,68592.75,263664.052022,329972.5348930845,-0.5912,Fornecedor com CNPJ suspeito
461,220677,Keniston Braga,MDB,PA,Outros,"Serviço De Táxi, Pedágio E Estacionamento",0,Sem indício cadastral crítico,FOUND,ATIVA,1,3,111.77,357.850000,369.23795491525516,-0.6665,Comportamento esperado
88,207176,Bia Cavassa,PSDB,MS,Viagens,Passagem Aérea - Rpa,0,Sem indício cadastral crítico,FOUND,ATIVA,2,23,15378.40,17942.155000,19044.285855017733,-0.1346,Comportamento esperado
380,100689,Hildo Do Candango,REPUBLICANOS,GO,Combustível,Combustíveis E Lubrificantes.,0,Sem indício cadastral crítico,FOUND,ATIVA,7,7,1726.79,65044.277593,95738.05404592726,-0.6614,Comportamento esperado
882,74459,Átila Lira,PP,PI,Outros,Manutenção De Escritório De Apoio À Atividade Parlamentar,0,Sem indício cadastral crítico,FOUND,ATIVA,3,24,10335.80,64892.367419,74159.10998309037,-0.7357,Comportamento esperado
827,178862,Tia Eron,REPUBLICANOS,BA,Combustível,Combustíveis E Lubrificantes.,0,Sem indício cadastral crítico,FOUND,ATIVA,6,9,2510.26,76280.976842,110667.4963849575,-0.6666,Comportamento esperado
437,178970,João Daniel,PT,SE,Hotéis,"Hospedagem ,exceto Do Parlamentar No Distrito Federal.",0,Sem indício cadastral crítico,FOUND,ATIVA,1,3,1296.00,13543.401111,21569.307793305772,-0.5678,Comportamento esperado
163,141411,Dagoberto Nogueira,PSDB,MS,Outros,Serviços Postais,0,Sem indício cadastral crítico,FOUND,ATIVA,1,3,156.90,457.525000,425.1479521884117,-0.7071,Comportamento esperado
160,178876,Célio Silveira,MDB,GO,Publicidade,Divulgação Da Atividade Parlamentar.,0,Sem indício cadastral crítico,FOUND,ATIVA,5,52,1314200.00,294423.402917,352090.0693215526,2.8964,Possível anomalia financeira
438,74550,João Leão,PP,BA,Outros,"Passagens Terrestres, Marítimas Ou Fluviais",0,Sem indício cadastral crítico,FOUND,ATIVA,3,3,1036.11,3634.349545,9001.916528866017,-0.2886,Comportamento esperado
878,160632,Zé Silva,SOLIDARIEDADE,MG,Viagens,Passagem Aérea - Rpa,0,Sem indício cadastral crítico,FOUND,ATIVA,3,23,31524.28,40253.940526,63478.97879162227,-0.1375,Comportamento esperado
674,220630,Pedro Aihara,PP,MG,Publicidade,Divulgação Da Atividade Parlamentar.,1,Situação cadastral não ativa: BAIXADA,FOUND,BAIXADA,2,2,470.00,194891.353020,276881.75990132586,-0.7022,Fornecedor com CNPJ suspeito
174,228941,Daniel José,PODE,SP,Locomoção,Locação Ou Fretamento De Veículos Automotores,1,Situação cadastral não ativa: BAIXADA,FOUND,BAIXADA,1,1,7480.87,147254.510948,139673.23431152088,-1.0007,Fornecedor com CNPJ suspeito
195,204512,Delegado Marcelo Freitas,UNIÃO,MG,Comunicação,Telefonia,1,Situação cadastral não ativa: BAIXADA,FOUND,BAIXADA,1,1,149.94,15607.667083,19082.29985422686,-0.8101,Fornecedor com CNPJ suspeito
824,180018,Thiago Cartaxo,PODE,RN,Publicidade,Divulgação Da Atividade Parlamentar.,1,Situação cadastral não ativa: BAIXADA,FOUND,BAIXADA,1,1,1900.00,246483.533462,299233.5953313259,-0.8174,Fornecedor com CNPJ suspeito
259,204364,Eli Borges,PL,TO,Locomoção,Locação Ou Fretamento De Veículos Automotores,0,Sem indício cadastral crítico,FOUND,ATIVA,3,18,99004.43,117209.676500,159137.4356385456,-0.1144,Comportamento esperado
687,204406,Pedro Westphalen,PP,RS,Combustível,Combustíveis E Lubrificantes.,0,Sem indício cadastral crítico,FOUND,ATIVA,292,1049,213789.96,60520.148547,97388.05968907535,1.5738,Comportamento esperado
412,204546,Joice Hasselmann,PSDB,SP,Combustível,Combustíveis E Lubrificantes.,0,Sem indício cadastral crítico,FOUND,ATIVA,21,45,16937.01,42192.750821,64034.19773844777,-0.3944,Comportamento esperado
501,222429,Luis Carlos Gomes,REPUBLICANOS,RJ,Combustível,Combustíveis E Lubrificantes.,0,Sem indício cadastral crítico,FOUND,ATIVA,131,304,61012.96,44023.319398,62812.667137756165,0.2705,Comportamento esperado
85,220698,Beto Preto,PSD,PR,Combustível,Combustíveis E Lubrificantes.,0,Sem indício cadastral crítico,FOUND,ATIVA,73,156,38243.63,57944.345500,82353.4495793919,-0.2392,Comportamento esperado
685,160604,Pedro Uczai,PT,SC,Hotéis,"Hospedagem ,exceto Do Parlamentar No Distrito Federal.",0,Sem indício cadastral crítico,FOUND,ATIVA,121,457,156950.88,36695.958649,43528.74004922331,2.7627,Possível anomalia financeira
675,90201,Pedro Augusto Bezerra,PDT,CE,Comunicação,Telefonia,0,Sem indício cadastral crítico,FOUND,ATIVA,2,36,10096.82,11707.711071,16858.211643996754,-0.0956,Comportamento esperado
568,204566,Marreca Filho,PRD,MA,Combustível,Combustíveis E Lubrificantes.,0,Sem indício cadastral crítico,FOUND,ATIVA,110,310,169212.79,34895.172615,52384.05405357016,2.5641,Possível anomalia financeira
507,141485,Luiz Carlos Busato,UNIÃO,RS,Combustível,Combustíveis E Lubrificantes.,0,Sem indício cadastral crítico,FOUND,ATIVA,145,580,168776.79,60520.148547,97388.05968907535,1.1116,Comportamento esperado
771,73466,Rubens Bueno,CIDADANIA,PR,Hotéis,"Hospedagem ,exceto Do Parlamentar No Distrito Federal.",0,Sem indício cadastral crítico,FOUND,ATIVA,17,35,7950.74,18419.328649,34024.43115299299,-0.3077,Comportamento esperado
581,220607,Max Lemos,PDT,RJ,Combustível,Combustíveis E Lubrificantes.,0,Sem indício cadastral crítico,FOUND,ATIVA,96,384,71718.24,44023.319398,62812.667137756165,0.4409,Comportamento esperado
116,178962,Carlos Gomes,REPUBLICANOS,RS,Viagens,Passagem Aérea - Sigepa,,,,,0,215,210022.92,223297.576531,126627.95953182003,-0.1048,Comportamento esperado
349,226179,Gisela Simona,UNIÃO,MT,Alimentação,Fornecimento De Alimentação Do Parlamentar,0,Sem indício cadastral crítico,FOUND,ATIVA,29,88,4873.03,2273.261250,4466.178507118996,0.5821,Comportamento esperado
219,227401,Dr Fabio Rueda,UNIÃO,AC,Viagens,Passagem Aérea - Sigepa,,,,,0,17,18957.59,131556.873333,92765.04055863072,-1.2138,Comportamento esperado
107,178829,Capitão Augusto,PL,SP,Outros,Manutenção De Escritório De Apoio À Atividade Parlamentar,0,Sem indício cadastral crítico,FOUND,ATIVA,22,224,182274.19,98538.487659,143509.98800071477,0.5835,Comportamento esperado
331,220611,General Pazuello,PL,RJ,Locomoção,Locação Ou Fretamento De Veículos Automotores,0,Sem indício cadastral crítico,FOUND,ATIVA,5,9,40042.82,162239.394390,163272.60476613723,-0.7484,Comportamento esperado
613,220622,Nely Aquino,PODE,MG,Outros,Manutenção De Escritório De Apoio À Atividade Parlamentar,0,Documento não consultado por não ser CNPJ,NOT_APPLICABLE,,2,34,451500.00,123562.947566,162703.54342443834,2.0155,Possível anomalia financeira
516,162332,Luiz Nishimori,PSD,PR,Publicidade,Assinatura De Publicações,0,Sem indício cadastral crítico,FOUND,ATIVA,1,1,2050.10,799.995625,610.7018274408415,2.047,Possível anomalia financeira
873,220552,Zucco,PL,RS,Publicidade,Divulgação Da Atividade Parlamentar.,0,Sem indício cadastral crítico,FOUND,ATIVA,12,71,175023.00,215724.063125,265101.600265673,-0.1535,Comportamento esperado
279,204482,Euclydes Pettersen,PSC,MG,Publicidade,Divulgação Da Atividade Parlamentar.,0,Sem indício cadastral crítico,FOUND,ATIVA,8,13,159627.10,194891.353020,276881.75990132586,-0.1274,Comportamento esperado
350,152605,Glauber Braga,PSOL,RJ,Hotéis,"Hospedagem ,exceto Do Parlamentar No Distrito Federal.",0,Sem indício cadastral crítico,FOUND,ATIVA,8,44,9262.79,13016.628636,21468.959145470457,-0.1748,Comportamento esperado
479,74299,Leônidas Cristino,PDT,CE,Outros,"Passagens Terrestres, Marítimas Ou Fluviais",0,Sem indício cadastral crítico,FOUND,ATIVA,1,19,998.55,650.370000,366.5434839142553,0.9499,Comportamento esperado
630,204498,Olival Marques,MDB,PA,Viagens,Passagem Aérea - Rpa,0,Sem indício cadastral crítico,FOUND,ATIVA,3,24,29348.28,40638.794706,54559.71826891466,-0.2069,Comportamento esperado
840,160610,Valmir Assunção,PT,BA,Combustível,Combustíveis E Lubrificantes.,1,Situação cadastral não ativa: BAIXADA,FOUND,BAIXADA,2,2,502.15,76280.976842,110667.4963849575,-0.6847,Fornecedor com CNPJ suspeito
92,204561,Bira Do Pindaré,PSB,MA,Outros,Manutenção De Escritório De Apoio À Atividade Parlamentar,1,Erro na consulta pública de CNPJ,ERROR,,1,9,701.23,64195.130784,109861.24089764054,-0.5779,Fornecedor com CNPJ suspeito
777,178990,Samuel Moreira,PSDB,SP,Publicidade,Divulgação Da Atividade Parlamentar.,1,Situação cadastral não ativa: INAPTA,FOUND,INAPTA,1,4,60000.00,243741.226243,313657.1515008437,-0.5858,Fornecedor com CNPJ suspeito
864,224333,Welter,PT,PR,Outros,"Serviço De Táxi, Pedágio E Estacionamento",0,Sem indício cadastral crítico,FOUND,ATIVA,16,187,8203.77,5713.999474,13397.131596894355,0.1858,Comportamento esperado
212,160599,Dimas Fabiano,PP,MG,Combustível,Combustíveis E Lubrificantes.,0,Sem indício cadastral crítico,FOUND,ATIVA,353,1631,290260.19,65306.104375,92314.0005265802,2.4368,Possível anomalia financeira
769,220620,Rosângela Reis,PL,MG,Comunicação,Telefonia,0,Sem indício cadastral crítico,FOUND,ATIVA,4,62,16190.56,15607.667083,19082.29985422686,0.0305,Comportamento esperado
682,204395,Pedro Lupion,REPUBLICANOS,PR,Viagens,Passagem Aérea - Sigepa,,,,,0,361,394186.45,173223.575536,125997.34942419773,1.7537,Comportamento esperado
13,178835,Afonso Motta,PDT,RS,Alimentação,Fornecimento De Alimentação Do Parlamentar,0,Sem indício cadastral crítico,FOUND,ATIVA,47,188,10115.09,7368.085075,13657.337051272762,0.2011,Comportamento esperado
43,204545,Alê Silva,REPUBLICANOS,MG,Outros,Manutenção De Escritório De Apoio À Atividade Parlamentar,0,Sem indício cadastral crítico,FOUND,ATIVA,8,52,82531.24,123562.947566,162703.54342443834,-0.2522,Comportamento esperado
579,220609,Maurício Carvalho,UNIÃO,RO,Combustível,Combustíveis E Lubrificantes.,0,Sem indício cadastral crítico,FOUND,ATIVA,102,486,141069.72,64922.175357,86632.41303886044,0.879,Comportamento esperado
248,204421,Edna Henrique,REPUBLICANOS,PB,Publicidade,Divulgação Da Atividade Parlamentar.,0,Sem indício cadastral crítico,FOUND,ATIVA,7,49,135600.00,324815.111538,407718.48875224456,-0.4641,Comportamento esperado
47,220596,Amália Barros,PL,MT,Publicidade,Divulgação Da Atividade Parlamentar.,0,Sem indício cadastral crítico,FOUND,ATIVA,16,56,170869.19,167205.955714,207800.9242977291,0.0176,Comportamento esperado
404,74273,Jefferson Campos,PL,SP,Combustível,Combustíveis E Lubrificantes.,0,Sem indício cadastral crítico,FOUND,ATIVA,23,130,147397.07,42192.750821,64034.19773844777,1.6429,Comportamento esperado
677,220667,Pedro Campos,PSB,PE,Combustível,Combustíveis E Lubrificantes.,0,Sem indício cadastral crítico,FOUND,ATIVA,154,671,139194.72,53506.291935,82942.380015203,1.0331,Comportamento esperado
801,220569,Silvye Alves,UNIÃO,GO,Publicidade,Divulgação Da Atividade Parlamentar.,0,Sem indício cadastral crítico,FOUND,ATIVA,11,19,338018.50,294423.402917,352090.0693215526,0.1238,Comportamento esperado
894,,,,NA,Alimentação,Fornecimento De Alimentação Do Parlamentar,0,Sem indício cadastral crítico,FOUND,ATIVA,3,140,183646.85,76824.316875,122514.48277202321,0.8719,Comportamento esperado
660,193726,Paulo Eduardo Martins,PL,PR,Combustível,Combustíveis E Lubrificantes.,0,Sem indício cadastral crítico,FOUND,ATIVA,18,45,12726.95,57944.345500,82353.4495793919,-0.5491,Comportamento esperado
653,74095,Pauderney Avelino,UNIÃO,AM,Locomoção,Locação Ou Fretamento De Veículos Automotores,0,Sem indício cadastral crítico,FOUND,ATIVA,4,47,286364.99,152696.895000,125499.30922769064,1.0651,Comportamento esperado
190,204451,Delegado Antônio Furtado,UNIÃO,RJ,Viagens,Passagem Aérea - Sigepa,,,,,0,54,52808.02,213577.740357,175550.75566941444,-0.9158,Comportamento esperado
713,115200,Raniery Paulino,REPUBLICANOS,PB,Combustível,Combustíveis E Lubrificantes.,0,Sem indício cadastral crítico,FOUND,ATIVA,10,18,3634.13,61582.608974,85760.8839439169,-0.6757,Comportamento esperado
570,178843,Marx Beltrão,PP,AL,Viagens,Passagem Aérea - Rpa,0,Sem indício cadastral crítico,FOUND,ATIVA,2,14,7001.09,21225.077273,32156.183325062724,-0.4423,Comportamento esperado
739,152610,Roberto Alves,REPUBLICANOS,SP,Publicidade,Divulgação Da Atividade Parlamentar.,1,Situação cadastral não ativa: BAIXADA,FOUND,BAIXADA,1,2,10000.00,243741.226243,313657.1515008437,-0.7452,Fornecedor com CNPJ suspeito
436,230957,João Cury,MDB,SP,Outros,Manutenção De Escritório De Apoio À Atividade Parlamentar,1,Situação cadastral não ativa: BAIXADA,FOUND,BAIXADA,1,2,841.90,98538.487659,143509.98800071477,-0.6808,Fornecedor com CNPJ suspeito
706,220586,Rafael Brito,MDB,AL,Combustível,Combustíveis E Lubrificantes.,1,Situação cadastral não ativa: BAIXADA,FOUND,BAIXADA,2,3,420.04,41184.340741,54405.12179897842,-0.7493,Fornecedor com CNPJ suspeito
828,219568,Tiago Andrino,PSB,TO,Outros,Manutenção De Escritório De Apoio À Atividade Parlamentar,0,Sem indício cadastral crítico,FOUND,ATIVA,2,10,8004.09,60332.404118,100110.53801139936,-0.5227,Comportamento esperado
495,74478,Luciano Bivar,MDB,PE,Outros,"Serviço De Táxi, Pedágio E Estacionamento",0,Sem indício cadastral crítico,FOUND,ATIVA,3,19,327.10,5084.056842,13620.11056577697,-0.3493,Comportamento esperado
566,220655,Mario Frias,PL,SP,Outros,Manutenção De Escritório De Apoio À Atividade Parlamentar,1,Situação cadastral não ativa: INAPTA,FOUND,INAPTA,1,16,115600.00,98538.487659,143509.98800071477,0.1189,Fornecedor com CNPJ suspeito
98,210989,Bruno Farias,REPUBLICANOS,MG,Viagens,Passagem Aérea - Rpa,0,Sem indício cadastral crítico,FOUND,ATIVA,2,16,18792.24,40253.940526,63478.97879162227,-0.3381,Comportamento esperado
590,92172,Milton Coelho,PSB,PE,Serviços profissionais,"Consultorias, Pesquisas E Trabalhos Técnicos.",1,Situação cadastral não ativa: BAIXADA,FOUND,BAIXADA,1,11,55000.00,33394.939474,25891.938420366478,0.8344,Fornecedor com CNPJ suspeito
658,178860,Paulo Azi,UNIÃO,BA,Viagens,Passagem Aérea - Sigepa,,,,,0,186,245548.55,219376.223091,157819.4558803826,0.1658,Comportamento esperado
422,220578,Josenildo,PDT,AP,Alimentação,Fornecimento De Alimentação Do Parlamentar,0,Sem indício cadastral crítico,FOUND,ATIVA,19,97,8526.90,2913.228750,3743.7956562078907,1.4995,Comportamento esperado
113,204507,Carla Zambelli,PL,SP,Outros,"Serviço De Táxi, Pedágio E Estacionamento",0,Sem indício cadastral crítico,FOUND,ATIVA,28,880,12624.74,11967.060840,16796.655097373645,0.0392,Comportamento esperado
76,74646,Aécio Neves,PSDB,MG,Outros,Manutenção De Escritório De Apoio À Atividade Parlamentar,0,Sem indício cadastral crítico,FOUND,ATIVA,16,597,697862.98,123562.947566,162703.54342443834,3.5297,Anomalia financeira extrema
282,178953,Expedito Netto,PSD,RO,Combustível,Combustíveis E Lubrificantes.,0,Sem indício cadastral crítico,FOUND,ATIVA,39,118,46617.96,64922.175357,86632.41303886044,-0.2113,Comportamento esperado
798,220579,Silvia Waiãpi,PL,AP,Publicidade,Divulgação Da Atividade Parlamentar.,0,Sem indício cadastral crítico,FOUND,ATIVA,13,67,519664.80,282209.245429,388109.6753004129,0.6118,Comportamento esperado
89,204374,Bia Kicis,PL,DF,Viagens,Passagem Aérea - Reembolso,1,Erro na consulta pública de CNPJ,ERROR,,1,1,6256.78,6465.514000,2287.387207171099,-0.0913,Fornecedor com CNPJ suspeito
641,220706,Padovani,PP,PR,Viagens,Passagem Aérea - Sigepa,,,,,0,224,314692.65,173223.575536,125997.34942419773,1.1228,Comportamento esperado
362,204442,Gurgel,PL,RJ,Outros,Manutenção De Escritório De Apoio À Atividade Parlamentar,0,Sem indício cadastral crítico,FOUND,ATIVA,4,18,33372.85,80988.593819,134414.71100556676,-0.3542,Comportamento esperado
293,204398,Felipe Francischini,PODE,PR,Viagens,Passagem Aérea - Sigepa,,,,,0,135,144035.69,173223.575536,125997.34942419773,-0.2317,Comportamento esperado
814,204534,Tabata Amaral,PSB,SP,Locomoção,Locação Ou Fretamento De Veículos Automotores,0,Sem indício cadastral crítico,FOUND,ATIVA,6,27,68886.36,147254.510948,139673.23431152088,-0.5611,Comportamento esperado
116,178962,Carlos Gomes,REPUBLICANOS,RS,Hotéis,"Hospedagem ,exceto Do Parlamentar No Distrito Federal.",0,Sem indício cadastral crítico,FOUND,ATIVA,25,51,16953.87,21826.986437,35658.661568585754,-0.1367,Comportamento esperado
303,204411,Filipe Barros,PL,PR,Viagens,Passagem Aérea - Reembolso,0,Sem indício cadastral crítico,FOUND,ATIVA,4,14,16892.26,17801.644063,39455.64199846602,-0.023,Comportamento esperado
152,220590,Coronel Ulysses,UNIÃO,AC,Hotéis,"Hospedagem ,exceto Do Parlamentar No Distrito Federal.",1,Erro na consulta pública de CNPJ,ERROR,,1,3,33010.54,11165.562105,15437.148423150342,1.4151,Fornecedor com CNPJ suspeito
219,227401,Dr Fabio Rueda,UNIÃO,AC,Combustível,Combustíveis E Lubrificantes.,0,Sem indício cadastral crítico,FOUND,ATIVA,13,15,2101.85,74559.202308,89345.09325877228,-0.811,Comportamento esperado
699,204446,Professor Joziel,PATRIOTA,RJ,Outros,Manutenção De Escritório De Apoio À Atividade Parlamentar,0,Documento não consultado por não ser CNPJ,NOT_APPLICABLE,,2,11,73767.59,80988.593819,134414.71100556676,-0.0537,Comportamento esperado
450,204457,Juninho Do Pneu,PSDB,RJ,Locomoção,Locação Ou Fretamento De Veículos Automotores,0,Sem indício cadastral crítico,FOUND,ATIVA,3,37,337557.15,162239.394390,163272.60476613723,1.0738,Comportamento esperado
490,204404,Lucas Redecker,PSDB,RS,Viagens,Passagem Aérea - Rpa,0,Sem indício cadastral crítico,FOUND,ATIVA,1,11,10991.93,23263.014545,27193.710295909314,-0.4512,Comportamento esperado
324,160666,Félix Mendonça Júnior,PDT,BA,Publicidade,Divulgação Da Atividade Parlamentar.,0,Sem indício cadastral crítico,FOUND,ATIVA,24,89,756750.00,317318.910361,328157.1355142384,1.3391,Comportamento esperado
748,230767,Rodrigo Da Zaeli,PL,MT,Combustível,Combustíveis E Lubrificantes.,0,Sem indício cadastral crítico,FOUND,ATIVA,114,527,134612.15,34330.305532,57340.29977264771,1.7489,Comportamento esperado
231,204351,Dr. Luiz Ovando,PP,MS,Alimentação,Fornecimento De Alimentação Do Parlamentar,0,Sem indício cadastral crítico,FOUND,ATIVA,16,69,2703.67,1353.213333,1612.688595893516,0.8374,Comportamento esperado
874,230768,Zé Adriano,PP,AC,Outros,Manutenção De Escritório De Apoio À Atividade Parlamentar,0,Sem indício cadastral crítico,FOUND,ATIVA,9,49,62354.84,29735.132000,50394.769544197494,0.6473,Comportamento esperado
168,220603,Dani Cunha,PL,RJ,Locomoção,Locação Ou Fretamento De Veículos Automotores,0,Sem indício cadastral crítico,FOUND,ATIVA,2,36,269182.14,162239.394390,163272.60476613723,0.655,Comportamento esperado
449,74253,Julio Lopes,PP,RJ,Hotéis,"Hospedagem ,exceto Do Parlamentar No Distrito Federal.",0,Sem indício cadastral crítico,FOUND,ATIVA,5,6,17115.12,13016.628636,21468.959145470457,0.1909,Comportamento esperado
621,204479,Nicoletti,PL,RR,Publicidade,Divulgação Da Atividade Parlamentar.,1,Situação cadastral não ativa: BAIXADA,FOUND,BAIXADA,2,2,5500.00,302008.159333,364968.0243701814,-0.8124,Fornecedor com CNPJ suspeito
646,160642,Pastor Eurico,PL,PE,Combustível,Combustíveis E Lubrificantes.,1,Situação cadastral não ativa: BAIXADA,FOUND,BAIXADA,1,1,340.06,53506.291935,82942.380015203,-0.641,Fornecedor com CNPJ suspeito
259,204364,Eli Borges,PL,TO,Comunicação,Telefonia,0,Sem indício cadastral crítico,FOUND,ATIVA,1,5,646.00,6929.241333,13569.93291877454,-0.463,Comportamento esperado
122,164360,Carmen Zanotto,CIDADANIA,SC,Outros,Manutenção De Escritório De Apoio À Atividade Parlamentar,0,Documento não consultado por não ser CNPJ,NOT_APPLICABLE,,1,12,28406.00,70964.571200,106769.4367602354,-0.3986,Comportamento esperado
275,220663,Eriberto Medeiros,PSB,PE,Combustível,Combustíveis E Lubrificantes.,1,Situação cadastral não ativa: BAIXADA,FOUND,BAIXADA,2,10,1076.84,53506.291935,82942.380015203,-0.6321,Fornecedor com CNPJ suspeito
428,204472,José Medeiros,PL,MT,Locomoção,Locação Ou Fretamento De Veículos Automotores,0,Sem indício cadastral crítico,FOUND,ATIVA,4,57,260061.70,134358.602609,119146.49353274485,1.055,Comportamento esperado
100,220574,Cabo Gilberto Silva,PL,PB,Viagens,Passagem Aérea - Sigepa,,,,,0,249,316851.36,168235.151250,151254.20824234045,0.9826,Comportamento esperado
619,178896,Newton Cardoso Jr,MDB,MG,Locomoção,Locação Ou Fretamento De Veículos Automotores,0,Sem indício cadastral crítico,FOUND,ATIVA,3,115,405472.87,199358.988889,190617.58878325575,1.0813,Comportamento esperado
278,160640,Eros Biondini,PL,MG,Outros,"Serviço De Táxi, Pedágio E Estacionamento",0,Sem indício cadastral crítico,FOUND,ATIVA,14,179,10553.00,5572.245385,10370.293242628488,0.4803,Comportamento esperado
116,178962,Carlos Gomes,REPUBLICANOS,RS,Combustível,Combustíveis E Lubrificantes.,0,Sem indício cadastral crítico,FOUND,ATIVA,152,456,92145.07,60520.148547,97388.05968907535,0.3247,Comportamento esperado
470,220600,Lebrão,UNIÃO,RO,Publicidade,Divulgação Da Atividade Parlamentar.,0,Sem indício cadastral crítico,FOUND,ATIVA,11,150,669846.70,289552.191071,359934.1329827757,1.0566,Comportamento esperado
765,220644,Rosangela Moro,PL,SP,Combustível,Combustíveis E Lubrificantes.,0,Sem indício cadastral crítico,FOUND,ATIVA,15,89,16071.95,42192.750821,64034.19773844777,-0.4079,Comportamento esperado
43,204545,Alê Silva,REPUBLICANOS,MG,Hotéis,"Hospedagem ,exceto Do Parlamentar No Distrito Federal.",0,Sem indício cadastral crítico,FOUND,ATIVA,25,79,17259.44,17018.453084,26330.369533202334,0.0092,Comportamento esperado
315,220534,Fred Linhares,REPUBLICANOS,DF,Combustível,Combustíveis E Lubrificantes.,0,Sem indício cadastral crítico,FOUND,ATIVA,83,747,200205.59,33372.670769,51515.7382887601,3.2385,Anomalia financeira extrema
541,204558,Marcelo Nilo,REPUBLICANOS,BA,Combustível,Combustíveis E Lubrificantes.,0,Sem indício cadastral crítico,FOUND,ATIVA,93,279,72745.82,76280.976842,110667.4963849575,-0.0319,Comportamento esperado
629,74159,Odair Cunha,PT,MG,Outros,"Serviço De Táxi, Pedágio E Estacionamento",0,Sem indício cadastral crítico,FOUND,ATIVA,6,56,16168.83,5572.245385,10370.293242628488,1.0218,Comportamento esperado
120,204426,Carlos Veras,PT,PE,Hotéis,"Hospedagem ,exceto Do Parlamentar No Distrito Federal.",0,Sem indício cadastral crítico,FOUND,ATIVA,65,573,98328.42,17089.374528,23447.97906027458,3.4647,Anomalia financeira extrema
397,220696,Ivoneide Caetano,PT,BA,Locomoção,Locação Ou Fretamento De Veículos Automotores,0,Sem indício cadastral crítico,FOUND,ATIVA,2,40,472500.00,292409.611930,213979.496522466,0.8416,Comportamento esperado
822,178901,Tereza Cristina,PP,MS,Publicidade,Divulgação Da Atividade Parlamentar.,0,Sem indício cadastral crítico,FOUND,ATIVA,3,6,12500.00,244824.753226,352025.1744174792,-0.66,Comportamento esperado
830,204519,Tiago Mitraud,NOVO,MG,Publicidade,Divulgação Da Atividade Parlamentar.,0,Sem indício cadastral crítico,FOUND,ATIVA,5,17,10600.11,194891.353020,276881.75990132586,-0.6656,Comportamento esperado
42,178881,Aluisio Mendes,REPUBLICANOS,MA,Hotéis,"Hospedagem ,exceto Do Parlamentar No Distrito Federal.",0,Sem indício cadastral crítico,FOUND,ATIVA,24,131,89182.04,16546.215714,24945.906621691578,2.9117,Possível anomalia financeira
575,220647,Mauricio Neves,PP,SP,Locomoção,Locação Ou Fretamento De Veículos Automotores,0,Sem indício cadastral crítico,FOUND,ATIVA,1,36,233115.97,147254.510948,139673.23431152088,0.6147,Comportamento esperado
476,74156,Leonardo Monteiro,PT,MG,Publicidade,Divulgação Da Atividade Parlamentar.,0,Sem indício cadastral crítico,FOUND,ATIVA,11,123,442819.34,194891.353020,276881.75990132586,0.8954,Comportamento esperado
125,220699,Castro Neto,MDB,PI,Outros,Manutenção De Escritório De Apoio À Atividade Parlamentar,0,Sem indício cadastral crítico,FOUND,ATIVA,8,86,76080.97,64892.367419,74159.10998309037,0.1509,Comportamento esperado
901,,,,NA,Alimentação,Fornecimento De Alimentação Do Parlamentar,1,Situação cadastral não ativa: BAIXADA,FOUND,BAIXADA,1,1,1100.00,76824.316875,122514.48277202321,-0.6181,Fornecedor com CNPJ suspeito
18,73579,Alberto Fraga,PL,DF,Combustível,Combustíveis E Lubrificantes.,0,Sem indício cadastral crítico,FOUND,ATIVA,2,13,4018.94,33372.670769,51515.7382887601,-0.5698,Comportamento esperado
742,220613,Roberto Monteiro Pai,PL,RJ,Alimentação,Fornecimento De Alimentação Do Parlamentar,1,Erro na consulta pública de CNPJ,ERROR,,1,15,2755.49,5314.154545,11413.915891543053,-0.2242,Fornecedor com CNPJ suspeito
501,222429,Luis Carlos Gomes,REPUBLICANOS,RJ,Hotéis,"Hospedagem ,exceto Do Parlamentar No Distrito Federal.",0,Sem indício cadastral crítico,FOUND,ATIVA,14,28,11751.56,13016.628636,21468.959145470457,-0.0589,Comportamento esperado
836,178863,Uldurico Junior,MDB,BA,Combustível,Combustíveis E Lubrificantes.,0,Sem indício cadastral crítico,FOUND,ATIVA,5,7,1505.86,76280.976842,110667.4963849575,-0.6757,Comportamento esperado
542,160161,Marcelo Queiroz,PSDB,RJ,Outros,Manutenção De Escritório De Apoio À Atividade Parlamentar,0,Sem indício cadastral crítico,FOUND,ATIVA,2,5,8698.50,80988.593819,134414.71100556676,-0.5378,Comportamento esperado
672,216544,Paulo Vicente Caleffi,PSD,RS,Outros,Manutenção De Escritório De Apoio À Atividade Parlamentar,0,Documento não consultado por não ser CNPJ,NOT_APPLICABLE,,2,6,18300.00,109428.142500,149558.61424927576,-0.6093,Comportamento esperado
814,204534,Tabata Amaral,PSB,SP,Publicidade,Divulgação Da Atividade Parlamentar.,1,Situação cadastral não ativa: BAIXADA,FOUND,BAIXADA,6,16,139959.64,243741.226243,313657.1515008437,-0.3309,Fornecedor com CNPJ suspeito
609,228042,Naumi Amorim,PSD,CE,Publicidade,Divulgação Da Atividade Parlamentar.,1,Situação cadastral não ativa: BAIXADA,FOUND,BAIXADA,2,2,8100.00,263931.285395,366906.3702021798,-0.6973,Fornecedor com CNPJ suspeito
534,146788,Marcelo Aro,PP,MG,Publicidade,Divulgação Da Atividade Parlamentar.,1,Situação cadastral não ativa: BAIXADA,FOUND,BAIXADA,1,5,15000.00,194891.353020,276881.75990132586,-0.6497,Fornecedor com CNPJ suspeito
466,98057,Lafayette De Andrada,PL,MG,Outros,"Serviço De Táxi, Pedágio E Estacionamento",0,Documento não consultado por não ser CNPJ,NOT_APPLICABLE,,6,16,2555.00,5572.245385,10370.293242628488,-0.291,Comportamento esperado
460,208297,Katia Dias,REPUBLICANOS,MG,Publicidade,Divulgação Da Atividade Parlamentar.,0,Sem indício cadastral crítico,FOUND,ATIVA,1,4,12000.00,194891.353020,276881.75990132586,-0.6605,Comportamento esperado
834,178934,Toninho Wandscheer,PP,PR,Locomoção,Locação Ou Fretamento De Veículos Automotores,0,Sem indício cadastral crítico,FOUND,ATIVA,3,45,461780.00,113439.957419,130977.93601797776,2.6595,Possível anomalia financeira
878,160632,Zé Silva,UNIÃO,MG,Comunicação,Telefonia,0,Sem indício cadastral crítico,FOUND,ATIVA,1,29,25405.09,15607.667083,19082.29985422686,0.5134,Comportamento esperado
121,141398,Carlos Zarattini,PT,SP,Locomoção,Locação Ou Fretamento De Veículos Automotores,0,Sem indício cadastral crítico,FOUND,ATIVA,4,29,109022.02,147254.510948,139673.23431152088,-0.2737,Comportamento esperado
200,220619,Delegado Ramagem,PL,RJ,Viagens,Passagem Aérea - Reembolso,1,Erro na consulta pública de CNPJ,ERROR,,1,1,10934.80,9840.865893,10669.362639943789,0.1025,Fornecedor com CNPJ suspeito
127,141405,Celso Maldaner,MDB,SC,Hotéis,"Hospedagem ,exceto Do Parlamentar No Distrito Federal.",0,Sem indício cadastral crítico,FOUND,ATIVA,37,105,24329.00,36695.958649,43528.74004922331,-0.2841,Comportamento esperado
598,179001,Márcio Biolchi,MDB,RS,Combustível,Combustíveis E Lubrificantes.,0,Sem indício cadastral crítico,FOUND,ATIVA,347,838,201122.16,60520.148547,97388.05968907535,1.4437,Comportamento esperado
783,204387,Sargento Fahur,PSD,PR,Alimentação,Fornecimento De Alimentação Do Parlamentar,0,Sem indício cadastral crítico,FOUND,ATIVA,45,142,6855.19,4173.948542,8441.04850518495,0.3176,Comportamento esperado
505,204448,Luiz Antonio Corrêa,PP,RJ,Locomoção,Locação Ou Fretamento De Veículos Automotores,0,Sem indício cadastral crítico,FOUND,ATIVA,6,44,150784.47,162239.394390,163272.60476613723,-0.0702,Comportamento esperado
256,141422,Efraim Filho,UNIÃO,PB,Publicidade,Divulgação Da Atividade Parlamentar.,0,Sem indício cadastral crítico,FOUND,ATIVA,31,92,171100.00,324815.111538,407718.48875224456,-0.377,Comportamento esperado
330,204473,General Girão,PL,RN,Outros,"Serviço De Táxi, Pedágio E Estacionamento",0,Sem indício cadastral crítico,FOUND,ATIVA,17,607,24573.47,8284.906667,15407.736715157096,1.0572,Comportamento esperado
848,74283,Vicentinho,PT,SP,Viagens,Passagem Aérea - Sigepa,,,,,0,309,380703.52,185430.171967,136227.76556134285,1.4334,Comportamento esperado
531,204471,Mara Rocha,MDB,AC,Publicidade,Divulgação Da Atividade Parlamentar.,0,Sem indício cadastral crítico,FOUND,ATIVA,19,97,272122.39,295132.464706,394989.3569390969,-0.0583,Comportamento esperado
807,178946,Soraya Santos,PL,RJ,Combustível,Combustíveis E Lubrificantes.,0,Sem indício cadastral crítico,FOUND,ATIVA,19,62,11163.18,44023.319398,62812.667137756165,-0.5231,Comportamento esperado
82,109429,Benes Leocádio,UNIÃO,RN,Outros,Manutenção De Escritório De Apoio À Atividade Parlamentar,0,Sem indício cadastral crítico,FOUND,ATIVA,5,215,97558.22,114159.151154,175330.5134804051,-0.0947,Comportamento esperado
172,178916,Daniel Coelho,CIDADANIA,PE,Combustível,Combustíveis E Lubrificantes.,0,Sem indício cadastral crítico,FOUND,ATIVA,92,197,45122.45,53506.291935,82942.380015203,-0.1011,Comportamento esperado
356,198197,Greyce Elias,PL,MG,Combustível,Combustíveis E Lubrificantes.,0,Sem indício cadastral crítico,FOUND,ATIVA,335,930,222600.18,65306.104375,92314.0005265802,1.7039,Comportamento esperado
559,220668,Maria Arraes,PSB,PE,Outros,Manutenção De Escritório De Apoio À Atividade Parlamentar,0,Sem indício cadastral crítico,FOUND,ATIVA,9,157,137209.45,90785.734524,140277.34198893898,0.3309,Comportamento esperado
797,204360,Silvia Cristina,PL,RO,Combustível,Combustíveis E Lubrificantes.,0,Sem indício cadastral crítico,FOUND,ATIVA,38,164,47876.84,64922.175357,86632.41303886044,-0.1968,Comportamento esperado
623,74352,Nilson Pinto,PSDB,PA,Combustível,Combustíveis E Lubrificantes.,0,Sem indício cadastral crítico,FOUND,ATIVA,46,93,18125.64,39488.928400,62234.56368268833,-0.3433,Comportamento esperado
249,74655,Eduardo Barbosa,PSDB,MG,Alimentação,Fornecimento De Alimentação Do Parlamentar,1,Situação cadastral não ativa: BAIXADA,FOUND,BAIXADA,2,3,102.30,3421.773553,6721.942950865462,-0.4938,Fornecedor com CNPJ suspeito
323,160587,Fábio Trad,PSD,MS,Publicidade,Divulgação Da Atividade Parlamentar.,0,Sem indício cadastral crítico,FOUND,ATIVA,19,47,92762.91,244824.753226,352025.1744174792,-0.432,Comportamento esperado
383,141450,Hugo Leal,PSD,RJ,Hotéis,"Hospedagem ,exceto Do Parlamentar No Distrito Federal.",0,Sem indício cadastral crítico,FOUND,ATIVA,28,49,32817.52,13016.628636,21468.959145470457,0.9223,Comportamento esperado
133,74171,Chico Alencar,PSOL,RJ,Locomoção,Locação Ou Fretamento De Veículos Automotores,0,Sem indício cadastral crítico,FOUND,ATIVA,4,10,22409.49,162239.394390,163272.60476613723,-0.8564,Comportamento esperado
335,220702,Geraldo Mendes,UNIÃO,PR,Locomoção,Locação Ou Fretamento De Veículos Automotores,0,Sem indício cadastral crítico,FOUND,ATIVA,3,26,121780.00,113439.957419,130977.93601797776,0.0637,Comportamento esperado
537,220599,Marcelo Crivella,REPUBLICANOS,RJ,Comunicação,Telefonia,0,Sem indício cadastral crítico,FOUND,ATIVA,3,50,15080.58,11897.719661,18918.17939394703,0.1682,Comportamento esperado
89,204374,Bia Kicis,PL,DF,Locomoção,Locação Ou Fretamento De Veículos Automotores,0,Sem indício cadastral crítico,FOUND,ATIVA,1,53,236792.00,118149.428125,89877.33858167462,1.32,Comportamento esperado
760,178861,Ronaldo Carletto,PP,BA,Viagens,Passagem Aérea - Rpa,0,Sem indício cadastral crítico,FOUND,ATIVA,2,9,6678.61,31763.658913,54219.86604798766,-0.4627,Comportamento esperado
437,178970,João Daniel,PT,SE,Publicidade,Divulgação Da Atividade Parlamentar.,0,Sem indício cadastral crítico,FOUND,ATIVA,4,77,421000.00,230946.483077,301200.1033422071,0.631,Comportamento esperado
787,226837,Saulo Pedroso,PSD,SP,Outros,Aquisição De Tokens E Certificados Digitais,0,Sem indício cadastral crítico,FOUND,ATIVA,1,1,41.00,237.090000,170.74249018787194,-1.1485,Comportamento esperado
50,220632,Ana Pimentel,PT,MG,Viagens,Passagem Aérea - Rpa,0,Sem indício cadastral crítico,FOUND,ATIVA,1,1,2479.85,40253.940526,63478.97879162227,-0.5951,Comportamento esperado
552,204431,Marcos Aurélio Sampaio,PSD,PI,Publicidade,Divulgação Da Atividade Parlamentar.,0,Sem indício cadastral crítico,FOUND,ATIVA,2,10,156500.00,255170.175556,326071.87108703476,-0.3026,Comportamento esperado
556,178943,Marcos Soares,UNIÃO,RJ,Locomoção,Locação Ou Fretamento De Veículos Automotores,0,Sem indício cadastral crítico,FOUND,ATIVA,4,14,52264.77,162239.394390,163272.60476613723,-0.6736,Comportamento esperado
368,204548,Heitor Freire,UNIÃO,CE,Publicidade,Divulgação Da Atividade Parlamentar.,0,Sem indício cadastral crítico,FOUND,ATIVA,4,4,25150.00,263931.285395,366906.3702021798,-0.6508,Comportamento esperado
627,66179,Norma Ayub,PP,ES,Outros,Manutenção De Escritório De Apoio À Atividade Parlamentar,0,Sem indício cadastral crítico,FOUND,ATIVA,13,155,42492.83,101936.796563,164857.25422120074,-0.3606,Comportamento esperado
72,160600,Arthur Oliveira Maia,UNIÃO,BA,Combustível,Combustíveis E Lubrificantes.,0,Sem indício cadastral crítico,FOUND,ATIVA,174,438,280912.05,76280.976842,110667.4963849575,1.8491,Comportamento esperado
617,74165,Neucimar Fraga,PP,ES,Combustível,Combustíveis E Lubrificantes.,0,Sem indício cadastral crítico,FOUND,ATIVA,96,166,49543.76,49148.417879,67749.62213949014,0.0058,Comportamento esperado
372,204444,Helio Lopes,PL,RJ,Combustível,Combustíveis E Lubrificantes.,0,Sem indício cadastral crítico,FOUND,ATIVA,77,281,68346.67,44023.319398,62812.667137756165,0.3872,Comportamento esperado
814,204534,Tabata Amaral,PSB,SP,Outros,Manutenção De Escritório De Apoio À Atividade Parlamentar,1,Erro na consulta pública de CNPJ,ERROR,,1,76,16000.15,98538.487659,143509.98800071477,-0.5751,Fornecedor com CNPJ suspeito
619,178896,Newton Cardoso Jr,MDB,MG,Viagens,Passagem Aérea - Sigepa,,,,,0,188,210994.76,195216.599630,167832.49260588933,0.094,Comportamento esperado
490,204404,Lucas Redecker,PSD,RS,Hotéis,"Hospedagem ,exceto Do Parlamentar No Distrito Federal.",0,Sem indício cadastral crítico,FOUND,ATIVA,53,148,49069.82,21826.986437,35658.661568585754,0.764,Comportamento esperado
508,73778,Luiz Carlos Hauly,PODE,PR,Publicidade,Divulgação Da Atividade Parlamentar.,1,Situação cadastral não ativa: BAIXADA,FOUND,BAIXADA,5,42,178258.00,263664.052022,329972.5348930845,-0.2588,Fornecedor com CNPJ suspeito
300,204445,Fernando Mineiro,PT,RN,Locomoção,Locação Ou Fretamento De Veículos Automotores,0,Sem indício cadastral crítico,FOUND,ATIVA,3,107,148270.97,157542.546842,185025.17121572056,-0.0501,Comportamento esperado
65,220675,Antônio Doido,MDB,PA,Combustível,Combustíveis E Lubrificantes.,0,Sem indício cadastral crítico,FOUND,ATIVA,103,312,112405.96,39488.928400,62234.56368268833,1.1716,Comportamento esperado
234,220528,Dr. Victor Linhalis,PODE,ES,Locomoção,Locação Ou Fretamento De Veículos Automotores,0,Sem indício cadastral crítico,FOUND,ATIVA,8,57,330987.51,171214.090476,129265.73835992759,1.236,Comportamento esperado
702,220580,Professora Goreth,PDT,AP,Viagens,Passagem Aérea - Sigepa,,,,,0,167,189791.53,180390.483889,137999.8120825282,0.0681,Comportamento esperado
547,178983,Marcio Alvino,PL,SP,Comunicação,Telefonia,0,Sem indício cadastral crítico,FOUND,ATIVA,1,76,8689.56,19889.940211,25751.500071775903,-0.4349,Comportamento esperado
461,220677,Keniston Braga,MDB,PA,Combustível,Combustíveis E Lubrificantes.,0,Sem indício cadastral crítico,FOUND,ATIVA,26,101,66460.22,39488.928400,62234.56368268833,0.4334,Comportamento esperado
15,204495,Airton Faleiro,PT,PA,Hotéis,"Hospedagem ,exceto Do Parlamentar No Distrito Federal.",0,Sem indício cadastral crítico,FOUND,ATIVA,6,7,4303.50,12723.705217,19811.362899516178,-0.425,Comportamento esperado
490,204404,Lucas Redecker,PSDB,RS,Combustível,Combustíveis E Lubrificantes.,0,Sem indício cadastral crítico,FOUND,ATIVA,78,196,48580.96,60520.148547,97388.05968907535,-0.1226,Comportamento esperado
252,204500,Eduardo Costa,PSD,PA,Publicidade,Divulgação Da Atividade Parlamentar.,0,Sem indício cadastral crítico,FOUND,ATIVA,17,70,279892.97,319971.475333,323849.5425991789,-0.1238,Comportamento esperado
664,204492,Paulo Guedes,PT,MG,Viagens,Passagem Aérea - Sigepa,,,,,0,293,353926.68,195216.599630,167832.49260588933,0.9456,Comportamento esperado
496,178931,Luciano Ducci,PSB,PR,Publicidade,Divulgação Da Atividade Parlamentar.,0,Sem indício cadastral crítico,FOUND,ATIVA,23,106,312168.17,263664.052022,329972.5348930845,0.147,Comportamento esperado
646,160642,Pastor Eurico,PL,PE,Comunicação,Telefonia,0,Sem indício cadastral crítico,FOUND,ATIVA,3,26,10322.05,10941.974167,12252.099914667077,-0.0506,Comportamento esperado
493,220581,Luciano Amaral,PSD,AL,Locomoção,Locação Ou Fretamento De Veículos Automotores,0,Sem indício cadastral crítico,FOUND,ATIVA,2,78,487500.00,233502.585833,195708.62456859284,1.2978,Comportamento esperado
833,220684,Tião Medeiros,PP,PR,Publicidade,Assinatura De Publicações,0,Sem indício cadastral crítico,FOUND,ATIVA,1,2,1116.40,799.995625,610.7018274408415,0.5181,Comportamento esperado
667,74574,Paulo Magalhães,PSD,BA,Outros,Manutenção De Escritório De Apoio À Atividade Parlamentar,0,Documento não consultado por não ser CNPJ,NOT_APPLICABLE,,1,36,95270.24,98257.521290,134321.8726415135,-0.0222,Comportamento esperado
673,171617,Paulão,PT,AL,Comunicação,Telefonia,0,Sem indício cadastral crítico,FOUND,ATIVA,3,9,5214.51,4087.430000,3910.7833872298947,0.2882,Comportamento esperado
36,74057,Alice Portugal,PCDOB,BA,Comunicação,Telefonia,0,Sem indício cadastral crítico,FOUND,ATIVA,5,35,26328.58,23153.030698,23468.568952979214,0.1353,Comportamento esperado
270,161550,Emidinho Madeira,PL,MG,Locomoção,Locação Ou Fretamento De Veículos Automotores,0,Sem indício cadastral crítico,FOUND,ATIVA,6,50,299239.32,199358.988889,190617.58878325575,0.524,Comportamento esperado
807,178946,Soraya Santos,PL,RJ,Serviços profissionais,"Consultorias, Pesquisas E Trabalhos Técnicos.",0,Sem indício cadastral crítico,FOUND,ATIVA,2,13,73300.00,51555.638000,51954.41216850247,0.4185,Comportamento esperado
296,204477,Felício Laterça,PP,RJ,Locomoção,Locação Ou Fretamento De Veículos Automotores,0,Sem indício cadastral crítico,FOUND,ATIVA,1,23,118965.00,162239.394390,163272.60476613723,-0.265,Comportamento esperado
364,220568,Gustavo Gayer,PL,GO,Outros,Serviço De Segurança Prestado Por Empresa Especializada.,0,Sem indício cadastral crítico,FOUND,ATIVA,1,17,3376.54,6198.595000,3686.025394951858,-0.7656,Comportamento esperado
627,66179,Norma Ayub,PP,ES,Outros,Serviços Postais,0,Sem indício cadastral crítico,FOUND,ATIVA,3,3,288.43,6239.835000,11400.549896811995,-0.522,Comportamento esperado
217,227433,Douglas Viegas,UNIÃO,SP,Publicidade,Divulgação Da Atividade Parlamentar.,0,Sem indício cadastral crítico,FOUND,ATIVA,5,46,407333.37,243741.226243,313657.1515008437,0.5216,Comportamento esperado
4,204379,Acácio Favacho,MDB,AP,Outros,Serviço De Segurança Prestado Por Empresa Especializada.,0,Sem indício cadastral crítico,FOUND,ATIVA,1,5,40000.00,100700.000000,85842.76323604687,-0.7071,Comportamento esperado
552,204431,Marcos Aurélio Sampaio,MDB,PI,Outros,Manutenção De Escritório De Apoio À Atividade Parlamentar,0,Sem indício cadastral crítico,FOUND,ATIVA,2,2,1338.44,64892.367419,74159.10998309037,-0.857,Comportamento esperado
524,204547,Léo Motta,REPUBLICANOS,MG,Alimentação,Fornecimento De Alimentação Do Parlamentar,1,Situação cadastral não ativa: SUSPENSA,FOUND,SUSPENSA,2,4,190.38,3421.773553,6721.942950865462,-0.4807,Fornecedor com CNPJ suspeito
212,160599,Dimas Fabiano,PP,MG,Publicidade,Divulgação Da Atividade Parlamentar.,1,Situação cadastral não ativa: BAIXADA,FOUND,BAIXADA,1,1,2000.00,194891.353020,276881.75990132586,-0.6967,Fornecedor com CNPJ suspeito
487,219592,Lucas Follador,PSC,RO,Viagens,Passagem Aérea - Sigepa,,,,,0,28,50173.95,146544.061250,69636.83718620405,-1.3839,Comportamento esperado
21,160559,Alceu Moreira,MDB,RS,Viagens,Passagem Aérea - Rpa,0,Sem indício cadastral crítico,FOUND,ATIVA,3,32,41461.65,23263.014545,27193.710295909314,0.6692,Comportamento esperado
150,204514,Coronel Tadeu,PL,SP,Combustível,Combustíveis E Lubrificantes.,0,Sem indício cadastral crítico,FOUND,ATIVA,96,303,53243.01,42192.750821,64034.19773844777,0.1726,Comportamento esperado
303,204411,Filipe Barros,PL,PR,Publicidade,Divulgação Da Atividade Parlamentar.,0,Sem indício cadastral crítico,FOUND,ATIVA,8,11,145236.00,263664.052022,329972.5348930845,-0.3589,Comportamento esperado
645,180214,Pastor Diniz,UNIÃO,RR,Locomoção,Locação Ou Fretamento De Veículos Automotores,0,Sem indício cadastral crítico,FOUND,ATIVA,5,56,406117.89,156360.151875,107532.52503854835,2.3226,Possível anomalia financeira
783,204387,Sargento Fahur,PSD,PR,Viagens,Passagem Aérea - Rpa,0,Sem indício cadastral crítico,FOUND,ATIVA,2,68,74198.17,26722.504474,58025.433845182,0.8182,Comportamento esperado
524,204547,Léo Motta,REPUBLICANOS,MG,Combustível,Combustíveis E Lubrificantes.,0,Sem indício cadastral crítico,FOUND,ATIVA,48,64,45222.20,65306.104375,92314.0005265802,-0.2176,Comportamento esperado
348,178996,Giovani Feltes,MDB,RS,Viagens,Passagem Aérea - Sigepa,,,,,0,48,90037.68,223297.576531,126627.95953182003,-1.0524,Comportamento esperado
842,74376,Vander Loubet,PT,MS,Outros,"Serviço De Táxi, Pedágio E Estacionamento",0,Sem indício cadastral crítico,FOUND,ATIVA,4,96,721.80,766.408000,769.6696611663995,-0.058,Comportamento esperado
856,178992,Vitor Lippi,PSDB,SP,Viagens,Passagem Aérea - Sigepa,,,,,0,64,86086.17,185430.171967,136227.76556134285,-0.7292,Comportamento esperado
361,220664,Guilherme Uchoa,PSD,PE,Publicidade,Divulgação Da Atividade Parlamentar.,0,Sem indício cadastral crítico,FOUND,ATIVA,8,102,943408.87,241972.708182,301628.5621101344,2.3255,Possível anomalia financeira
6,221328,Adilson Barroso,PL,SP,Outros,Aquisição De Tokens E Certificados Digitais,0,Sem indício cadastral crítico,FOUND,ATIVA,1,1,120.00,237.090000,170.74249018787194,-0.6858,Comportamento esperado
654,141518,Paulinho Da Força,SOLIDARIEDADE,SP,Viagens,Passagem Aérea - Sigepa,,,,,0,356,325124.72,185430.171967,136227.76556134285,1.0254,Comportamento esperado
209,178929,Diego Garcia,REPUBLICANOS,PR,Locomoção,Locação Ou Fretamento De Veículos Automotores,0,Sem indício cadastral crítico,FOUND,ATIVA,6,12,24459.27,113439.957419,130977.93601797776,-0.6794,Comportamento esperado
458,204497,Júnior Ferrari,PSD,PA,Publicidade,Divulgação Da Atividade Parlamentar.,0,Sem indício cadastral crítico,FOUND,ATIVA,7,80,816300.19,319971.475333,323849.5425991789,1.5326,Comportamento esperado
732,204362,Ricardo Guidi,PL,SC,Outros,Manutenção De Escritório De Apoio À Atividade Parlamentar,0,Sem indício cadastral crítico,FOUND,ATIVA,13,117,95116.46,70964.571200,106769.4367602354,0.2262,Comportamento esperado
147,204378,Coronel Chrisóstomo,PL,RO,Locomoção,Locação Ou Fretamento De Veículos Automotores,0,Sem indício cadastral crítico,FOUND,ATIVA,4,97,560924.03,233590.273571,213347.19250523738,1.5343,Comportamento esperado
788,178921,Sebastião Oliveira,AVANTE,PE,Viagens,Passagem Aérea - Sigepa,,,,,0,40,55472.92,221741.150682,163177.94412569836,-1.0189,Comportamento esperado
338,204394,Gervásio Maia,PSB,PB,Viagens,Passagem Aérea - Sigepa,,,,,0,94,109262.16,168235.151250,151254.20824234045,-0.3899,Comportamento esperado
342,74270,Gilberto Nascimento,PSC,SP,Locomoção,Locação Ou Fretamento De Veículos Automotores,0,Sem indício cadastral crítico,FOUND,ATIVA,2,20,86300.00,147254.510948,139673.23431152088,-0.4364,Comportamento esperado
290,66828,Fausto Pinato,PP,SP,Publicidade,Divulgação Da Atividade Parlamentar.,0,Sem indício cadastral crítico,FOUND,ATIVA,2,9,20200.00,243741.226243,313657.1515008437,-0.7127,Comportamento esperado
581,220607,Max Lemos,PDT,RJ,Alimentação,Fornecimento De Alimentação Do Parlamentar,0,Sem indício cadastral crítico,FOUND,ATIVA,2,14,1192.29,5314.154545,11413.915891543053,-0.3611,Comportamento esperado
196,220701,Delegado Matheus Laiola,UNIÃO,PR,Outros,"Passagens Terrestres, Marítimas Ou Fluviais",0,Sem indício cadastral crítico,FOUND,ATIVA,2,9,3750.62,1895.154815,2124.8795888027494,0.8732,Comportamento esperado
353,229333,Gláucia Santiago,PL,MG,Combustível,Combustíveis E Lubrificantes.,0,Sem indício cadastral crítico,FOUND,ATIVA,48,134,29029.99,65306.104375,92314.0005265802,-0.393,Comportamento esperado
169,220571,Daniel Agrobom,PSD,GO,Combustível,Combustíveis E Lubrificantes.,1,Situação cadastral não ativa: BAIXADA,FOUND,BAIXADA,2,2,532.73,65044.277593,95738.05404592726,-0.6738,Fornecedor com CNPJ suspeito
450,204457,Juninho Do Pneu,UNIÃO,RJ,Locomoção,Locação Ou Fretamento De Veículos Automotores,0,Sem indício cadastral crítico,FOUND,ATIVA,1,12,144000.00,162239.394390,163272.60476613723,-0.1117,Comportamento esperado
421,209189,Joseildo Ramos,PT,BA,Outros,"Passagens Terrestres, Marítimas Ou Fluviais",0,Sem indício cadastral crítico,FOUND,ATIVA,2,2,483.67,3634.349545,9001.916528866017,-0.35,Comportamento esperado
708,178951,Rafael Motta,PSB,RN,Locomoção,Locação Ou Fretamento De Veículos Automotores,1,Situação cadastral não ativa: BAIXADA,FOUND,BAIXADA,1,7,35500.00,157542.546842,185025.17121572056,-0.6596,Fornecedor com CNPJ suspeito
316,204393,Frei Anastacio Ribeiro,PT,PB,Combustível,Combustíveis E Lubrificantes.,1,Situação cadastral não ativa: BAIXADA,FOUND,BAIXADA,4,5,2133.52,61582.608974,85760.8839439169,-0.6932,Fornecedor com CNPJ suspeito
283,234388,Fabiano Cazeca,PRD,MG,Outros,"Serviço De Táxi, Pedágio E Estacionamento",1,Situação cadastral não ativa: BAIXADA,FOUND,BAIXADA,1,2,28.04,5572.245385,10370.293242628488,-0.5346,Fornecedor com CNPJ suspeito
94,74052,Bosco Costa,PL,SE,Combustível,Combustíveis E Lubrificantes.,1,Situação cadastral não ativa: INAPTA,FOUND,INAPTA,1,1,289.45,53493.520741,82556.56454059949,-0.6445,Fornecedor com CNPJ suspeito
652,74160,Patrus Ananias,PT,MG,Outros,"Serviço De Táxi, Pedágio E Estacionamento",0,Sem indício cadastral crítico,FOUND,ATIVA,27,2543,77652.20,5572.245385,10370.293242628488,6.9506,Anomalia financeira extrema
652,74160,Patrus Ananias,PT,MG,Viagens,Passagem Aérea - Sigepa,,,,,0,139,142891.17,195216.599630,167832.49260588933,-0.3118,Comportamento esperado
224,220610,Dr. Fernando Máximo,PL,RO,Hotéis,"Hospedagem ,exceto Do Parlamentar No Distrito Federal.",0,Sem indício cadastral crítico,FOUND,ATIVA,32,88,52720.15,15598.613913,18502.405565050612,2.0063,Possível anomalia financeira
729,73788,Ricardo Barros,PP,PR,Viagens,Passagem Aérea - Sigepa,,,,,0,255,307787.56,173223.575536,125997.34942419773,1.068,Comportamento esperado
655,220627,Paulinho Freire,UNIÃO,RN,Combustível,Combustíveis E Lubrificantes.,0,Sem indício cadastral crítico,FOUND,ATIVA,106,400,80991.40,51927.710333,76131.03428420173,0.3818,Comportamento esperado
570,178843,Marx Beltrão,UNIÃO,AL,Viagens,Passagem Aérea - Sigepa,,,,,0,243,180333.83,198077.580000,173709.55138656954,-0.1021,Comportamento esperado
830,204519,Tiago Mitraud,NOVO,MG,Outros,"Serviço De Táxi, Pedágio E Estacionamento",0,Sem indício cadastral crítico,FOUND,ATIVA,2,49,1999.19,5572.245385,10370.293242628488,-0.3445,Comportamento esperado
871,160592,Zeca Dirceu,PT,PR,Publicidade,Divulgação Da Atividade Parlamentar.,1,Situação cadastral não ativa: BAIXADA,FOUND,BAIXADA,4,6,13550.00,263664.052022,329972.5348930845,-0.758,Fornecedor com CNPJ suspeito
890,,,,NA,Alimentação,Fornecimento De Alimentação Do Parlamentar,1,Situação cadastral não ativa: BAIXADA,FOUND,BAIXADA,1,35,30250.00,76824.316875,122514.48277202321,-0.3802,Fornecedor com CNPJ suspeito
818,220682,Tadeu Veneri,PT,PR,Combustível,Combustíveis E Lubrificantes.,1,Situação cadastral não ativa: BAIXADA,FOUND,BAIXADA,5,25,4552.36,57944.345500,82353.4495793919,-0.6483,Fornecedor com CNPJ suspeito
13,178835,Afonso Motta,PDT,RS,Outros,Manutenção De Escritório De Apoio À Atividade Parlamentar,0,Sem indício cadastral crítico,FOUND,ATIVA,8,153,38726.25,109428.142500,149558.61424927576,-0.4727,Comportamento esperado
167,220629,Dandara,PT,MG,Outros,Manutenção De Escritório De Apoio À Atividade Parlamentar,0,Sem indício cadastral crítico,FOUND,ATIVA,8,86,132034.87,123562.947566,162703.54342443834,0.0521,Comportamento esperado
485,196358,Lourival Gomes,PP,RJ,Combustível,Combustíveis E Lubrificantes.,0,Sem indício cadastral crítico,FOUND,ATIVA,51,146,42239.11,44023.319398,62812.667137756165,-0.0284,Comportamento esperado
598,179001,Márcio Biolchi,MDB,RS,Viagens,Passagem Aérea - Rpa,0,Sem indício cadastral crítico,FOUND,ATIVA,3,94,90692.71,23263.014545,27193.710295909314,2.4796,Possível anomalia financeira
80,220612,Bebeto,PP,RJ,Publicidade,Divulgação Da Atividade Parlamentar.,1,Situação cadastral não ativa: BAIXADA,FOUND,BAIXADA,1,11,59100.00,226781.355120,259582.44863584734,-0.646,Fornecedor com CNPJ suspeito
282,178953,Expedito Netto,PSD,RO,Viagens,Passagem Aérea - Sigepa,,,,,0,113,154614.22,146544.061250,69636.83718620405,0.1159,Comportamento esperado
61,220544,Antonio Andrade,PSDB,TO,Outros,Manutenção De Escritório De Apoio À Atividade Parlamentar,0,Documento não consultado por não ser CNPJ,NOT_APPLICABLE,,1,38,323000.00,60332.404118,100110.53801139936,2.6238,Possível anomalia financeira
740,160653,Roberto De Lucena,REPUBLICANOS,SP,Viagens,Passagem Aérea - Sigepa,,,,,0,110,135551.58,185430.171967,136227.76556134285,-0.3661,Comportamento esperado
686,178844,Pedro Vilela,PSDB,AL,Outros,Manutenção De Escritório De Apoio À Atividade Parlamentar,0,Sem indício cadastral crítico,FOUND,ATIVA,1,1,436.50,55960.761000,68535.24676411308,-0.8102,Comportamento esperado
880,204517,Zé Vitor,PL,MG,Locomoção,Locação Ou Fretamento De Veículos Automotores,0,Sem indício cadastral crítico,FOUND,ATIVA,1,5,5042.00,199358.988889,190617.58878325575,-1.0194,Comportamento esperado
311,220551,Franciane Bayer,REPUBLICANOS,RS,Alimentação,Fornecimento De Alimentação Do Parlamentar,1,Situação cadastral não ativa: BAIXADA,FOUND,BAIXADA,7,9,426.00,7368.085075,13657.337051272762,-0.5083,Fornecedor com CNPJ suspeito
827,178862,Tia Eron,REPUBLICANOS,BA,Serviços profissionais,"Consultorias, Pesquisas E Trabalhos Técnicos.",0,Sem indício cadastral crítico,FOUND,ATIVA,1,2,24000.00,64386.903226,47821.13506693795,-0.8445,Comportamento esperado
677,220667,Pedro Campos,PSB,PE,Locomoção,Locação Ou Fretamento De Veículos Automotores,0,Sem indício cadastral crítico,FOUND,ATIVA,1,63,453509.00,220869.240392,185976.71020526288,1.2509,Comportamento esperado
220,227991,Dr Flávio,PL,RJ,Outros,Manutenção De Escritório De Apoio À Atividade Parlamentar,0,Sem indício cadastral crítico,FOUND,ATIVA,2,7,6968.40,80988.593819,134414.71100556676,-0.5507,Comportamento esperado
88,207176,Bia Cavassa,PSDB,MS,Combustível,Combustíveis E Lubrificantes.,0,Sem indício cadastral crítico,FOUND,ATIVA,15,43,12470.28,73790.692609,89494.27774679432,-0.6852,Comportamento esperado
514,204455,Luiz Lima,PL,RJ,Outros,Manutenção De Escritório De Apoio À Atividade Parlamentar,1,Situação cadastral não ativa: BAIXADA,FOUND,BAIXADA,1,10,818.44,80988.593819,134414.71100556676,-0.5964,Fornecedor com CNPJ suspeito
821,206231,Ted Conti,PSB,ES,Combustível,Combustíveis E Lubrificantes.,0,Sem indício cadastral crítico,FOUND,ATIVA,6,12,5104.90,49148.417879,67749.62213949014,-0.6501,Comportamento esperado
751,220641,Rodrigo Gambale,PODE,SP,Alimentação,Fornecimento De Alimentação Do Parlamentar,0,Sem indício cadastral crítico,FOUND,ATIVA,1,1,100.00,3366.001170,5609.697337170304,-0.5822,Comportamento esperado
782,219599,Sargento Alexandre,PODE,SP,Outros,"Serviço De Táxi, Pedágio E Estacionamento",0,Sem indício cadastral crítico,FOUND,ATIVA,12,38,357.20,11967.060840,16796.655097373645,-0.6912,Comportamento esperado
264,220008,Eliza Virgínia,PP,PB,Alimentação,Fornecimento De Alimentação Do Parlamentar,0,Sem indício cadastral crítico,FOUND,ATIVA,30,43,3434.67,1884.650000,4639.955468391323,0.3341,Comportamento esperado
377,178981,Herculano Passos,REPUBLICANOS,SP,Outros,Manutenção De Escritório De Apoio À Atividade Parlamentar,0,Sem indício cadastral crítico,FOUND,ATIVA,8,44,71480.49,98538.487659,143509.98800071477,-0.1885,Comportamento esperado
397,220696,Ivoneide Caetano,PT,BA,Outros,Serviço De Segurança Prestado Por Empresa Especializada.,0,Sem indício cadastral crítico,FOUND,ATIVA,1,27,224800.00,88600.000000,118613.15272768025,1.1483,Comportamento esperado
223,220614,Dr. Daniel Soranz,PSD,RJ,Hotéis,"Hospedagem ,exceto Do Parlamentar No Distrito Federal.",0,Sem indício cadastral crítico,FOUND,ATIVA,4,5,2309.15,13016.628636,21468.959145470457,-0.4987,Comportamento esperado
94,74052,Bosco Costa,PL,SE,Serviços profissionais,"Consultorias, Pesquisas E Trabalhos Técnicos.",0,Sem indício cadastral crítico,FOUND,ATIVA,1,11,164927.40,82649.800000,100296.5049865647,0.8203,Comportamento esperado
71,160541,Arthur Lira,PP,AL,Publicidade,Divulgação Da Atividade Parlamentar.,0,Sem indício cadastral crítico,FOUND,ATIVA,2,9,140000.00,358459.172381,402499.84210100886,-0.5428,Comportamento esperado
425,215043,Josivaldo Jp,UNIÃO,MA,Outros,Manutenção De Escritório De Apoio À Atividade Parlamentar,0,Documento não consultado por não ser CNPJ,NOT_APPLICABLE,,1,16,136000.00,64195.130784,109861.24089764054,0.6536,Comportamento esperado
416,205550,Jorge Braz,REPUBLICANOS,RJ,Serviços profissionais,"Consultorias, Pesquisas E Trabalhos Técnicos.",0,Sem indício cadastral crítico,FOUND,ATIVA,2,8,96000.00,51555.638000,51954.41216850247,0.8554,Comportamento esperado
545,179000,Marcelo Álvaro Antônio,PL,MG,Combustível,Combustíveis E Lubrificantes.,0,Sem indício cadastral crítico,FOUND,ATIVA,176,720,189189.20,65306.104375,92314.0005265802,1.342,Comportamento esperado
299,141431,Fernando Coelho Filho,UNIÃO,PE,Combustível,Combustíveis E Lubrificantes.,0,Sem indício cadastral crítico,FOUND,ATIVA,49,341,286044.86,53506.291935,82942.380015203,2.8036,Possível anomalia financeira
304,220545,Filipe Martins,PL,TO,Publicidade,Divulgação Da Atividade Parlamentar.,1,Situação cadastral não ativa: BAIXADA,FOUND,BAIXADA,3,38,114810.00,260231.601071,329408.0872597135,-0.4415,Fornecedor com CNPJ suspeito
30,160545,Alexandre Leite,UNIÃO,SP,Combustível,Combustíveis E Lubrificantes.,0,Sem indício cadastral crítico,FOUND,ATIVA,36,323,73471.15,42192.750821,64034.19773844777,0.4885,Comportamento esperado
105,204572,Capitão Alberto Neto,PL,AM,Combustível,Combustíveis E Lubrificantes.,0,Sem indício cadastral crítico,FOUND,ATIVA,84,285,57683.12,27982.215263,36043.55549981074,0.824,Comportamento esperado
119,74262,Carlos Sampaio,PSDB,SP,Combustível,Combustíveis E Lubrificantes.,0,Sem indício cadastral crítico,FOUND,ATIVA,2,49,30815.29,42192.750821,64034.19773844777,-0.1777,Comportamento esperado
38,204353,Aline Gurgel,REPUBLICANOS,AP,Publicidade,Divulgação Da Atividade Parlamentar.,0,Sem indício cadastral crítico,FOUND,ATIVA,9,30,280200.00,282209.245429,388109.6753004129,-0.0052,Comportamento esperado
190,204451,Delegado Antônio Furtado,UNIÃO,RJ,Combustível,Combustíveis E Lubrificantes.,0,Sem indício cadastral crítico,FOUND,ATIVA,78,343,67174.07,44023.319398,62812.667137756165,0.3686,Comportamento esperado
43,204545,Alê Silva,REPUBLICANOS,MG,Combustível,Combustíveis E Lubrificantes.,0,Sem indício cadastral crítico,FOUND,ATIVA,93,211,55259.54,65306.104375,92314.0005265802,-0.1088,Comportamento esperado
809,177282,Subtenente Gonzaga,PSD,MG,Outros,Manutenção De Escritório De Apoio À Atividade Parlamentar,0,Documento não consultado por não ser CNPJ,NOT_APPLICABLE,,1,5,7052.00,123562.947566,162703.54342443834,-0.7161,Comportamento esperado
574,220550,Mauricio Marcon,PL,RS,Publicidade,Divulgação Da Atividade Parlamentar.,0,Sem indício cadastral crítico,FOUND,ATIVA,7,107,690775.62,215724.063125,265101.600265673,1.792,Comportamento esperado
532,220648,Marangoni,PODE,SP,Outros,"Serviço De Táxi, Pedágio E Estacionamento",0,Sem indício cadastral crítico,FOUND,ATIVA,1,22,17065.62,11967.060840,16796.655097373645,0.3035,Comportamento esperado
754,165470,Rodrigo Valadares,PL,SE,Combustível,Combustíveis E Lubrificantes.,0,Sem indício cadastral crítico,FOUND,ATIVA,22,103,142078.47,53493.520741,82556.56454059949,1.073,Comportamento esperado
455,74317,Júlio Cesar,PSD,PI,Locomoção,Locação Ou Fretamento De Veículos Automotores,0,Sem indício cadastral crítico,FOUND,ATIVA,2,94,596112.00,264114.661053,215307.58327079436,1.542,Comportamento esperado
480,74585,Lincoln Portela,PL,MG,Hotéis,"Hospedagem ,exceto Do Parlamentar No Distrito Federal.",0,Sem indício cadastral crítico,FOUND,ATIVA,15,37,12796.98,17018.453084,26330.369533202334,-0.1603,Comportamento esperado
742,220613,Roberto Monteiro Pai,PL,RJ,Viagens,Passagem Aérea - Sigepa,,,,,0,158,172780.93,213577.740357,175550.75566941444,-0.2324,Comportamento esperado
877,204559,Zé Neto,PT,BA,Combustível,Combustíveis E Lubrificantes.,0,Sem indício cadastral crítico,FOUND,ATIVA,73,213,331391.90,76280.976842,110667.4963849575,2.3052,Possível anomalia financeira
604,160542,Márcio Macêdo,PT,SE,Combustível,Combustíveis E Lubrificantes.,0,Sem indício cadastral crítico,FOUND,ATIVA,26,115,38084.40,53493.520741,82556.56454059949,-0.1866,Comportamento esperado
326,220708,Gabriel Nunes,PSD,BA,Outros,Manutenção De Escritório De Apoio À Atividade Parlamentar,1,Situação cadastral não ativa: BAIXADA,FOUND,BAIXADA,2,2,579.07,98257.521290,134321.8726415135,-0.7272,Fornecedor com CNPJ suspeito
590,92172,Milton Coelho,PSB,PE,Publicidade,Divulgação Da Atividade Parlamentar.,0,Sem indício cadastral crítico,FOUND,ATIVA,4,9,22128.59,241972.708182,301628.5621101344,-0.7289,Comportamento esperado
180,62881,Danilo Forte,UNIÃO,CE,Comunicação,Telefonia,0,Sem indício cadastral crítico,FOUND,ATIVA,3,22,4001.50,11707.711071,16858.211643996754,-0.4571,Comportamento esperado
338,204394,Gervásio Maia,PSB,PB,Outros,Manutenção De Escritório De Apoio À Atividade Parlamentar,0,Sem indício cadastral crítico,FOUND,ATIVA,7,30,5564.20,40088.436364,59072.75761932022,-0.5844,Comportamento esperado
646,160642,Pastor Eurico,PL,PE,Alimentação,Fornecimento De Alimentação Do Parlamentar,1,Situação cadastral não ativa: BAIXADA,FOUND,BAIXADA,4,6,488.58,3487.092941,8073.709935566787,-0.3714,Fornecedor com CNPJ suspeito
823,204466,Tereza Nelma,PSD,AL,Comunicação,Telefonia,0,Sem indício cadastral crítico,FOUND,ATIVA,1,11,2390.43,4087.430000,3910.7833872298947,-0.4339,Comportamento esperado
608,204453,Natália Bonavides,PT,RN,Outros,Manutenção De Escritório De Apoio À Atividade Parlamentar,0,Documento não consultado por não ser CNPJ,NOT_APPLICABLE,,1,30,133400.00,114159.151154,175330.5134804051,0.1097,Comportamento esperado
51,220676,Andreia Siqueira,PSB,PA,Outros,Manutenção De Escritório De Apoio À Atividade Parlamentar,1,Situação cadastral não ativa: BAIXADA,FOUND,BAIXADA,1,8,4837.70,42888.542571,70113.4772677672,-0.5427,Fornecedor com CNPJ suspeito
340,204575,Gil Cutrim,REPUBLICANOS,MA,Publicidade,Divulgação Da Atividade Parlamentar.,0,Sem indício cadastral crítico,FOUND,ATIVA,8,16,133539.00,299945.123175,386285.4495039867,-0.4308,Comportamento esperado
335,220702,Geraldo Mendes,UNIÃO,PR,Outros,Manutenção De Escritório De Apoio À Atividade Parlamentar,0,Sem indício cadastral crítico,FOUND,ATIVA,15,82,111549.17,86193.122500,116860.66498214444,0.217,Comportamento esperado
250,204541,Eduardo Bismarck,PV,CE,Outros,Manutenção De Escritório De Apoio À Atividade Parlamentar,0,Sem indício cadastral crítico,FOUND,ATIVA,8,40,104549.91,68348.775082,105244.60317209057,0.344,Comportamento esperado
257,74075,Elcione Barbalho,MDB,PA,Outros,Manutenção De Escritório De Apoio À Atividade Parlamentar,0,Documento não consultado por não ser CNPJ,NOT_APPLICABLE,,1,4,5400.00,42888.542571,70113.4772677672,-0.5347,Comportamento esperado
151,222142,Coronel Telhada,PP,SP,Viagens,Passagem Aérea - Sigepa,,,,,0,68,84711.39,185430.171967,136227.76556134285,-0.7393,Comportamento esperado
54,74471,André De Paula,PSD,PE,Outros,Manutenção De Escritório De Apoio À Atividade Parlamentar,0,Sem indício cadastral crítico,FOUND,ATIVA,4,34,94386.13,90785.734524,140277.34198893898,0.0257,Comportamento esperado
297,204407,Fernanda Melchionna,PSOL,RS,Outros,Manutenção De Escritório De Apoio À Atividade Parlamentar,0,Sem indício cadastral crítico,FOUND,ATIVA,16,223,264676.63,109428.142500,149558.61424927576,1.038,Comportamento esperado
898,,,,NA,Outros,Manutenção De Escritório De Apoio À Atividade Parlamentar,1,Erro na consulta pública de CNPJ,ERROR,,1,118,23404.59,15500.143182,23430.81961523477,0.3374,Fornecedor com CNPJ suspeito
180,62881,Danilo Forte,UNIÃO,CE,Hotéis,"Hospedagem ,exceto Do Parlamentar No Distrito Federal.",1,Situação cadastral não ativa: BAIXADA,FOUND,BAIXADA,2,4,1095.00,14861.399063,17345.750222182687,-0.7936,Fornecedor com CNPJ suspeito
54,74471,André De Paula,PSD,PE,Alimentação,Fornecimento De Alimentação Do Parlamentar,0,Sem indício cadastral crítico,FOUND,ATIVA,28,130,10685.28,3487.092941,8073.709935566787,0.8916,Comportamento esperado
189,220561,Delegada Katarina,PSD,SE,Publicidade,Divulgação Da Atividade Parlamentar.,0,Sem indício cadastral crítico,FOUND,ATIVA,5,46,683962.14,230946.483077,301200.1033422071,1.504,Comportamento esperado
850,178888,Victor Mendes,MDB,MA,Alimentação,Fornecimento De Alimentação Do Parlamentar,0,Sem indício cadastral crítico,FOUND,ATIVA,4,6,568.96,1328.951538,1567.1502413768233,-0.485,Comportamento esperado
431,74079,José Priante,MDB,PA,Comunicação,Telefonia,0,Sem indício cadastral crítico,FOUND,ATIVA,3,23,8918.40,14410.800000,15329.862478744984,-0.3583,Comportamento esperado
749,141531,Rodrigo De Castro,UNIÃO,MG,Outros,Manutenção De Escritório De Apoio À Atividade Parlamentar,0,Sem indício cadastral crítico,FOUND,ATIVA,13,292,150823.24,123562.947566,162703.54342443834,0.1675,Comportamento esperado
310,191923,Flávio Nogueira,PT,PI,Publicidade,Divulgação Da Atividade Parlamentar.,0,Sem indício cadastral crítico,FOUND,ATIVA,3,50,719894.80,255170.175556,326071.87108703476,1.4252,Comportamento esperado
164,220555,Daiana Santos,PCDOB,RS,Locomoção,Locação Ou Fretamento De Veículos Automotores,0,Sem indício cadastral crítico,FOUND,ATIVA,3,60,199888.54,182736.733051,177547.8783363845,0.0966,Comportamento esperado
326,220708,Gabriel Nunes,PSD,BA,Comunicação,Telefonia,0,Sem indício cadastral crítico,FOUND,ATIVA,5,102,28060.01,23153.030698,23468.568952979214,0.2091,Comportamento esperado
879,220558,Zé Trovão,PL,SC,Comunicação,Telefonia,0,Sem indício cadastral crítico,FOUND,ATIVA,4,112,16660.05,7776.667391,7284.093764458291,1.2196,Comportamento esperado
113,204507,Carla Zambelli,PL,SP,Comunicação,Telefonia,0,Sem indício cadastral crítico,FOUND,ATIVA,4,90,39375.94,19889.940211,25751.500071775903,0.7567,Comportamento esperado
133,74171,Chico Alencar,PSOL,RJ,Publicidade,Divulgação Da Atividade Parlamentar.,0,Sem indício cadastral crítico,FOUND,ATIVA,8,71,420720.00,226781.355120,259582.44863584734,0.7471,Comportamento esperado
394,204436,Isnaldo Bulhões Jr.,MDB,AL,Locomoção,Locação Ou Fretamento De Veículos Automotores,0,Sem indício cadastral crítico,FOUND,ATIVA,3,40,405161.60,233502.585833,195708.62456859284,0.8771,Comportamento esperado
712,74084,Raimundo Santos,PSD,PA,Comunicação,Telefonia,0,Sem indício cadastral crítico,FOUND,ATIVA,1,37,11917.92,14410.800000,15329.862478744984,-0.1626,Comportamento esperado
485,196358,Lourival Gomes,PP,RJ,Locomoção,Locação Ou Fretamento De Veículos Automotores,0,Sem indício cadastral crítico,FOUND,ATIVA,1,12,78800.00,162239.394390,163272.60476613723,-0.511,Comportamento esperado
674,220630,Pedro Aihara,PP,MG,Publicidade,Divulgação Da Atividade Parlamentar.,0,Sem indício cadastral crítico,FOUND,ATIVA,11,26,144424.39,194891.353020,276881.75990132586,-0.1823,Comportamento esperado
377,178981,Herculano Passos,REPUBLICANOS,SP,Hotéis,"Hospedagem ,exceto Do Parlamentar No Distrito Federal.",0,Sem indício cadastral crítico,FOUND,ATIVA,8,16,4769.35,10014.789189,11435.329101648113,-0.4587,Comportamento esperado
306,225727,Flavinha,MDB,MT,Publicidade,Divulgação Da Atividade Parlamentar.,0,Sem indício cadastral crítico,FOUND,ATIVA,1,4,72000.00,167205.955714,207800.9242977291,-0.4582,Comportamento esperado
474,80815,Leo Prates,REPUBLICANOS,BA,Hotéis,"Hospedagem ,exceto Do Parlamentar No Distrito Federal.",0,Sem indício cadastral crítico,FOUND,ATIVA,1,1,279.49,14559.116889,26542.375379101115,-0.538,Comportamento esperado
853,204478,Vinicius Farah,UNIÃO,RJ,Publicidade,Divulgação Da Atividade Parlamentar.,0,Sem indício cadastral crítico,FOUND,ATIVA,1,1,56000.00,226781.355120,259582.44863584734,-0.6579,Comportamento esperado
152,220590,Coronel Ulysses,UNIÃO,AC,Outros,Manutenção De Escritório De Apoio À Atividade Parlamentar,0,Documento não consultado por não ser CNPJ,NOT_APPLICABLE,,1,14,87477.58,29735.132000,50394.769544197494,1.1458,Comportamento esperado
149,220666,Coronel Meira,PL,PE,Hotéis,"Hospedagem ,exceto Do Parlamentar No Distrito Federal.",0,Sem indício cadastral crítico,FOUND,ATIVA,16,80,93187.97,17089.374528,23447.97906027458,3.2454,Anomalia financeira extrema
685,160604,Pedro Uczai,PT,SC,Outros,"Serviço De Táxi, Pedágio E Estacionamento",0,Sem indício cadastral crítico,FOUND,ATIVA,20,278,9476.10,2658.067742,3431.982973130558,1.9866,Comportamento esperado
251,92346,Eduardo Bolsonaro,PL,SP,Hotéis,"Hospedagem ,exceto Do Parlamentar No Distrito Federal.",0,Sem indício cadastral crítico,FOUND,ATIVA,30,61,32357.10,10014.789189,11435.329101648113,1.9538,Comportamento esperado
147,204378,Coronel Chrisóstomo,PL,RO,Publicidade,Divulgação Da Atividade Parlamentar.,0,Sem indício cadastral crítico,FOUND,ATIVA,48,577,883472.85,289552.191071,359934.1329827757,1.6501,Comportamento esperado
141,74537,Claudio Cajado,PP,BA,Combustível,Combustíveis E Lubrificantes.,0,Sem indício cadastral crítico,FOUND,ATIVA,164,503,339973.75,76280.976842,110667.4963849575,2.3827,Possível anomalia financeira
405,160570,Jerônimo Goergen,PP,RS,Outros,Manutenção De Escritório De Apoio À Atividade Parlamentar,0,Sem indício cadastral crítico,FOUND,ATIVA,4,32,17763.88,109428.142500,149558.61424927576,-0.6129,Comportamento esperado
212,160599,Dimas Fabiano,PP,MG,Alimentação,Fornecimento De Alimentação Do Parlamentar,0,Sem indício cadastral crítico,FOUND,ATIVA,174,495,34038.65,3421.773553,6721.942950865462,4.5548,Anomalia financeira extrema
552,204431,Marcos Aurélio Sampaio,MDB,PI,Viagens,Passagem Aérea - Sigepa,,,,,0,101,156768.24,155026.570000,94704.85142824263,0.0184,Comportamento esperado
235,204412,Dr. Zacharias Calil,UNIÃO,GO,Alimentação,Fornecimento De Alimentação Do Parlamentar,0,Sem indício cadastral crítico,FOUND,ATIVA,22,178,6261.97,3293.239000,7032.529544734017,0.4221,Comportamento esperado
640,204573,Otto Alencar Filho,PSD,BA,Viagens,Passagem Aérea - Reembolso,0,Sem indício cadastral crítico,FOUND,ATIVA,1,1,540.99,6722.195000,9392.208684505544,-0.6581,Comportamento esperado
390,204508,Igor Timo,UNIÃO,MG,Publicidade,Divulgação Da Atividade Parlamentar.,0,Sem indício cadastral crítico,FOUND,ATIVA,11,51,349604.82,194891.353020,276881.75990132586,0.5588,Comportamento esperado
613,220622,Nely Aquino,PODE,MG,Locomoção,Locação Ou Fretamento De Veículos Automotores,0,Sem indício cadastral crítico,FOUND,ATIVA,3,65,385408.26,199358.988889,190617.58878325575,0.976,Comportamento esperado
356,198197,Greyce Elias,AVANTE,MG,Hotéis,"Hospedagem ,exceto Do Parlamentar No Distrito Federal.",0,Sem indício cadastral crítico,FOUND,ATIVA,25,37,7203.97,17018.453084,26330.369533202334,-0.3727,Comportamento esperado
181,160552,Danrlei De Deus Hinterholz,PSD,RS,Outros,"Serviço De Táxi, Pedágio E Estacionamento",0,Sem indício cadastral crítico,FOUND,ATIVA,5,220,1240.70,10192.084923,16137.89190584743,-0.5547,Comportamento esperado
831,160976,Tiririca,PSD,SP,Outros,Manutenção De Escritório De Apoio À Atividade Parlamentar,0,Sem indício cadastral crítico,FOUND,ATIVA,1,7,1324.20,98538.487659,143509.98800071477,-0.6774,Comportamento esperado
200,220619,Delegado Ramagem,PL,RJ,Locomoção,Locação Ou Fretamento De Veículos Automotores,0,Sem indício cadastral crítico,FOUND,ATIVA,9,55,336019.11,162239.394390,163272.60476613723,1.0644,Comportamento esperado
549,219585,Marco Brasil,PP,PR,Outros,Manutenção De Escritório De Apoio À Atividade Parlamentar,0,Sem indício cadastral crítico,FOUND,ATIVA,5,62,193910.48,86193.122500,116860.66498214444,0.9218,Comportamento esperado
31,220554,Alexandre Lindenmeyer,PT,RS,Outros,Manutenção De Escritório De Apoio À Atividade Parlamentar,1,Situação cadastral não ativa: BAIXADA,FOUND,BAIXADA,1,1,62.96,109428.142500,149558.61424927576,-0.7313,Fornecedor com CNPJ suspeito
443,220559,Julia Zanatta,PL,SC,Outros,"Serviço De Táxi, Pedágio E Estacionamento",0,Sem indício cadastral crítico,FOUND,ATIVA,5,7,1682.20,2658.067742,3431.982973130558,-0.2843,Comportamento esperado
436,230957,João Cury,MDB,SP,Hotéis,"Hospedagem ,exceto Do Parlamentar No Distrito Federal.",0,Sem indício cadastral crítico,FOUND,ATIVA,23,56,17859.73,10014.789189,11435.329101648113,0.686,Comportamento esperado
182,116379,Darci De Matos,PSD,SC,Comunicação,Telefonia,0,Sem indício cadastral crítico,FOUND,ATIVA,3,37,16306.21,7776.667391,7284.093764458291,1.171,Comportamento esperado
763,204525,Rosana Valle,PL,SP,Outros,"Serviço De Táxi, Pedágio E Estacionamento",0,Sem indício cadastral crítico,FOUND,ATIVA,2,76,41213.83,11967.060840,16796.655097373645,1.7412,Comportamento esperado
369,178964,Heitor Schuch,PSB,RS,Combustível,Combustíveis E Lubrificantes.,1,Situação cadastral não ativa: BAIXADA,FOUND,BAIXADA,4,14,3843.13,60520.148547,97388.05968907535,-0.582,Fornecedor com CNPJ suspeito
669,74400,Paulo Pimenta,PT,RS,Comunicação,Telefonia,0,Sem indício cadastral crítico,FOUND,ATIVA,2,14,9493.47,19321.830435,18898.364290143905,-0.5201,Comportamento esperado
400,220697,Jadyel Alencar,REPUBLICANOS,PI,Outros,"Serviço De Táxi, Pedágio E Estacionamento",0,Sem indício cadastral crítico,FOUND,ATIVA,6,29,982.67,1131.130000,1001.0474213292796,-0.1483,Comportamento esperado
540,133810,Marcelo Moraes,PL,RS,Hotéis,"Hospedagem ,exceto Do Parlamentar No Distrito Federal.",0,Sem indício cadastral crítico,FOUND,ATIVA,10,23,5279.39,21826.986437,35658.661568585754,-0.4641,Comportamento esperado
822,178901,Tereza Cristina,PP,MS,Serviços profissionais,"Consultorias, Pesquisas E Trabalhos Técnicos.",0,Sem indício cadastral crítico,FOUND,ATIVA,1,7,70000.00,117975.000000,69066.65259008866,-0.6946,Comportamento esperado
505,204448,Luiz Antonio Corrêa,PP,RJ,Viagens,Passagem Aérea - Reembolso,0,Sem indício cadastral crítico,FOUND,ATIVA,2,2,4538.13,9840.865893,10669.362639943789,-0.497,Comportamento esperado
251,92346,Eduardo Bolsonaro,PL,SP,Outros,Serviços Postais,0,Sem indício cadastral crítico,FOUND,ATIVA,3,17,596.70,1015.584878,1403.5425598127083,-0.2984,Comportamento esperado
496,178931,Luciano Ducci,PSB,PR,Outros,Manutenção De Escritório De Apoio À Atividade Parlamentar,0,Sem indício cadastral crítico,FOUND,ATIVA,8,219,172278.12,86193.122500,116860.66498214444,0.7366,Comportamento esperado
648,220615,Pastor Henrique Vieira,PSOL,RJ,Hotéis,"Hospedagem ,exceto Do Parlamentar No Distrito Federal.",0,Sem indício cadastral crítico,FOUND,ATIVA,7,8,5637.39,13016.628636,21468.959145470457,-0.3437,Comportamento esperado
108,178924,Capitão Fábio Abreu,PSD,PI,Outros,Manutenção De Escritório De Apoio À Atividade Parlamentar,0,Sem indício cadastral crítico,FOUND,ATIVA,5,52,62145.51,64892.367419,74159.10998309037,-0.037,Comportamento esperado
564,204432,Marina Santos,REPUBLICANOS,PI,Viagens,Passagem Aérea - Sigepa,,,,,0,58,88053.77,155026.570000,94704.85142824263,-0.7072,Comportamento esperado
711,204567,Raimundo Costa,PODE,BA,Combustível,Combustíveis E Lubrificantes.,0,Sem indício cadastral crítico,FOUND,ATIVA,90,182,50025.07,76280.976842,110667.4963849575,-0.2373,Comportamento esperado
322,220653,Fábio Teruel,MDB,SP,Outros,Manutenção De Escritório De Apoio À Atividade Parlamentar,0,Sem indício cadastral crítico,FOUND,ATIVA,9,105,96563.72,98538.487659,143509.98800071477,-0.0138,Comportamento esperado
348,178996,Giovani Feltes,MDB,RS,Outros,Manutenção De Escritório De Apoio À Atividade Parlamentar,0,Sem indício cadastral crítico,FOUND,ATIVA,9,76,104263.77,109428.142500,149558.61424927576,-0.0345,Comportamento esperado
676,215045,Pedro Augusto Palareti,PP,RJ,Comunicação,Telefonia,0,Sem indício cadastral crítico,FOUND,ATIVA,2,39,7187.76,11897.719661,18918.17939394703,-0.249,Comportamento esperado
695,89536,Prof. Paulo Fernando,REPUBLICANOS,DF,Locomoção,Locação Ou Fretamento De Veículos Automotores,0,Sem indício cadastral crítico,FOUND,ATIVA,1,8,32333.35,118149.428125,89877.33858167462,-0.9548,Comportamento esperado
642,160556,Padre João,PT,MG,Viagens,Passagem Aérea - Sigepa,,,,,0,218,197660.35,195216.599630,167832.49260588933,0.0146,Comportamento esperado
270,161550,Emidinho Madeira,PL,MG,Viagens,Passagem Aérea - Sigepa,,,,,0,68,96827.56,195216.599630,167832.49260588933,-0.5862,Comportamento esperado
84,204358,Beto Pereira,PSDB,MS,Viagens,Passagem Aérea - Sigepa,,,,,0,77,89935.14,136850.719231,90603.58730528376,-0.5178,Comportamento esperado
456,73586,Júlio Delgado,PV,MG,Viagens,Passagem Aérea - Rpa,0,Sem indício cadastral crítico,FOUND,ATIVA,3,15,9861.71,40253.940526,63478.97879162227,-0.4788,Comportamento esperado
214,143632,Domingos Neto,PSD,CE,Publicidade,Divulgação Da Atividade Parlamentar.,0,Sem indício cadastral crítico,FOUND,ATIVA,8,78,1037881.63,263931.285395,366906.3702021798,2.1094,Possível anomalia financeira
608,204453,Natália Bonavides,PT,RN,Publicidade,Assinatura De Publicações,0,Sem indício cadastral crítico,FOUND,ATIVA,4,11,1359.04,1359.040000,,,Comportamento esperado
324,160666,Félix Mendonça Júnior,PDT,BA,Hotéis,"Hospedagem ,exceto Do Parlamentar No Distrito Federal.",0,Sem indício cadastral crítico,FOUND,ATIVA,10,12,16551.56,14559.116889,26542.375379101115,0.0751,Comportamento esperado
595,178997,Moses Rodrigues,UNIÃO,CE,Serviços profissionais,"Consultorias, Pesquisas E Trabalhos Técnicos.",0,Sem indício cadastral crítico,FOUND,ATIVA,2,12,78000.00,67459.660000,60466.2251856053,0.1743,Comportamento esperado
322,220653,Fábio Teruel,MDB,SP,Publicidade,Divulgação Da Atividade Parlamentar.,0,Sem indício cadastral crítico,FOUND,ATIVA,2,36,95480.56,243741.226243,313657.1515008437,-0.4727,Comportamento esperado
641,220706,Padovani,PP,PR,Alimentação,Fornecimento De Alimentação Do Parlamentar,1,Situação cadastral não ativa: BAIXADA,FOUND,BAIXADA,2,3,168.30,4173.948542,8441.04850518495,-0.4745,Fornecedor com CNPJ suspeito
519,178866,Luizianne Lins,REDE,CE,Viagens,Passagem Aérea - Rpa,0,Sem indício cadastral crítico,FOUND,ATIVA,1,11,2635.00,32586.001200,51600.505956913454,-0.5804,Comportamento esperado
34,221148,Alfredinho,PT,SP,Outros,"Serviço De Táxi, Pedágio E Estacionamento",0,Sem indício cadastral crítico,FOUND,ATIVA,3,8,357.00,11967.060840,16796.655097373645,-0.6912,Comportamento esperado
866,182146,Wolmer Araújo,SOLIDARIEDADE,MA,Combustível,Combustíveis E Lubrificantes.,1,Situação cadastral não ativa: BAIXADA,FOUND,BAIXADA,1,1,281.96,34895.172615,52384.05405357016,-0.6608,Fornecedor com CNPJ suspeito
416,205550,Jorge Braz,REPUBLICANOS,RJ,Comunicação,Telefonia,0,Sem indício cadastral crítico,FOUND,ATIVA,2,32,5760.82,11897.719661,18918.17939394703,-0.3244,Comportamento esperado
316,204393,Frei Anastacio Ribeiro,PT,PB,Comunicação,Telefonia,1,Situação cadastral não ativa: BAIXADA,FOUND,BAIXADA,1,12,1305.30,7288.602667,11193.533001502294,-0.5345,Fornecedor com CNPJ suspeito
619,178896,Newton Cardoso Jr,MDB,MG,Hotéis,"Hospedagem ,exceto Do Parlamentar No Distrito Federal.",0,Sem indício cadastral crítico,FOUND,ATIVA,5,6,2163.05,17018.453084,26330.369533202334,-0.5642,Comportamento esperado
440,112437,João Marcelo Souza,MDB,MA,Hotéis,"Hospedagem ,exceto Do Parlamentar No Distrito Federal.",0,Sem indício cadastral crítico,FOUND,ATIVA,5,13,5534.82,16546.215714,24945.906621691578,-0.4414,Comportamento esperado
479,74299,Leônidas Cristino,PDT,CE,Viagens,Passagem Aérea - Sigepa,,,,,0,165,164170.56,190828.457826,170630.5409255439,-0.1562,Comportamento esperado
226,204518,Dr. Frederico,PATRIOTA,MG,Publicidade,Divulgação Da Atividade Parlamentar.,0,Sem indício cadastral crítico,FOUND,ATIVA,9,42,88800.00,194891.353020,276881.75990132586,-0.3832,Comportamento esperado
396,73531,Ivan Valente,PSOL,SP,Publicidade,Divulgação Da Atividade Parlamentar.,0,Sem indício cadastral crítico,FOUND,ATIVA,19,127,771766.30,243741.226243,313657.1515008437,1.6834,Comportamento esperado
826,220597,Thiago Flores,UNIÃO,RO,Combustível,Combustíveis E Lubrificantes.,0,Sem indício cadastral crítico,FOUND,ATIVA,97,373,178426.80,64922.175357,86632.41303886044,1.3102,Comportamento esperado
338,204394,Gervásio Maia,PCDOB,PB,Combustível,Combustíveis E Lubrificantes.,0,Sem indício cadastral crítico,FOUND,ATIVA,121,574,152875.31,61582.608974,85760.8839439169,1.0645,Comportamento esperado
76,74646,Aécio Neves,PSDB,MG,Viagens,Passagem Aérea - Sigepa,,,,,0,442,539971.42,195216.599630,167832.49260588933,2.0542,Possível anomalia financeira
164,220555,Daiana Santos,PCDOB,RS,Viagens,Passagem Aérea - Sigepa,,,,,0,160,194251.83,223297.576531,126627.95953182003,-0.2294,Comportamento esperado
451,204520,Junio Amaral,PL,MG,Hotéis,"Hospedagem ,exceto Do Parlamentar No Distrito Federal.",0,Sem indício cadastral crítico,FOUND,ATIVA,68,86,32622.15,17018.453084,26330.369533202334,0.5926,Comportamento esperado
6,221328,Adilson Barroso,PL,SP,Viagens,Passagem Aérea - Sigepa,,,,,0,134,149805.99,185430.171967,136227.76556134285,-0.2615,Comportamento esperado
37,178927,Aliel Machado,PV,PR,Hotéis,"Hospedagem ,exceto Do Parlamentar No Distrito Federal.",0,Sem indício cadastral crítico,FOUND,ATIVA,36,117,32402.21,18419.328649,34024.43115299299,0.411,Comportamento esperado
187,220565,Delegada Adriana Accorsi,PT,GO,Alimentação,Fornecimento De Alimentação Do Parlamentar,0,Sem indício cadastral crítico,FOUND,ATIVA,21,40,2704.45,3293.239000,7032.529544734017,-0.0837,Comportamento esperado
130,204504,Cezinha De Madureira,PL,SP,Publicidade,Divulgação Da Atividade Parlamentar.,1,Situação cadastral não ativa: BAIXADA,FOUND,BAIXADA,2,15,164000.00,243741.226243,313657.1515008437,-0.2542,Fornecedor com CNPJ suspeito
774,73604,Rui Falcão,PT,SP,Viagens,Passagem Aérea - Reembolso,0,Sem indício cadastral crítico,FOUND,ATIVA,1,4,9779.72,9758.571000,11443.414965885137,0.0018,Comportamento esperado
282,178953,Expedito Netto,PSD,RO,Publicidade,Divulgação Da Atividade Parlamentar.,0,Sem indício cadastral crítico,FOUND,ATIVA,14,35,205535.49,289552.191071,359934.1329827757,-0.2334,Comportamento esperado
625,227660,Nitinho,PSD,SE,Outros,Manutenção De Escritório De Apoio À Atividade Parlamentar,0,Sem indício cadastral crítico,FOUND,ATIVA,6,27,28225.72,43647.935652,66268.36061748704,-0.2327,Comportamento esperado
577,74749,Mauro Lopes,PP,MG,Viagens,Passagem Aérea - Rpa,0,Sem indício cadastral crítico,FOUND,ATIVA,3,88,135103.54,40253.940526,63478.97879162227,1.4942,Comportamento esperado
424,204563,Josimar Maranhãozinho,PL,MA,Combustível,Combustíveis E Lubrificantes.,0,Sem indício cadastral crítico,FOUND,ATIVA,19,138,219438.65,34895.172615,52384.05405357016,3.5229,Anomalia financeira extrema
341,204491,Gilberto Abramo,REPUBLICANOS,MG,Alimentação,Fornecimento De Alimentação Do Parlamentar,0,Sem indício cadastral crítico,FOUND,ATIVA,4,25,1984.15,3421.773553,6721.942950865462,-0.2139,Comportamento esperado
328,115746,Gelson Azevedo,PL,RJ,Combustível,Combustíveis E Lubrificantes.,0,Sem indício cadastral crítico,FOUND,ATIVA,28,89,28792.83,44023.319398,62812.667137756165,-0.2425,Comportamento esperado
135,204476,Chiquinho Brazão,UNIÃO,RJ,Viagens,Passagem Aérea - Rpa,0,Sem indício cadastral crítico,FOUND,ATIVA,3,45,64911.29,24365.871064,36425.48190750471,1.1131,Comportamento esperado
477,74254,Leonardo Picciani,MDB,RJ,Locomoção,Locação Ou Fretamento De Veículos Automotores,0,Sem indício cadastral crítico,FOUND,ATIVA,1,3,25500.00,162239.394390,163272.60476613723,-0.8375,Comportamento esperado
873,220552,Zucco,PL,RS,Viagens,Passagem Aérea - Reembolso,0,Sem indício cadastral crítico,FOUND,ATIVA,1,1,3351.85,7846.026333,10735.105702213965,-0.4186,Comportamento esperado
180,62881,Danilo Forte,PP,CE,Alimentação,Fornecimento De Alimentação Do Parlamentar,1,Situação cadastral não ativa: BAIXADA,FOUND,BAIXADA,2,5,267.89,4778.337742,9185.089924635726,-0.4911,Fornecedor com CNPJ suspeito
641,220706,Padovani,PP,PR,Comunicação,Telefonia,0,Sem indício cadastral crítico,FOUND,ATIVA,1,29,46410.62,10984.091277,13121.60062975809,2.6999,Possível anomalia financeira
210,73768,Dilceu Sperafico,PP,PR,Publicidade,Divulgação Da Atividade Parlamentar.,1,Situação cadastral não ativa: BAIXADA,FOUND,BAIXADA,4,48,58400.00,263664.052022,329972.5348930845,-0.6221,Fornecedor com CNPJ suspeito
466,98057,Lafayette De Andrada,REPUBLICANOS,MG,Locomoção,Locação Ou Fretamento De Veículos Automotores,1,Situação cadastral não ativa: BAIXADA,FOUND,BAIXADA,1,9,42476.40,199358.988889,190617.58878325575,-0.823,Fornecedor com CNPJ suspeito
464,151208,Laercio Oliveira,PP,SE,Hotéis,"Hospedagem ,exceto Do Parlamentar No Distrito Federal.",0,Sem indício cadastral crítico,FOUND,ATIVA,5,7,9333.65,13543.401111,21569.307793305772,-0.1952,Comportamento esperado
519,178866,Luizianne Lins,PT,CE,Viagens,Passagem Aérea - Reembolso,0,Sem indício cadastral crítico,FOUND,ATIVA,2,2,2479.10,12007.303200,17888.200103405623,-0.5327,Comportamento esperado
543,204556,Marcelo Ramos,PSD,AM,Comunicação,Telefonia,0,Sem indício cadastral crítico,FOUND,ATIVA,3,21,4600.14,25580.348889,29955.895435557606,-0.7004,Comportamento esperado
707,233594,Rafael Fera,PODE,RO,Comunicação,Telefonia,0,Sem indício cadastral crítico,FOUND,ATIVA,2,11,4698.66,15683.564000,17340.40119270922,-0.6335,Comportamento esperado
690,204524,Pinheirinho,PP,MG,Combustível,Combustíveis E Lubrificantes.,0,Sem indício cadastral crítico,FOUND,ATIVA,257,917,232479.06,65306.104375,92314.0005265802,1.8109,Comportamento esperado
292,72442,Felipe Carreras,PSB,PE,Combustível,Combustíveis E Lubrificantes.,0,Sem indício cadastral crítico,FOUND,ATIVA,155,605,161372.82,53506.291935,82942.380015203,1.3005,Comportamento esperado
556,178943,Marcos Soares,PSDB,RJ,Alimentação,Fornecimento De Alimentação Do Parlamentar,0,Sem indício cadastral crítico,FOUND,ATIVA,134,211,22854.94,5314.154545,11413.915891543053,1.5368,Comportamento esperado
246,204562,Edilázio Júnior,PSD,MA,Combustível,Combustíveis E Lubrificantes.,1,Situação cadastral não ativa: BAIXADA,FOUND,BAIXADA,2,4,1318.12,34895.172615,52384.05405357016,-0.641,Fornecedor com CNPJ suspeito
499,178954,Lucio Mosquini,PL,RO,Publicidade,Divulgação Da Atividade Parlamentar.,0,Sem indício cadastral crítico,FOUND,ATIVA,40,264,640231.62,289552.191071,359934.1329827757,0.9743,Comportamento esperado
20,220538,Albuquerque,REPUBLICANOS,RR,Publicidade,Divulgação Da Atividade Parlamentar.,1,Situação cadastral não ativa: INAPTA,FOUND,INAPTA,1,22,330000.00,302008.159333,364968.0243701814,0.0767,Fornecedor com CNPJ suspeito
366,204456,Gutemberg Reis,MDB,RJ,Combustível,Combustíveis E Lubrificantes.,0,Sem indício cadastral crítico,FOUND,ATIVA,100,1464,278870.53,44023.319398,62812.667137756165,3.7389,Anomalia financeira extrema
523,204359,Léo Moraes,PODE,RO,Viagens,Passagem Aérea - Sigepa,,,,,0,96,143797.02,146544.061250,69636.83718620405,-0.0394,Comportamento esperado
200,220619,Delegado Ramagem,PL,RJ,Publicidade,Divulgação Da Atividade Parlamentar.,0,Sem indício cadastral crítico,FOUND,ATIVA,7,39,213013.91,226781.355120,259582.44863584734,-0.053,Comportamento esperado
638,204441,Otoni De Paula,MDB,RJ,Outros,Manutenção De Escritório De Apoio À Atividade Parlamentar,1,Situação cadastral não ativa: INAPTA,FOUND,INAPTA,1,11,9097.00,80988.593819,134414.71100556676,-0.5348,Fornecedor com CNPJ suspeito
433,74554,José Rocha,UNIÃO,BA,Viagens,Passagem Aérea - Rpa,0,Sem indício cadastral crítico,FOUND,ATIVA,3,175,222277.57,31763.658913,54219.86604798766,3.5137,Anomalia financeira extrema
311,220551,Franciane Bayer,REPUBLICANOS,RS,Combustível,Combustíveis E Lubrificantes.,1,Situação cadastral não ativa: BAIXADA,FOUND,BAIXADA,8,14,2629.56,60520.148547,97388.05968907535,-0.5944,Fornecedor com CNPJ suspeito
577,74749,Mauro Lopes,PP,MG,Outros,Manutenção De Escritório De Apoio À Atividade Parlamentar,0,Sem indício cadastral crítico,FOUND,ATIVA,13,72,57748.81,123562.947566,162703.54342443834,-0.4045,Comportamento esperado
354,74419,Gonzaga Patriota,PSB,PE,Combustível,Combustíveis E Lubrificantes.,0,Sem indício cadastral crítico,FOUND,ATIVA,30,89,72719.73,53506.291935,82942.380015203,0.2316,Comportamento esperado
742,220613,Roberto Monteiro Pai,PL,RJ,Outros,Manutenção De Escritório De Apoio À Atividade Parlamentar,0,Sem indício cadastral crítico,FOUND,ATIVA,5,38,24587.17,80988.593819,134414.71100556676,-0.4196,Comportamento esperado
399,220527,Jack Rocha,PT,ES,Locomoção,Locação Ou Fretamento De Veículos Automotores,0,Sem indício cadastral crítico,FOUND,ATIVA,2,69,264113.00,171214.090476,129265.73835992759,0.7187,Comportamento esperado
425,215043,Josivaldo Jp,UNIÃO,MA,Publicidade,Divulgação Da Atividade Parlamentar.,0,Sem indício cadastral crítico,FOUND,ATIVA,4,46,1039275.00,299945.123175,386285.4495039867,1.9139,Comportamento esperado
506,160645,Luiz Carlos,PSDB,AP,Publicidade,Divulgação Da Atividade Parlamentar.,1,Situação cadastral não ativa: BAIXADA,FOUND,BAIXADA,1,1,2500.00,282209.245429,388109.6753004129,-0.7207,Fornecedor com CNPJ suspeito
708,178951,Rafael Motta,PSB,RN,Viagens,Passagem Aérea - Sigepa,,,,,0,95,142689.91,162797.373750,139730.51949096413,-0.1439,Comportamento esperado
904,,,,NA,Locomoção,Locação Ou Fretamento De Veículos Automotores,0,Sem indício cadastral crítico,FOUND,ATIVA,1,30,149950.00,135342.105000,20658.683226722118,0.7071,Comportamento esperado
374,220672,Henderson Pinto,UNIÃO,PA,Outros,Manutenção De Escritório De Apoio À Atividade Parlamentar,0,Sem indício cadastral crítico,FOUND,ATIVA,3,62,51043.41,42888.542571,70113.4772677672,0.1163,Comportamento esperado
534,146788,Marcelo Aro,PP,MG,Outros,Manutenção De Escritório De Apoio À Atividade Parlamentar,1,Situação cadastral não ativa: INAPTA,FOUND,INAPTA,1,17,4620.00,123562.947566,162703.54342443834,-0.731,Fornecedor com CNPJ suspeito
203,220705,Deltan Dallagnol,PODE,PR,Viagens,Passagem Aérea - Sigepa,,,,,0,84,66089.51,173223.575536,125997.34942419773,-0.8503,Comportamento esperado
509,204485,Luiz Carlos Motta,PL,SP,Hotéis,"Hospedagem ,exceto Do Parlamentar No Distrito Federal.",0,Sem indício cadastral crítico,FOUND,ATIVA,1,1,497.20,10014.789189,11435.329101648113,-0.8323,Comportamento esperado
111,229106,Carla Ayres,PT,SC,Viagens,Passagem Aérea - Sigepa,,,,,0,26,39710.55,213397.721034,170101.01243018164,-1.0211,Comportamento esperado
519,178866,Luizianne Lins,PT,CE,Alimentação,Fornecimento De Alimentação Do Parlamentar,1,Situação cadastral não ativa: BAIXADA,FOUND,BAIXADA,4,30,2254.95,4778.337742,9185.089924635726,-0.2747,Fornecedor com CNPJ suspeito
739,152610,Roberto Alves,REPUBLICANOS,SP,Outros,Manutenção De Escritório De Apoio À Atividade Parlamentar,0,Sem indício cadastral crítico,FOUND,ATIVA,6,33,20364.81,98538.487659,143509.98800071477,-0.5447,Comportamento esperado
644,230762,Pastor Claudio Mariano,UNIÃO,PA,Outros,Manutenção De Escritório De Apoio À Atividade Parlamentar,0,Sem indício cadastral crítico,FOUND,ATIVA,4,8,64741.58,42888.542571,70113.4772677672,0.3117,Comportamento esperado
194,220583,Delegado Fabio Costa,PP,AL,Outros,Manutenção De Escritório De Apoio À Atividade Parlamentar,0,Documento não consultado por não ser CNPJ,NOT_APPLICABLE,,2,40,180616.76,55960.761000,68535.24676411308,1.8189,Comportamento esperado
347,160673,Giovani Cherini,PL,RS,Locomoção,Locação Ou Fretamento De Veículos Automotores,1,Situação cadastral não ativa: BAIXADA,FOUND,BAIXADA,1,2,2507.36,182736.733051,177547.8783363845,-1.0151,Fornecedor com CNPJ suspeito
499,178954,Lucio Mosquini,PL,RO,Outros,Serviços Postais,0,Sem indício cadastral crítico,FOUND,ATIVA,1,2,27.30,27.300000,,,Comportamento esperado
568,204566,Marreca Filho,PATRIOTA,MA,Locomoção,Locação Ou Fretamento De Veículos Automotores,0,Sem indício cadastral crítico,FOUND,ATIVA,3,6,23811.75,122090.952683,112418.39663710551,-0.8742,Comportamento esperado
639,204475,Ottaci Nascimento,SOLIDARIEDADE,RR,Locomoção,Locação Ou Fretamento De Veículos Automotores,0,Sem indício cadastral crítico,FOUND,ATIVA,1,9,88674.72,156360.151875,107532.52503854835,-0.6294,Comportamento esperado
104,204352,Camilo Capiberibe,PSB,AP,Outros,Manutenção De Escritório De Apoio À Atividade Parlamentar,1,Situação cadastral não ativa: BAIXADA,FOUND,BAIXADA,2,8,2188.95,30123.933200,30290.240248736845,-0.9222,Fornecedor com CNPJ suspeito
265,234406,Elmano Férrer,PP,PI,Combustível,Combustíveis E Lubrificantes.,0,Sem indício cadastral crítico,FOUND,ATIVA,6,9,2076.12,73929.545357,101552.42380940972,-0.7076,Comportamento esperado
336,74374,Geraldo Resende,UNIÃO,MS,Locomoção,Locação Ou Fretamento De Veículos Automotores,0,Sem indício cadastral crítico,FOUND,ATIVA,2,36,234593.10,208841.042857,176263.8077260953,0.1461,Comportamento esperado
442,204474,Juarez Costa,REPUBLICANOS,MT,Combustível,Combustíveis E Lubrificantes.,0,Sem indício cadastral crítico,FOUND,ATIVA,116,382,84083.36,34330.305532,57340.29977264771,0.8677,Comportamento esperado
122,164360,Carmen Zanotto,CIDADANIA,SC,Combustível,Combustíveis E Lubrificantes.,0,Sem indício cadastral crítico,FOUND,ATIVA,83,273,70840.82,63943.250339,85631.6159933909,0.0805,Comportamento esperado
34,221148,Alfredinho,PT,SP,Combustível,Combustíveis E Lubrificantes.,0,Sem indício cadastral crítico,FOUND,ATIVA,62,288,64777.29,42192.750821,64034.19773844777,0.3527,Comportamento esperado
416,205550,Jorge Braz,REPUBLICANOS,RJ,Alimentação,Fornecimento De Alimentação Do Parlamentar,0,Sem indício cadastral crítico,FOUND,ATIVA,15,175,14695.36,5314.154545,11413.915891543053,0.8219,Comportamento esperado
370,178873,Helder Salomão,PT,ES,Outros,Manutenção De Escritório De Apoio À Atividade Parlamentar,0,Sem indício cadastral crítico,FOUND,ATIVA,16,305,312105.52,101936.796563,164857.25422120074,1.2749,Comportamento esperado
685,160604,Pedro Uczai,PT,SC,Outros,Serviço De Segurança Prestado Por Empresa Especializada.,0,Sem indício cadastral crítico,FOUND,ATIVA,1,15,6097.46,6348.014000,9442.953517040101,-0.0265,Comportamento esperado
865,74044,Wilson Santiago,REPUBLICANOS,PB,Publicidade,Divulgação Da Atividade Parlamentar.,0,Sem indício cadastral crítico,FOUND,ATIVA,27,339,1181485.71,324815.111538,407718.48875224456,2.1011,Possível anomalia financeira
370,178873,Helder Salomão,PT,ES,Viagens,Passagem Aérea - Reembolso,0,Sem indício cadastral crítico,FOUND,ATIVA,5,100,83194.90,10428.191818,24247.266158601393,3.001,Anomalia financeira extrema
656,141516,Paulo Abi-ackel,PSDB,MG,Combustível,Combustíveis E Lubrificantes.,1,Situação cadastral não ativa: BAIXADA,FOUND,BAIXADA,2,2,623.54,65306.104375,92314.0005265802,-0.7007,Fornecedor com CNPJ suspeito
76,74646,Aécio Neves,PSDB,MG,Publicidade,Assinatura De Publicações,0,Sem indício cadastral crítico,FOUND,ATIVA,6,16,5115.60,1596.091765,1698.0009011232714,2.0727,Possível anomalia financeira
701,160639,Professora Dorinha Seabra Rezende,UNIÃO,TO,Publicidade,Divulgação Da Atividade Parlamentar.,0,Sem indício cadastral crítico,FOUND,ATIVA,7,34,56780.00,260231.601071,329408.0872597135,-0.6176,Comportamento esperado
192,220673,Delegado Caveira,PL,PA,Viagens,Passagem Aérea - Sigepa,,,,,0,59,63989.63,266111.307931,195578.09309190325,-1.0335,Comportamento esperado
406,204435,Jesus Sérgio,PDT,AC,Locomoção,Locação Ou Fretamento De Embarcações,0,Documento não consultado por não ser CNPJ,NOT_APPLICABLE,,1,12,18000.00,10133.333333,8276.674050204789,0.9505,Comportamento esperado
795,204557,Sidney Leite,PSD,AM,Locomoção,Locação Ou Fretamento De Veículos Automotores,0,Sem indício cadastral crítico,FOUND,ATIVA,2,48,298500.00,152696.895000,125499.30922769064,1.1618,Comportamento esperado
266,178854,Elmar Nascimento,UNIÃO,BA,Publicidade,Divulgação Da Atividade Parlamentar.,0,Sem indício cadastral crítico,FOUND,ATIVA,3,23,384200.00,317318.910361,328157.1355142384,0.2038,Comportamento esperado
389,204564,Igor Kannário,UNIÃO,BA,Serviços profissionais,"Consultorias, Pesquisas E Trabalhos Técnicos.",0,Sem indício cadastral crítico,FOUND,ATIVA,1,3,66000.00,64386.903226,47821.13506693795,0.0337,Comportamento esperado
409,178910,Joaquim Passarinho,PL,PA,Publicidade,Divulgação Da Atividade Parlamentar.,0,Sem indício cadastral crítico,FOUND,ATIVA,5,30,499480.00,319971.475333,323849.5425991789,0.5543,Comportamento esperado
376,227324,Henrique Júnior,PL,MA,Outros,Serviço De Segurança Prestado Por Empresa Especializada.,0,Sem indício cadastral crítico,FOUND,ATIVA,1,4,32300.00,53298.125000,58691.938342592795,-0.3578,Comportamento esperado
718,205865,Reinhold Stephanes,PSD,PR,Outros,"Serviço De Táxi, Pedágio E Estacionamento",0,Sem indício cadastral crítico,FOUND,ATIVA,2,30,1205.91,5713.999474,13397.131596894355,-0.3365,Comportamento esperado
787,226837,Saulo Pedroso,PSD,SP,Publicidade,Divulgação Da Atividade Parlamentar.,0,Sem indício cadastral crítico,FOUND,ATIVA,24,67,486296.87,243741.226243,313657.1515008437,0.7733,Comportamento esperado
347,160673,Giovani Cherini,PL,RS,Combustível,Combustíveis E Lubrificantes.,1,Situação cadastral não ativa: BAIXADA,FOUND,BAIXADA,19,39,8512.65,60520.148547,97388.05968907535,-0.534,Fornecedor com CNPJ suspeito
613,220622,Nely Aquino,PODE,MG,Combustível,Combustíveis E Lubrificantes.,1,Situação cadastral não ativa: SUSPENSA,FOUND,SUSPENSA,1,12,2200.00,65306.104375,92314.0005265802,-0.6836,Fornecedor com CNPJ suspeito
30,160545,Alexandre Leite,UNIÃO,SP,Outros,"Serviço De Táxi, Pedágio E Estacionamento",0,Sem indício cadastral crítico,FOUND,ATIVA,2,7,121.54,11967.060840,16796.655097373645,-0.7052,Comportamento esperado
303,204411,Filipe Barros,PL,PR,Outros,"Serviço De Táxi, Pedágio E Estacionamento",0,Documento não consultado por não ser CNPJ,NOT_APPLICABLE,,8,9,744.66,5713.999474,13397.131596894355,-0.3709,Comportamento esperado
678,178912,Pedro Cunha Lima,PSDB,PB,Viagens,Passagem Aérea - Sigepa,,,,,0,27,42573.11,168235.151250,151254.20824234045,-0.8308,Comportamento esperado
193,220649,Delegado Da Cunha,UNIÃO,SP,Outros,Serviço De Segurança Prestado Por Empresa Especializada.,0,Sem indício cadastral crítico,FOUND,ATIVA,2,10,9101.95,57471.443333,111341.01915358497,-0.4344,Comportamento esperado
23,204501,Alencar Santana,PT,SP,Outros,Manutenção De Escritório De Apoio À Atividade Parlamentar,1,Situação cadastral não ativa: BAIXADA,FOUND,BAIXADA,1,3,367.00,98538.487659,143509.98800071477,-0.6841,Fornecedor com CNPJ suspeito
215,160758,Domingos Sávio,PL,MG,Outros,Manutenção De Escritório De Apoio À Atividade Parlamentar,0,Documento não consultado por não ser CNPJ,NOT_APPLICABLE,,1,8,18796.48,123562.947566,162703.54342443834,-0.6439,Comportamento esperado
665,233592,Paulo Lemos,PT,AP,Outros,Manutenção De Escritório De Apoio À Atividade Parlamentar,0,Sem indício cadastral crítico,FOUND,ATIVA,1,3,15882.91,30123.933200,30290.240248736845,-0.4702,Comportamento esperado
64,123756,Antônia Lúcia,REPUBLICANOS,AC,Locomoção,Locação Ou Fretamento De Aeronaves,0,Sem indício cadastral crítico,FOUND,ATIVA,1,1,35000.00,67020.555556,82206.99971886686,-0.3895,Comportamento esperado
115,204361,Carlos Chiodini,MDB,SC,Alimentação,Fornecimento De Alimentação Do Parlamentar,1,Situação cadastral não ativa: BAIXADA,FOUND,BAIXADA,3,3,106.54,5345.501750,9873.801589562949,-0.5306,Fornecedor com CNPJ suspeito
42,178881,Aluisio Mendes,REPUBLICANOS,MA,Combustível,Combustíveis E Lubrificantes.,0,Sem indício cadastral crítico,FOUND,ATIVA,137,704,159290.28,34895.172615,52384.05405357016,2.3747,Possível anomalia financeira
423,74141,Josias Gomes,PT,BA,Combustível,Combustíveis E Lubrificantes.,0,Sem indício cadastral crítico,FOUND,ATIVA,166,1075,287147.47,76280.976842,110667.4963849575,1.9054,Comportamento esperado
345,220526,Gilvan Da Federal,PL,ES,Hotéis,"Hospedagem ,exceto Do Parlamentar No Distrito Federal.",0,Sem indício cadastral crítico,FOUND,ATIVA,36,196,99469.31,14136.593684,23816.6886480095,3.5829,Anomalia financeira extrema
292,72442,Felipe Carreras,PSB,PE,Viagens,Passagem Aérea - Sigepa,,,,,0,729,884785.78,221741.150682,163177.94412569836,4.0633,Anomalia financeira extrema
598,179001,Márcio Biolchi,MDB,RS,Outros,Manutenção De Escritório De Apoio À Atividade Parlamentar,0,Sem indício cadastral crítico,FOUND,ATIVA,13,170,275782.96,109428.142500,149558.61424927576,1.1123,Comportamento esperado
779,220631,Samuel Viana,UNIÃO,MG,Alimentação,Fornecimento De Alimentação Do Parlamentar,0,Sem indício cadastral crítico,FOUND,ATIVA,142,320,16075.69,3421.773553,6721.942950865462,1.8825,Comportamento esperado
437,178970,João Daniel,PT,SE,Viagens,Passagem Aérea - Sigepa,,,,,0,246,252966.43,155702.681579,99733.68864426478,0.9752,Comportamento esperado
483,204382,Loester Trutis,PL,MS,Outros,Manutenção De Escritório De Apoio À Atividade Parlamentar,0,Documento não consultado por não ser CNPJ,NOT_APPLICABLE,,1,13,66168.43,74966.746667,80602.5088063342,-0.1092,Comportamento esperado
728,220543,Ricardo Ayres,REPUBLICANOS,TO,Combustível,Combustíveis E Lubrificantes.,0,Sem indício cadastral crítico,FOUND,ATIVA,104,483,127993.22,73777.441071,109277.9364585353,0.4961,Comportamento esperado
234,220528,Dr. Victor Linhalis,PODE,ES,Viagens,Passagem Aérea - Sigepa,,,,,0,252,156614.76,159760.155882,99464.81207952778,-0.0316,Comportamento esperado
559,220668,Maria Arraes,PSB,PE,Viagens,Passagem Aérea - Sigepa,,,,,0,81,70507.45,221741.150682,163177.94412569836,-0.9268,Comportamento esperado
755,220695,Rogéria Santos,REPUBLICANOS,BA,Locomoção,Locação Ou Fretamento De Veículos Automotores,0,Sem indício cadastral crítico,FOUND,ATIVA,1,89,344192.27,292409.611930,213979.496522466,0.242,Comportamento esperado
42,178881,Aluisio Mendes,REPUBLICANOS,MA,Locomoção,Locação Ou Fretamento De Aeronaves,0,Documento não consultado por não ser CNPJ,NOT_APPLICABLE,,1,3,77534.20,77534.200000,,,Comportamento esperado
698,204383,Professor Israel Batista,PSB,DF,Viagens,Passagem Aérea - Sigepa,,,,,0,26,32594.48,35467.657000,44918.944493537856,-0.064,Comportamento esperado
93,160538,Bohn Gass,PT,RS,Hotéis,"Hospedagem ,exceto Do Parlamentar No Distrito Federal.",0,Sem indício cadastral crítico,FOUND,ATIVA,125,501,97000.85,21826.986437,35658.661568585754,2.1082,Possível anomalia financeira
570,178843,Marx Beltrão,PP,AL,Viagens,Passagem Aérea - Sigepa,,,,,0,91,94777.69,198077.580000,173709.55138656954,-0.5947,Comportamento esperado
442,204474,Juarez Costa,REPUBLICANOS,MT,Outros,Manutenção De Escritório De Apoio À Atividade Parlamentar,0,Sem indício cadastral crítico,FOUND,ATIVA,11,84,59653.79,55063.669706,75019.05976556618,0.0612,Comportamento esperado
607,178858,Mário Negromonte Jr.,PSB,BA,Viagens,Passagem Aérea - Rpa,0,Sem indício cadastral crítico,FOUND,ATIVA,1,1,667.41,31763.658913,54219.86604798766,-0.5735,Comportamento esperado
96,204502,Bozzella,UNIÃO,SP,Comunicação,Telefonia,0,Sem indício cadastral crítico,FOUND,ATIVA,1,13,11892.42,19889.940211,25751.500071775903,-0.3106,Comportamento esperado
622,209787,Nikolas Ferreira,PL,MG,Outros,Manutenção De Escritório De Apoio À Atividade Parlamentar,1,Situação cadastral não ativa: BAIXADA,FOUND,BAIXADA,1,14,2124.80,123562.947566,162703.54342443834,-0.7464,Fornecedor com CNPJ suspeito
350,152605,Glauber Braga,PSOL,RJ,Outros,Manutenção De Escritório De Apoio À Atividade Parlamentar,0,Documento não consultado por não ser CNPJ,NOT_APPLICABLE,,4,50,156848.41,80988.593819,134414.71100556676,0.5644,Comportamento esperado
249,74655,Eduardo Barbosa,PSDB,MG,Outros,"Serviço De Táxi, Pedágio E Estacionamento",0,Sem indício cadastral crítico,FOUND,ATIVA,12,171,1749.41,5572.245385,10370.293242628488,-0.3686,Comportamento esperado
55,220657,André Fernandes,PL,CE,Comunicação,Telefonia,0,Sem indício cadastral crítico,FOUND,ATIVA,3,33,5298.22,11707.711071,16858.211643996754,-0.3802,Comportamento esperado
711,204567,Raimundo Costa,PSD,BA,Alimentação,Fornecimento De Alimentação Do Parlamentar,1,Situação cadastral não ativa: SUSPENSA,FOUND,SUSPENSA,2,2,186.41,5334.958511,10548.888785765435,-0.4881,Fornecedor com CNPJ suspeito
139,178939,Clarissa Garotinho,UNIÃO,RJ,Comunicação,Telefonia,0,Sem indício cadastral crítico,FOUND,ATIVA,1,10,7458.40,11897.719661,18918.17939394703,-0.2347,Comportamento esperado
338,204394,Gervásio Maia,PCDOB,PB,Outros,Manutenção De Escritório De Apoio À Atividade Parlamentar,0,Documento não consultado por não ser CNPJ,NOT_APPLICABLE,,2,39,153400.00,40088.436364,59072.75761932022,1.9182,Comportamento esperado
490,204404,Lucas Redecker,PSD,RS,Outros,"Passagens Terrestres, Marítimas Ou Fluviais",0,Sem indício cadastral crítico,FOUND,ATIVA,5,8,1296.75,4236.036552,8253.072405382596,-0.3561,Comportamento esperado
533,156190,Marcel Van Hattem,NOVO,RS,Publicidade,Assinatura De Publicações,0,Sem indício cadastral crítico,FOUND,ATIVA,11,82,10176.97,4387.790000,5356.19612339018,1.0808,Comportamento esperado
238,81297,Dra. Soraya Manato,PTB,ES,Outros,Manutenção De Escritório De Apoio À Atividade Parlamentar,0,Documento não consultado por não ser CNPJ,NOT_APPLICABLE,,1,11,16500.00,101936.796563,164857.25422120074,-0.5182,Comportamento esperado
221,213854,Dr. Agripino Magalhães,UNIÃO,CE,Viagens,Passagem Aérea - Rpa,0,Sem indício cadastral crítico,FOUND,ATIVA,1,7,13060.59,32586.001200,51600.505956913454,-0.3784,Comportamento esperado
863,74043,Wellington Roberto,PSD,PB,Outros,Manutenção De Escritório De Apoio À Atividade Parlamentar,0,Sem indício cadastral crítico,FOUND,ATIVA,2,41,21385.00,40088.436364,59072.75761932022,-0.3166,Comportamento esperado
76,74646,Aécio Neves,PSDB,MG,Locomoção,Locação Ou Fretamento De Veículos Automotores,0,Sem indício cadastral crítico,FOUND,ATIVA,1,21,67365.84,199358.988889,190617.58878325575,-0.6924,Comportamento esperado
157,204499,Cássio Andrade,PSB,PA,Combustível,Combustíveis E Lubrificantes.,1,CNPJ não encontrado na API pública,NOT_FOUND,,1,1,200.00,39488.928400,62234.56368268833,-0.6313,Fornecedor com CNPJ suspeito
354,74419,Gonzaga Patriota,PSB,PE,Outros,Manutenção De Escritório De Apoio À Atividade Parlamentar,0,Documento não consultado por não ser CNPJ,NOT_APPLICABLE,,1,2,2200.00,90785.734524,140277.34198893898,-0.6315,Comportamento esperado
761,122466,Ronaldo Martins,REPUBLICANOS,CE,Viagens,Passagem Aérea - Sigepa,,,,,0,14,22496.91,190828.457826,170630.5409255439,-0.9865,Comportamento esperado
39,204400,Aline Sleutjes,PROS,PR,Locomoção,Locação Ou Fretamento De Veículos Automotores,0,Sem indício cadastral crítico,FOUND,ATIVA,2,6,6791.78,113439.957419,130977.93601797776,-0.8142,Comportamento esperado
158,206018,Célia Xakriabá,PSOL,MG,Outros,Serviços Postais,0,Sem indício cadastral crítico,FOUND,ATIVA,2,2,303.10,2049.065200,4121.470694655126,-0.4236,Comportamento esperado
68,73433,Arlindo Chinaglia,PT,SP,Alimentação,Fornecimento De Alimentação Do Parlamentar,0,Sem indício cadastral crítico,FOUND,ATIVA,64,71,4495.52,3366.001170,5609.697337170304,0.2014,Comportamento esperado
198,220652,Delegado Palumbo,PODE,SP,Outros,Manutenção De Escritório De Apoio À Atividade Parlamentar,0,Sem indício cadastral crítico,FOUND,ATIVA,11,203,163604.56,98538.487659,143509.98800071477,0.4534,Comportamento esperado
663,204461,Paulo Ganime,NOVO,RJ,Locomoção,Locação Ou Fretamento De Veículos Automotores,0,Sem indício cadastral crítico,FOUND,ATIVA,1,3,654.16,162239.394390,163272.60476613723,-0.9897,Comportamento esperado
156,135054,Cristiano Vale,PP,PA,Outros,Manutenção De Escritório De Apoio À Atividade Parlamentar,0,Documento não consultado por não ser CNPJ,NOT_APPLICABLE,,1,13,47520.00,42888.542571,70113.4772677672,0.0661,Comportamento esperado
348,178996,Giovani Feltes,MDB,RS,Publicidade,Divulgação Da Atividade Parlamentar.,0,Sem indício cadastral crítico,FOUND,ATIVA,3,12,61554.20,215724.063125,265101.600265673,-0.5816,Comportamento esperado
374,220672,Henderson Pinto,UNIÃO,PA,Combustível,Combustíveis E Lubrificantes.,0,Sem indício cadastral crítico,FOUND,ATIVA,117,462,127128.79,39488.928400,62234.56368268833,1.4082,Comportamento esperado
172,178916,Daniel Coelho,CIDADANIA,PE,Viagens,Passagem Aérea - Sigepa,,,,,0,75,95103.21,221741.150682,163177.94412569836,-0.7761,Comportamento esperado
374,220672,Henderson Pinto,UNIÃO,PA,Hotéis,"Hospedagem ,exceto Do Parlamentar No Distrito Federal.",0,Sem indício cadastral crítico,FOUND,ATIVA,15,35,17417.71,12723.705217,19811.362899516178,0.2369,Comportamento esperado
369,178964,Heitor Schuch,PSB,RS,Viagens,Passagem Aérea - Sigepa,,,,,0,98,91182.08,223297.576531,126627.95953182003,-1.0433,Comportamento esperado
161,204488,Célio Studart,PSD,CE,Outros,Manutenção De Escritório De Apoio À Atividade Parlamentar,1,Situação cadastral não ativa: BAIXADA,FOUND,BAIXADA,1,9,1021.22,68348.775082,105244.60317209057,-0.6397,Fornecedor com CNPJ suspeito
446,228837,Juliana Kolankiewicz,MDB,MT,Outros,Manutenção De Escritório De Apoio À Atividade Parlamentar,0,Sem indício cadastral crítico,FOUND,ATIVA,3,8,11283.80,55063.669706,75019.05976556618,-0.5836,Comportamento esperado
751,220641,Rodrigo Gambale,PODE,SP,Locomoção,Locação Ou Fretamento De Veículos Automotores,0,Sem indício cadastral crítico,FOUND,ATIVA,2,76,448128.40,147254.510948,139673.23431152088,2.1541,Possível anomalia financeira
124,204369,Caroline De Toni,PL,SC,Viagens,Passagem Aérea - Reembolso,0,Sem indício cadastral crítico,FOUND,ATIVA,3,5,15195.80,9023.088750,8047.509872572903,0.767,Comportamento esperado
427,141470,José Guimarães,PT,CE,Comunicação,Telefonia,0,Sem indício cadastral crítico,FOUND,ATIVA,3,42,14014.20,11707.711071,16858.211643996754,0.1368,Comportamento esperado
623,74352,Nilson Pinto,PSDB,PA,Viagens,Passagem Aérea - Rpa,0,Sem indício cadastral crítico,FOUND,ATIVA,3,32,20920.81,40638.794706,54559.71826891466,-0.3614,Comportamento esperado
414,217480,Jones Moura,PSD,RJ,Outros,Manutenção De Escritório De Apoio À Atividade Parlamentar,1,Situação cadastral não ativa: BAIXADA,FOUND,BAIXADA,2,14,8556.34,80988.593819,134414.71100556676,-0.5389,Fornecedor com CNPJ suspeito
646,160642,Pastor Eurico,PSDB,PE,Outros,Manutenção De Escritório De Apoio À Atividade Parlamentar,1,Situação cadastral não ativa: BAIXADA,FOUND,BAIXADA,1,3,2199.43,90785.734524,140277.34198893898,-0.6315,Fornecedor com CNPJ suspeito
251,92346,Eduardo Bolsonaro,PL,SP,Alimentação,Fornecimento De Alimentação Do Parlamentar,0,Sem indício cadastral crítico,FOUND,ATIVA,20,26,1730.09,3366.001170,5609.697337170304,-0.2916,Comportamento esperado
80,220612,Bebeto,PP,RJ,Viagens,Passagem Aérea - Rpa,0,Sem indício cadastral crítico,FOUND,ATIVA,2,9,15244.56,24365.871064,36425.48190750471,-0.2504,Comportamento esperado
127,141405,Celso Maldaner,MDB,SC,Comunicação,Telefonia,0,Sem indício cadastral crítico,FOUND,ATIVA,3,21,2676.75,7776.667391,7284.093764458291,-0.7001,Comportamento esperado
25,178972,Alex Manente,CIDADANIA,SP,Publicidade,Divulgação Da Atividade Parlamentar.,0,Sem indício cadastral crítico,FOUND,ATIVA,19,62,928262.70,243741.226243,313657.1515008437,2.1824,Possível anomalia financeira
691,204529,Policial Katia Sastre,PL,SP,Publicidade,Divulgação Da Atividade Parlamentar.,0,Sem indício cadastral crítico,FOUND,ATIVA,2,2,1050.00,243741.226243,313657.1515008437,-0.7737,Comportamento esperado
203,220705,Deltan Dallagnol,PODE,PR,Hotéis,"Hospedagem ,exceto Do Parlamentar No Distrito Federal.",0,Sem indício cadastral crítico,FOUND,ATIVA,8,14,6869.90,18419.328649,34024.43115299299,-0.3394,Comportamento esperado
580,75431,Maurício Dziedricki,PODE,RS,Combustível,Combustíveis E Lubrificantes.,1,Situação cadastral não ativa: BAIXADA,FOUND,BAIXADA,11,15,3563.91,60520.148547,97388.05968907535,-0.5848,Fornecedor com CNPJ suspeito
759,160629,Romero Rodrigues,PODE,PB,Hotéis,"Hospedagem ,exceto Do Parlamentar No Distrito Federal.",0,Sem indício cadastral crítico,FOUND,ATIVA,4,4,3596.04,9643.162222,20671.000404330745,-0.2925,Comportamento esperado
182,116379,Darci De Matos,PSD,SC,Publicidade,Assinatura De Publicações,0,Sem indício cadastral crítico,FOUND,ATIVA,3,3,416.80,1002.800000,856.1605048120359,-0.6845,Comportamento esperado
616,220703,Neto Carletto,AVANTE,BA,Combustível,Combustíveis E Lubrificantes.,1,Situação cadastral não ativa: BAIXADA,FOUND,BAIXADA,1,2,250.00,76280.976842,110667.4963849575,-0.687,Fornecedor com CNPJ suspeito
636,204422,Ossesio Silva,REPUBLICANOS,PE,Combustível,Combustíveis E Lubrificantes.,1,Situação cadastral não ativa: BAIXADA,FOUND,BAIXADA,2,9,1973.64,53506.291935,82942.380015203,-0.6213,Fornecedor com CNPJ suspeito
849,137070,Vicentinho Júnior,PSDB,TO,Publicidade,Divulgação Da Atividade Parlamentar.,1,Situação cadastral não ativa: BAIXADA,FOUND,BAIXADA,5,30,131000.00,260231.601071,329408.0872597135,-0.3923,Fornecedor com CNPJ suspeito
12,136811,Afonso Hamm,PP,RS,Combustível,Combustíveis E Lubrificantes.,1,Situação cadastral não ativa: BAIXADA,FOUND,BAIXADA,13,25,5121.47,60520.148547,97388.05968907535,-0.5688,Fornecedor com CNPJ suspeito
886,,,,NA,Alimentação,Fornecimento De Alimentação Do Parlamentar,1,Situação cadastral não ativa: INAPTA,FOUND,INAPTA,1,4,8950.00,76824.316875,122514.48277202321,-0.554,Fornecedor com CNPJ suspeito
885,,,,NA,Publicidade,Divulgação Da Atividade Parlamentar.,1,Erro na consulta pública de CNPJ,ERROR,,1,1,1561.96,50979.424375,81608.46012151951,-0.6055,Fornecedor com CNPJ suspeito
670,133968,Paulo Ramos,PDT,RJ,Alimentação,Fornecimento De Alimentação Do Parlamentar,1,Situação cadastral não ativa: BAIXADA,FOUND,BAIXADA,1,3,218.00,5314.154545,11413.915891543053,-0.4465,Fornecedor com CNPJ suspeito
763,204525,Rosana Valle,PL,SP,Viagens,Passagem Aérea - Reembolso,1,Erro na consulta pública de CNPJ,ERROR,,1,1,2793.50,9758.571000,11443.414965885137,-0.6087,Fornecedor com CNPJ suspeito
783,204387,Sargento Fahur,PL,PR,Hotéis,"Hospedagem ,exceto Do Parlamentar No Distrito Federal.",0,Sem indício cadastral crítico,FOUND,ATIVA,7,16,7996.93,18419.328649,34024.43115299299,-0.3063,Comportamento esperado
159,204370,Célio Moura,PT,TO,Publicidade,Divulgação Da Atividade Parlamentar.,0,Sem indício cadastral crítico,FOUND,ATIVA,4,17,72625.61,260231.601071,329408.0872597135,-0.5695,Comportamento esperado
44,220707,Amanda Gentil,PP,MA,Combustível,Combustíveis E Lubrificantes.,0,Sem indício cadastral crítico,FOUND,ATIVA,38,88,25666.15,34895.172615,52384.05405357016,-0.1762,Comportamento esperado
616,220703,Neto Carletto,AVANTE,BA,Combustível,Combustíveis E Lubrificantes.,0,Sem indício cadastral crítico,FOUND,ATIVA,97,264,194916.07,76280.976842,110667.4963849575,1.072,Comportamento esperado
290,66828,Fausto Pinato,UNIÃO,SP,Publicidade,Divulgação Da Atividade Parlamentar.,1,Situação cadastral não ativa: INAPTA,FOUND,INAPTA,1,19,110000.00,243741.226243,313657.1515008437,-0.4264,Fornecedor com CNPJ suspeito
418,178857,Jorge Solla,PT,BA,Combustível,Combustíveis E Lubrificantes.,0,Sem indício cadastral crítico,FOUND,ATIVA,364,1358,362435.63,76280.976842,110667.4963849575,2.5857,Possível anomalia financeira
250,204541,Eduardo Bismarck,PDT,CE,Combustível,Combustíveis E Lubrificantes.,0,Sem indício cadastral crítico,FOUND,ATIVA,73,182,53441.80,41977.960833,76764.60304100714,0.1493,Comportamento esperado
813,178947,Sóstenes Cavalcante,PL,RJ,Publicidade,Divulgação Da Atividade Parlamentar.,0,Sem indício cadastral crítico,FOUND,ATIVA,6,77,529329.26,226781.355120,259582.44863584734,1.1655,Comportamento esperado
298,220656,Fernanda Pessoa,PSD,CE,Alimentação,Fornecimento De Alimentação Do Parlamentar,0,Sem indício cadastral crítico,FOUND,ATIVA,126,329,24377.95,4778.337742,9185.089924635726,2.1339,Possível anomalia financeira
612,204449,Nelson Barbudo,PODE,MT,Outros,Manutenção De Escritório De Apoio À Atividade Parlamentar,0,Sem indício cadastral crítico,FOUND,ATIVA,6,15,4092.05,55063.669706,75019.05976556618,-0.6794,Comportamento esperado
536,204433,Marcelo Calero,PSD,RJ,Outros,Manutenção De Escritório De Apoio À Atividade Parlamentar,0,Sem indício cadastral crítico,FOUND,ATIVA,17,52,94099.13,80988.593819,134414.71100556676,0.0975,Comportamento esperado
301,92699,Fernando Monteiro,PSD,PE,Outros,Manutenção De Escritório De Apoio À Atividade Parlamentar,0,Sem indício cadastral crítico,FOUND,ATIVA,4,42,583810.05,90785.734524,140277.34198893898,3.5146,Anomalia financeira extrema
568,204566,Marreca Filho,PATRIOTA,MA,Serviços profissionais,"Consultorias, Pesquisas E Trabalhos Técnicos.",0,Sem indício cadastral crítico,FOUND,ATIVA,1,12,240000.00,73247.500000,60193.25778602398,2.7703,Possível anomalia financeira
294,204371,Felipe Rigoni,UNIÃO,ES,Locomoção,Locação Ou Fretamento De Veículos Automotores,1,Situação cadastral não ativa: BAIXADA,FOUND,BAIXADA,1,4,12193.66,171214.090476,129265.73835992759,-1.2302,Fornecedor com CNPJ suspeito
351,204419,Glaustin Da Fokus,PODE,GO,Outros,Manutenção De Escritório De Apoio À Atividade Parlamentar,1,Situação cadastral não ativa: BAIXADA,FOUND,BAIXADA,1,7,4457.00,100447.486545,162486.21407041358,-0.5908,Fornecedor com CNPJ suspeito
724,73801,Renildo Calheiros,PCDOB,PE,Comunicação,Telefonia,0,Sem indício cadastral crítico,FOUND,ATIVA,3,47,17402.60,10941.974167,12252.099914667077,0.5273,Comportamento esperado
526,139285,Lídice Da Mata,PSB,BA,Serviços profissionais,"Consultorias, Pesquisas E Trabalhos Técnicos.",0,Sem indício cadastral crítico,FOUND,ATIVA,2,5,44300.00,64386.903226,47821.13506693795,-0.42,Comportamento esperado
863,74043,Wellington Roberto,PL,PB,Comunicação,Telefonia,0,Sem indício cadastral crítico,FOUND,ATIVA,1,7,2415.69,7288.602667,11193.533001502294,-0.4353,Comportamento esperado
725,175765,Ribamar Silva,PODE,SP,Hotéis,"Hospedagem ,exceto Do Parlamentar No Distrito Federal.",0,Sem indício cadastral crítico,FOUND,ATIVA,3,3,3384.03,10014.789189,11435.329101648113,-0.5798,Comportamento esperado
838,195866,Vaidon Oliveira,UNIÃO,CE,Outros,Manutenção De Escritório De Apoio À Atividade Parlamentar,0,Documento não consultado por não ser CNPJ,NOT_APPLICABLE,,1,7,24710.00,68348.775082,105244.60317209057,-0.4146,Comportamento esperado
77,69871,Bacelar,PV,BA,Outros,Serviço De Segurança Prestado Por Empresa Especializada.,0,Sem indício cadastral crítico,FOUND,ATIVA,1,4,33000.00,88600.000000,118613.15272768025,-0.4688,Comportamento esperado
768,178935,Rossoni,PSDB,PR,Viagens,Passagem Aérea - Sigepa,,,,,0,41,51356.09,173223.575536,125997.34942419773,-0.9672,Comportamento esperado
779,220631,Samuel Viana,UNIÃO,MG,Comunicação,Telefonia,0,Sem indício cadastral crítico,FOUND,ATIVA,1,39,7445.38,15607.667083,19082.29985422686,-0.4277,Comportamento esperado
264,220008,Eliza Virgínia,PP,PB,Outros,Manutenção De Escritório De Apoio À Atividade Parlamentar,0,Sem indício cadastral crítico,FOUND,ATIVA,1,2,1250.80,40088.436364,59072.75761932022,-0.6575,Comportamento esperado
135,204476,Chiquinho Brazão,UNIÃO,RJ,Publicidade,Divulgação Da Atividade Parlamentar.,1,Situação cadastral não ativa: BAIXADA,FOUND,BAIXADA,4,9,10200.00,226781.355120,259582.44863584734,-0.8343,Fornecedor com CNPJ suspeito
585,220585,Mersinho Lucena,PSD,PB,Combustível,Combustíveis E Lubrificantes.,0,Sem indício cadastral crítico,FOUND,ATIVA,92,509,186092.95,61582.608974,85760.8839439169,1.4518,Comportamento esperado
364,220568,Gustavo Gayer,PL,GO,Outros,Manutenção De Escritório De Apoio À Atividade Parlamentar,0,Sem indício cadastral crítico,FOUND,ATIVA,16,212,301455.67,100447.486545,162486.21407041358,1.2371,Comportamento esperado
332,204484,General Peternelli,UNIÃO,SP,Combustível,Combustíveis E Lubrificantes.,0,Sem indício cadastral crítico,FOUND,ATIVA,74,131,28330.04,42192.750821,64034.19773844777,-0.2165,Comportamento esperado
584,188097,Merlong Solano,PT,PI,Publicidade,Divulgação Da Atividade Parlamentar.,0,Sem indício cadastral crítico,FOUND,ATIVA,20,249,915706.04,255170.175556,326071.87108703476,2.0257,Possível anomalia financeira
301,92699,Fernando Monteiro,PP,PE,Outros,Manutenção De Escritório De Apoio À Atividade Parlamentar,0,Sem indício cadastral crítico,FOUND,ATIVA,1,10,121810.70,90785.734524,140277.34198893898,0.2212,Comportamento esperado
41,178937,Altineu Côrtes,PL,RJ,Publicidade,Divulgação Da Atividade Parlamentar.,0,Sem indício cadastral crítico,FOUND,ATIVA,3,77,870500.00,226781.355120,259582.44863584734,2.4798,Possível anomalia financeira
852,141555,Vinicius Carvalho,REPUBLICANOS,SP,Combustível,Combustíveis E Lubrificantes.,0,Sem indício cadastral crítico,FOUND,ATIVA,82,161,38051.29,42192.750821,64034.19773844777,-0.0647,Comportamento esperado
148,220595,Coronel Fernanda,PL,MT,Locomoção,Locação Ou Fretamento De Veículos Automotores,0,Sem indício cadastral crítico,FOUND,ATIVA,4,46,186145.46,134358.602609,119146.49353274485,0.4346,Comportamento esperado
751,220641,Rodrigo Gambale,PODE,SP,Viagens,Passagem Aérea - Sigepa,,,,,0,173,141067.41,185430.171967,136227.76556134285,-0.3257,Comportamento esperado
231,204351,Dr. Luiz Ovando,PP,MS,Publicidade,Divulgação Da Atividade Parlamentar.,0,Sem indício cadastral crítico,FOUND,ATIVA,26,197,726527.27,244824.753226,352025.1744174792,1.3684,Comportamento esperado
779,220631,Samuel Viana,UNIÃO,MG,Outros,"Passagens Terrestres, Marítimas Ou Fluviais",0,Sem indício cadastral crítico,FOUND,ATIVA,10,29,6130.02,3858.240000,6358.142634643256,0.3573,Comportamento esperado
823,204466,Tereza Nelma,PSD,AL,Hotéis,"Hospedagem ,exceto Do Parlamentar No Distrito Federal.",0,Sem indício cadastral crítico,FOUND,ATIVA,5,18,8538.40,10355.987000,9952.54062426837,-0.1826,Comportamento esperado
537,220599,Marcelo Crivella,REPUBLICANOS,RJ,Alimentação,Fornecimento De Alimentação Do Parlamentar,1,Situação cadastral não ativa: BAIXADA,FOUND,BAIXADA,6,9,310.94,5314.154545,11413.915891543053,-0.4383,Fornecedor com CNPJ suspeito
54,74471,André De Paula,PSD,PE,Hotéis,"Hospedagem ,exceto Do Parlamentar No Distrito Federal.",0,Sem indício cadastral crítico,FOUND,ATIVA,7,33,4864.80,17089.374528,23447.97906027458,-0.5213,Comportamento esperado
9,121948,Adriano Do Baldy,PP,GO,Combustível,Combustíveis E Lubrificantes.,1,Situação cadastral não ativa: BAIXADA,FOUND,BAIXADA,5,8,940.27,65044.277593,95738.05404592726,-0.6696,Fornecedor com CNPJ suspeito
66,220549,Any Ortiz,PP,RS,Hotéis,"Hospedagem ,exceto Do Parlamentar No Distrito Federal.",0,Sem indício cadastral crítico,FOUND,ATIVA,16,27,11040.19,21826.986437,35658.661568585754,-0.3025,Comportamento esperado
17,178836,Alan Rick,UNIÃO,AC,Publicidade,Divulgação Da Atividade Parlamentar.,1,Situação cadastral não ativa: INAPTA,FOUND,INAPTA,1,2,3600.00,295132.464706,394989.3569390969,-0.7381,Fornecedor com CNPJ suspeito
756,204480,Rogério Correia,PT,MG,Outros,"Passagens Terrestres, Marítimas Ou Fluviais",0,Sem indício cadastral crítico,FOUND,ATIVA,7,8,1610.76,3858.240000,6358.142634643256,-0.3535,Comportamento esperado
593,229225,Missionária Michele Collins,PP,PE,Outros,Manutenção De Escritório De Apoio À Atividade Parlamentar,0,Sem indício cadastral crítico,FOUND,ATIVA,1,3,1997.66,90785.734524,140277.34198893898,-0.6329,Comportamento esperado
88,207176,Bia Cavassa,PSDB,MS,Viagens,Passagem Aérea - Sigepa,,,,,0,3,902.88,136850.719231,90603.58730528376,-1.5005,Comportamento esperado
893,,,,NA,Alimentação,Fornecimento De Alimentação Do Parlamentar,0,Sem indício cadastral crítico,FOUND,ATIVA,2,2,2007.60,76824.316875,122514.48277202321,-0.6107,Comportamento esperado
761,122466,Ronaldo Martins,REPUBLICANOS,CE,Serviços profissionais,"Consultorias, Pesquisas E Trabalhos Técnicos.",1,Situação cadastral não ativa: INAPTA,FOUND,INAPTA,1,2,13000.00,67459.660000,60466.2251856053,-0.9007,Fornecedor com CNPJ suspeito
376,227324,Henrique Júnior,PL,MA,Locomoção,Locação Ou Fretamento De Veículos Automotores,0,Sem indício cadastral crítico,FOUND,ATIVA,1,4,47500.00,122090.952683,112418.39663710551,-0.6635,Comportamento esperado
235,204412,Dr. Zacharias Calil,MDB,GO,Comunicação,Telefonia,0,Sem indício cadastral crítico,FOUND,ATIVA,1,46,6005.81,16840.076000,26049.85234640615,-0.4159,Comportamento esperado
84,204358,Beto Pereira,REPUBLICANOS,MS,Viagens,Passagem Aérea - Sigepa,,,,,0,169,175160.57,136850.719231,90603.58730528376,0.4228,Comportamento esperado
670,133968,Paulo Ramos,PDT,RJ,Publicidade,Divulgação Da Atividade Parlamentar.,0,Sem indício cadastral crítico,FOUND,ATIVA,3,12,120570.00,226781.355120,259582.44863584734,-0.4092,Comportamento esperado
168,220603,Dani Cunha,PL,RJ,Publicidade,Divulgação Da Atividade Parlamentar.,1,Situação cadastral não ativa: BAIXADA,FOUND,BAIXADA,4,19,150015.99,226781.355120,259582.44863584734,-0.2957,Fornecedor com CNPJ suspeito
164,220555,Daiana Santos,PCDOB,RS,Outros,Manutenção De Escritório De Apoio À Atividade Parlamentar,0,Sem indício cadastral crítico,FOUND,ATIVA,14,131,532454.07,109428.142500,149558.61424927576,2.8285,Possível anomalia financeira
734,220694,Ricardo Maia,MDB,BA,Combustível,Combustíveis E Lubrificantes.,0,Sem indício cadastral crítico,FOUND,ATIVA,148,466,161630.58,76280.976842,110667.4963849575,0.7712,Comportamento esperado
314,204494,Fred Costa,PATRIOTA,MG,Combustível,Combustíveis E Lubrificantes.,0,Sem indício cadastral crítico,FOUND,ATIVA,83,174,34530.30,65306.104375,92314.0005265802,-0.3334,Comportamento esperado
120,204426,Carlos Veras,PT,PE,Outros,Manutenção De Escritório De Apoio À Atividade Parlamentar,0,Sem indício cadastral crítico,FOUND,ATIVA,19,465,388707.99,90785.734524,140277.34198893898,2.1238,Possível anomalia financeira
113,204507,Carla Zambelli,PL,SP,Alimentação,Fornecimento De Alimentação Do Parlamentar,0,Sem indício cadastral crítico,FOUND,ATIVA,13,13,1856.39,3366.001170,5609.697337170304,-0.2691,Comportamento esperado
63,220638,Antonio Carlos Rodrigues,PL,SP,Viagens,Passagem Aérea - Sigepa,,,,,0,287,160202.82,185430.171967,136227.76556134285,-0.1852,Comportamento esperado
607,178858,Mário Negromonte Jr.,PSB,BA,Combustível,Combustíveis E Lubrificantes.,0,Sem indício cadastral crítico,FOUND,ATIVA,127,337,115818.18,76280.976842,110667.4963849575,0.3573,Comportamento esperado
880,204517,Zé Vitor,PL,MG,Combustível,Combustíveis E Lubrificantes.,1,Situação cadastral não ativa: BAIXADA,FOUND,BAIXADA,6,62,13918.15,65306.104375,92314.0005265802,-0.5567,Fornecedor com CNPJ suspeito
569,220572,Marussa Boldrin,REPUBLICANOS,GO,Alimentação,Fornecimento De Alimentação Do Parlamentar,0,Sem indício cadastral crítico,FOUND,ATIVA,40,71,2936.23,3293.239000,7032.529544734017,-0.0508,Comportamento esperado
768,178935,Rossoni,PSDB,PR,Locomoção,Locação Ou Fretamento De Veículos Automotores,0,Sem indício cadastral crítico,FOUND,ATIVA,1,10,55200.00,113439.957419,130977.93601797776,-0.4447,Comportamento esperado
736,213274,Ricardo Silva,PSD,SP,Alimentação,Fornecimento De Alimentação Do Parlamentar,1,Situação cadastral não ativa: BAIXADA,FOUND,BAIXADA,12,21,798.05,3366.001170,5609.697337170304,-0.4578,Fornecedor com CNPJ suspeito
382,178959,Hiran Gonçalves,PP,RR,Outros,Manutenção De Escritório De Apoio À Atividade Parlamentar,0,Sem indício cadastral crítico,FOUND,ATIVA,8,44,42843.73,80921.562903,170825.55022261123,-0.2229,Comportamento esperado
856,178992,Vitor Lippi,PSDB,SP,Alimentação,Fornecimento De Alimentação Do Parlamentar,1,Situação cadastral não ativa: BAIXADA,FOUND,BAIXADA,3,3,69.89,3366.001170,5609.697337170304,-0.5876,Fornecedor com CNPJ suspeito
204,204542,Denis Bezerra,PSB,CE,Outros,Serviço De Segurança Prestado Por Empresa Especializada.,0,Sem indício cadastral crítico,FOUND,ATIVA,1,10,5216.82,24802.087143,26671.121457335783,-0.7343,Comportamento esperado
239,204434,Dra. Vanda Milani,PROS,AC,Viagens,Passagem Aérea - Sigepa,,,,,0,58,88015.77,131556.873333,92765.04055863072,-0.4694,Comportamento esperado
866,182146,Wolmer Araújo,SOLIDARIEDADE,MA,Combustível,Combustíveis E Lubrificantes.,0,Sem indício cadastral crítico,FOUND,ATIVA,10,12,2061.97,34895.172615,52384.05405357016,-0.6268,Comportamento esperado
212,160599,Dimas Fabiano,PP,MG,Outros,"Passagens Terrestres, Marítimas Ou Fluviais",0,Sem indício cadastral crítico,FOUND,ATIVA,4,10,1160.06,3858.240000,6358.142634643256,-0.4244,Comportamento esperado
130,204504,Cezinha De Madureira,PSD,SP,Publicidade,Divulgação Da Atividade Parlamentar.,0,Sem indício cadastral crítico,FOUND,ATIVA,2,11,46000.00,243741.226243,313657.1515008437,-0.6304,Comportamento esperado
412,204546,Joice Hasselmann,PSDB,SP,Publicidade,Divulgação Da Atividade Parlamentar.,1,Situação cadastral não ativa: INAPTA,FOUND,INAPTA,1,7,49677.42,243741.226243,313657.1515008437,-0.6187,Fornecedor com CNPJ suspeito
321,141427,Fábio Ramalho,MDB,MG,Outros,Manutenção De Escritório De Apoio À Atividade Parlamentar,0,Sem indício cadastral crítico,FOUND,ATIVA,3,63,28547.76,123562.947566,162703.54342443834,-0.584,Comportamento esperado
61,220544,Antonio Andrade,PSDB,TO,Outros,Manutenção De Escritório De Apoio À Atividade Parlamentar,0,Sem indício cadastral crítico,FOUND,ATIVA,8,22,6604.49,60332.404118,100110.53801139936,-0.5367,Comportamento esperado
106,220690,Capitão Alden,PL,BA,Viagens,Passagem Aérea - Rpa,0,Sem indício cadastral crítico,FOUND,ATIVA,2,6,9089.54,31763.658913,54219.86604798766,-0.4182,Comportamento esperado
50,220632,Ana Pimentel,PT,MG,Outros,Manutenção De Escritório De Apoio À Atividade Parlamentar,0,Sem indício cadastral crítico,FOUND,ATIVA,22,351,422630.41,123562.947566,162703.54342443834,1.8381,Comportamento esperado
522,141480,Lázaro Botelho,PP,TO,Combustível,Combustíveis E Lubrificantes.,0,Sem indício cadastral crítico,FOUND,ATIVA,3,65,303803.21,73777.441071,109277.9364585353,2.105,Possível anomalia financeira
393,98615,Ismael,PL,SC,Viagens,Passagem Aérea - Sigepa,,,,,0,326,306436.09,213397.721034,170101.01243018164,0.547,Comportamento esperado
525,220566,Lêda Borges,REPUBLICANOS,GO,Outros,Manutenção De Escritório De Apoio À Atividade Parlamentar,0,Sem indício cadastral crítico,FOUND,ATIVA,2,20,11820.21,100447.486545,162486.21407041358,-0.5454,Comportamento esperado
765,220644,Rosangela Moro,PL,SP,Locomoção,Locação Ou Fretamento De Veículos Automotores,0,Sem indício cadastral crítico,FOUND,ATIVA,9,71,286369.83,147254.510948,139673.23431152088,0.996,Comportamento esperado
54,74471,André De Paula,PSD,PE,Combustível,Combustíveis E Lubrificantes.,1,Situação cadastral não ativa: INAPTA,FOUND,INAPTA,1,2,432.53,53506.291935,82942.380015203,-0.6399,Fornecedor com CNPJ suspeito
863,74043,Wellington Roberto,PSD,PB,Viagens,Passagem Aérea - Sigepa,,,,,0,213,208933.72,168235.151250,151254.20824234045,0.2691,Comportamento esperado
695,89536,Prof. Paulo Fernando,REPUBLICANOS,DF,Combustível,Combustíveis E Lubrificantes.,0,Sem indício cadastral crítico,FOUND,ATIVA,26,43,6436.46,33372.670769,51515.7382887601,-0.5229,Comportamento esperado
94,74052,Bosco Costa,PL,SE,Locomoção,Locação Ou Fretamento De Veículos Automotores,0,Sem indício cadastral crítico,FOUND,ATIVA,3,19,182543.55,212589.297222,162975.5333971958,-0.1844,Comportamento esperado
244,178994,Dulce Miranda,MDB,TO,Outros,Manutenção De Escritório De Apoio À Atividade Parlamentar,0,Sem indício cadastral crítico,FOUND,ATIVA,2,25,10134.88,60332.404118,100110.53801139936,-0.5014,Comportamento esperado
59,204515,André Janones,AVANTE,MG,Viagens,Passagem Aérea - Sigepa,,,,,0,4,4587.91,195216.599630,167832.49260588933,-1.1358,Comportamento esperado
259,204364,Eli Borges,PL,TO,Outros,"Passagens Terrestres, Marítimas Ou Fluviais",0,Sem indício cadastral crítico,FOUND,ATIVA,6,16,4358.63,2000.096667,1575.0680622838706,1.4974,Comportamento esperado
509,204485,Luiz Carlos Motta,PL,SP,Publicidade,Divulgação Da Atividade Parlamentar.,0,Sem indício cadastral crítico,FOUND,ATIVA,3,52,517380.40,243741.226243,313657.1515008437,0.8724,Comportamento esperado
530,179587,Major Vitor Hugo,PL,GO,Locomoção,Locação Ou Fretamento De Veículos Automotores,0,Sem indício cadastral crítico,FOUND,ATIVA,1,22,92700.00,189142.637500,142661.57624064668,-0.676,Comportamento esperado
119,74262,Carlos Sampaio,PSD,SP,Outros,Serviço De Segurança Prestado Por Empresa Especializada.,0,Sem indício cadastral crítico,FOUND,ATIVA,1,25,7158.94,57471.443333,111341.01915358497,-0.4519,Comportamento esperado
136,204462,Chris Tonietto,PL,RJ,Outros,Serviço De Segurança Prestado Por Empresa Especializada.,0,Sem indício cadastral crítico,FOUND,ATIVA,1,12,31272.82,20518.758000,20004.550993027562,0.5376,Comportamento esperado
819,204464,Talíria Petrone,PSOL,RJ,Viagens,Passagem Aérea - Reembolso,0,Sem indício cadastral crítico,FOUND,ATIVA,4,28,44220.16,9840.865893,10669.362639943789,3.2222,Anomalia financeira extrema
867,74439,Wolney Queiroz,PDT,PE,Combustível,Combustíveis E Lubrificantes.,0,Sem indício cadastral crítico,FOUND,ATIVA,5,26,43466.37,53506.291935,82942.380015203,-0.121,Comportamento esperado
768,178935,Rossoni,PSDB,PR,Combustível,Combustíveis E Lubrificantes.,1,Situação cadastral não ativa: BAIXADA,FOUND,BAIXADA,2,3,305.74,57944.345500,82353.4495793919,-0.6999,Fornecedor com CNPJ suspeito
663,204461,Paulo Ganime,NOVO,RJ,Publicidade,Divulgação Da Atividade Parlamentar.,1,Erro na consulta pública de CNPJ,ERROR,,1,16,1348.80,226781.355120,259582.44863584734,-0.8684,Fornecedor com CNPJ suspeito
765,220644,Rosangela Moro,PL,SP,Publicidade,Assinatura De Publicações,1,Situação cadastral não ativa: NULA,FOUND,NULA,1,4,79.60,3369.241333,3418.330377283657,-0.9624,Fornecedor com CNPJ suspeito
173,204367,Daniel Freitas,PL,SC,Viagens,Passagem Aérea - Sigepa,,,,,0,564,637129.61,213397.721034,170101.01243018164,2.4911,Possível anomalia financeira
493,220581,Luciano Amaral,PSD,AL,Viagens,Passagem Aérea - Sigepa,,,,,0,168,135117.12,198077.580000,173709.55138656954,-0.3624,Comportamento esperado
490,204404,Lucas Redecker,PSDB,RS,Comunicação,Telefonia,0,Sem indício cadastral crítico,FOUND,ATIVA,1,11,5571.51,19321.830435,18898.364290143905,-0.7276,Comportamento esperado
582,220591,Meire Serafim,UNIÃO,AC,Viagens,Passagem Aérea - Sigepa,,,,,0,159,92163.10,131556.873333,92765.04055863072,-0.4247,Comportamento esperado
80,220612,Bebeto,PP,RJ,Viagens,Passagem Aérea - Sigepa,,,,,0,189,138628.42,213577.740357,175550.75566941444,-0.4269,Comportamento esperado
257,74075,Elcione Barbalho,MDB,PA,Combustível,Combustíveis E Lubrificantes.,0,Sem indício cadastral crítico,FOUND,ATIVA,70,205,69869.43,39488.928400,62234.56368268833,0.4882,Comportamento esperado
388,204533,Idilvan Alencar,PDT,CE,Outros,Manutenção De Escritório De Apoio À Atividade Parlamentar,0,Sem indício cadastral crítico,FOUND,ATIVA,8,48,45361.06,68348.775082,105244.60317209057,-0.2184,Comportamento esperado
702,220580,Professora Goreth,PDT,AP,Locomoção,Locação Ou Fretamento De Veículos Automotores,0,Sem indício cadastral crítico,FOUND,ATIVA,2,32,184500.00,118873.802381,121389.286590239,0.5406,Comportamento esperado
740,160653,Roberto De Lucena,REPUBLICANOS,SP,Combustível,Combustíveis E Lubrificantes.,0,Sem indício cadastral crítico,FOUND,ATIVA,122,245,46749.40,42192.750821,64034.19773844777,0.0712,Comportamento esperado
732,204362,Ricardo Guidi,PSD,SC,Combustível,Combustíveis E Lubrificantes.,0,Sem indício cadastral crítico,FOUND,ATIVA,75,221,52241.62,63943.250339,85631.6159933909,-0.1367,Comportamento esperado
480,74585,Lincoln Portela,PL,MG,Outros,Manutenção De Escritório De Apoio À Atividade Parlamentar,0,Sem indício cadastral crítico,FOUND,ATIVA,17,592,218679.80,123562.947566,162703.54342443834,0.5846,Comportamento esperado
425,215043,Josivaldo Jp,PSD,MA,Viagens,Passagem Aérea - Sigepa,,,,,0,149,190777.62,132207.227045,122458.5508602934,0.4783,Comportamento esperado
13,178835,Afonso Motta,PDT,RS,Viagens,Passagem Aérea - Sigepa,,,,,0,388,406598.54,223297.576531,126627.95953182003,1.4476,Comportamento esperado
629,74159,Odair Cunha,PT,MG,Locomoção,Locação Ou Fretamento De Veículos Automotores,0,Sem indício cadastral crítico,FOUND,ATIVA,2,129,469335.00,199358.988889,190617.58878325575,1.4163,Comportamento esperado
230,204439,Dr. Leonardo,REPUBLICANOS,MT,Locomoção,Locação Ou Fretamento De Veículos Automotores,0,Sem indício cadastral crítico,FOUND,ATIVA,1,26,141250.24,134358.602609,119146.49353274485,0.0578,Comportamento esperado
801,220569,Silvye Alves,UNIÃO,GO,Viagens,Passagem Aérea - Sigepa,,,,,0,2,1507.00,12997.291429,13545.423262596489,-0.8483,Comportamento esperado
298,220656,Fernanda Pessoa,PSD,CE,Comunicação,Telefonia,0,Sem indício cadastral crítico,FOUND,ATIVA,4,65,10592.10,11707.711071,16858.211643996754,-0.0662,Comportamento esperado
253,178977,Eduardo Cury,PSDB,SP,Comunicação,Telefonia,0,Sem indício cadastral crítico,FOUND,ATIVA,1,27,10509.97,19889.940211,25751.500071775903,-0.3642,Comportamento esperado
740,160653,Roberto De Lucena,REPUBLICANOS,SP,Hotéis,"Hospedagem ,exceto Do Parlamentar No Distrito Federal.",0,Sem indício cadastral crítico,FOUND,ATIVA,12,60,22150.27,10014.789189,11435.329101648113,1.0612,Comportamento esperado
259,204364,Eli Borges,PL,TO,Outros,"Serviço De Táxi, Pedágio E Estacionamento",0,Sem indício cadastral crítico,FOUND,ATIVA,1,39,880.54,885.200000,6.590235200658658,-0.7071,Comportamento esperado
305,141434,Flaviano Melo,MDB,AC,Outros,Manutenção De Escritório De Apoio À Atividade Parlamentar,0,Sem indício cadastral crítico,FOUND,ATIVA,3,15,23347.31,29735.132000,50394.769544197494,-0.1268,Comportamento esperado
316,204393,Frei Anastacio Ribeiro,PT,PB,Alimentação,Fornecimento De Alimentação Do Parlamentar,0,Sem indício cadastral crítico,FOUND,ATIVA,4,4,296.30,1884.650000,4639.955468391323,-0.3423,Comportamento esperado
402,108338,Jaqueline Cassol,PP,RO,Outros,"Passagens Terrestres, Marítimas Ou Fluviais",0,Sem indício cadastral crítico,FOUND,ATIVA,1,5,529.06,1587.393333,2447.2122798455116,-0.4325,Comportamento esperado
296,204477,Felício Laterça,PP,RJ,Comunicação,Telefonia,0,Sem indício cadastral crítico,FOUND,ATIVA,1,13,12784.12,11897.719661,18918.17939394703,0.0469,Comportamento esperado
426,141464,José Airton Félix Cirilo,PT,CE,Locomoção,Locação Ou Fretamento De Veículos Automotores,0,Sem indício cadastral crítico,FOUND,ATIVA,4,32,330352.00,139651.247778,143531.8586124825,1.3286,Comportamento esperado
685,160604,Pedro Uczai,PT,SC,Viagens,Passagem Aérea - Rpa,0,Sem indício cadastral crítico,FOUND,ATIVA,3,12,11185.87,12083.098000,25544.630338693623,-0.0351,Comportamento esperado
68,73433,Arlindo Chinaglia,PT,SP,Hotéis,"Hospedagem ,exceto Do Parlamentar No Distrito Federal.",0,Sem indício cadastral crítico,FOUND,ATIVA,30,52,11145.31,10014.789189,11435.329101648113,0.0989,Comportamento esperado
817,230177,Tadeu Oliveira,PL,CE,Locomoção,Locação Ou Fretamento De Veículos Automotores,0,Sem indício cadastral crítico,FOUND,ATIVA,1,4,15699.00,139651.247778,143531.8586124825,-0.8636,Comportamento esperado
207,160588,Diego Andrade,PSD,MG,Alimentação,Fornecimento De Alimentação Do Parlamentar,0,Sem indício cadastral crítico,FOUND,ATIVA,4,4,361.34,3421.773553,6721.942950865462,-0.4553,Comportamento esperado
130,204504,Cezinha De Madureira,PSD,SP,Viagens,Passagem Aérea - Rpa,0,Sem indício cadastral crítico,FOUND,ATIVA,2,13,6877.38,24943.515352,36157.13967829913,-0.4997,Comportamento esperado
295,227370,Felipe Saliba,PRD,MG,Alimentação,Fornecimento De Alimentação Do Parlamentar,0,Sem indício cadastral crítico,FOUND,ATIVA,5,6,474.50,3421.773553,6721.942950865462,-0.4385,Comportamento esperado
555,220547,Marcos Pollon,PL,MS,Combustível,Combustíveis E Lubrificantes.,1,Situação cadastral não ativa: BAIXADA,FOUND,BAIXADA,1,1,193.61,73790.692609,89494.27774679432,-0.8224,Fornecedor com CNPJ suspeito
203,220705,Deltan Dallagnol,PODE,PR,Viagens,Passagem Aérea - Reembolso,0,Sem indício cadastral crítico,FOUND,ATIVA,2,2,839.89,17801.644063,39455.64199846602,-0.4299,Comportamento esperado
303,204411,Filipe Barros,PL,PR,Outros,Manutenção De Escritório De Apoio À Atividade Parlamentar,1,Situação cadastral não ativa: INAPTA,FOUND,INAPTA,1,7,6449.00,86193.122500,116860.66498214444,-0.6824,Fornecedor com CNPJ suspeito
517,204526,Luiz Philippe De Orleans E Bragança,PL,SP,Outros,Manutenção De Escritório De Apoio À Atividade Parlamentar,1,Situação cadastral não ativa: BAIXADA,FOUND,BAIXADA,1,1,52.43,98538.487659,143509.98800071477,-0.6863,Fornecedor com CNPJ suspeito
543,204556,Marcelo Ramos,PSD,AM,Outros,Manutenção De Escritório De Apoio À Atividade Parlamentar,0,Sem indício cadastral crítico,FOUND,ATIVA,8,45,58051.62,35177.838000,53399.12696043168,0.4284,Comportamento esperado
542,160161,Marcelo Queiroz,PSDB,RJ,Combustível,Combustíveis E Lubrificantes.,0,Sem indício cadastral crítico,FOUND,ATIVA,75,271,54444.10,44023.319398,62812.667137756165,0.1659,Comportamento esperado
414,217480,Jones Moura,PSD,RJ,Outros,"Serviço De Táxi, Pedágio E Estacionamento",0,Sem indício cadastral crítico,FOUND,ATIVA,23,575,25190.34,8455.730411,14321.838989715481,1.1685,Comportamento esperado
590,92172,Milton Coelho,PSB,PE,Combustível,Combustíveis E Lubrificantes.,0,Sem indício cadastral crítico,FOUND,ATIVA,39,178,41128.36,53506.291935,82942.380015203,-0.1492,Comportamento esperado
554,204506,Marcos Pereira,REPUBLICANOS,SP,Comunicação,Telefonia,0,Sem indício cadastral crítico,FOUND,ATIVA,1,51,9307.39,19889.940211,25751.500071775903,-0.4109,Comportamento esperado
705,204467,Professora Rosa Neide,PT,MT,Locomoção,Locação Ou Fretamento De Veículos Automotores,0,Sem indício cadastral crítico,FOUND,ATIVA,2,29,61669.00,134358.602609,119146.49353274485,-0.6101,Comportamento esperado
654,141518,Paulinho Da Força,SOLIDARIEDADE,SP,Outros,"Serviço De Táxi, Pedágio E Estacionamento",0,Sem indício cadastral crítico,FOUND,ATIVA,6,16,130.90,11967.060840,16796.655097373645,-0.7047,Comportamento esperado
898,,,,NA,Outros,Manutenção De Escritório De Apoio À Atividade Parlamentar,0,Sem indício cadastral crítico,FOUND,ATIVA,4,74,69817.10,15500.143182,23430.81961523477,2.3182,Possível anomalia financeira
902,,,,NA,Publicidade,Assinatura De Publicações,0,Sem indício cadastral crítico,FOUND,ATIVA,5,27,91936.00,47331.640000,63080.09085297199,0.7071,Comportamento esperado
832,197438,Tito,AVANTE,BA,Combustível,Combustíveis E Lubrificantes.,1,Situação cadastral não ativa: INAPTA,FOUND,INAPTA,4,27,4427.19,76280.976842,110667.4963849575,-0.6493,Fornecedor com CNPJ suspeito
640,204573,Otto Alencar Filho,PSD,BA,Publicidade,Divulgação Da Atividade Parlamentar.,0,Sem indício cadastral crítico,FOUND,ATIVA,2,10,22250.00,317318.910361,328157.1355142384,-0.8992,Comportamento esperado
147,204378,Coronel Chrisóstomo,PL,RO,Hotéis,"Hospedagem ,exceto Do Parlamentar No Distrito Federal.",0,Sem indício cadastral crítico,FOUND,ATIVA,39,73,30309.00,15598.613913,18502.405565050612,0.7951,Comportamento esperado
80,220612,Bebeto,PP,RJ,Outros,Manutenção De Escritório De Apoio À Atividade Parlamentar,0,Sem indício cadastral crítico,FOUND,ATIVA,2,45,389238.54,80988.593819,134414.71100556676,2.2933,Possível anomalia financeira
31,220554,Alexandre Lindenmeyer,PT,RS,Comunicação,Telefonia,0,Sem indício cadastral crítico,FOUND,ATIVA,1,34,53514.07,19321.830435,18898.364290143905,1.8093,Comportamento esperado
132,204490,Charlles Evangelista,PP,MG,Viagens,Passagem Aérea - Sigepa,,,,,0,56,84449.87,195216.599630,167832.49260588933,-0.66,Comportamento esperado
692,73486,Pompeo De Mattos,PDT,RS,Alimentação,Fornecimento De Alimentação Do Parlamentar,1,Erro na consulta pública de CNPJ,ERROR,,1,4,390.58,7368.085075,13657.337051272762,-0.5109,Fornecedor com CNPJ suspeito
382,178959,Hiran Gonçalves,PP,RR,Comunicação,Telefonia,0,Sem indício cadastral crítico,FOUND,ATIVA,4,27,21967.39,7507.576000,8511.707827192691,1.6988,Comportamento esperado
173,204367,Daniel Freitas,PL,SC,Combustível,Combustíveis E Lubrificantes.,1,Situação cadastral não ativa: BAIXADA,FOUND,BAIXADA,6,27,6947.56,63943.250339,85631.6159933909,-0.6656,Fornecedor com CNPJ suspeito
780,204416,Sanderson,PL,RS,Comunicação,Telefonia,0,Sem indício cadastral crítico,FOUND,ATIVA,3,35,5465.43,19321.830435,18898.364290143905,-0.7332,Comportamento esperado
900,,,,NA,Outros,"Serviço De Táxi, Pedágio E Estacionamento",0,Documento não consultado por não ser CNPJ,NOT_APPLICABLE,,1,1,126.00,196.123333,97.9915324573166,-0.7156,Comportamento esperado
102,143942,Caio Vianna,PSD,RJ,Viagens,Passagem Aérea - Reembolso,0,Sem indício cadastral crítico,FOUND,ATIVA,2,2,4501.85,9840.865893,10669.362639943789,-0.5004,Comportamento esperado
390,204508,Igor Timo,PODE,MG,Viagens,Passagem Aérea - Reembolso,0,Sem indício cadastral crítico,FOUND,ATIVA,4,5,7399.44,7020.191961,10297.188894597206,0.0368,Comportamento esperado
3,204554,Abílio Santana,PSC,BA,Viagens,Passagem Aérea - Sigepa,,,,,0,49,68599.19,219376.223091,157819.4558803826,-0.9554,Comportamento esperado
174,228941,Daniel José,PODE,SP,Combustível,Combustíveis E Lubrificantes.,0,Sem indício cadastral crítico,FOUND,ATIVA,14,17,11218.01,42192.750821,64034.19773844777,-0.4837,Comportamento esperado
353,229333,Gláucia Santiago,PL,MG,Outros,Manutenção De Escritório De Apoio À Atividade Parlamentar,0,Sem indício cadastral crítico,FOUND,ATIVA,2,5,399.49,123562.947566,162703.54342443834,-0.757,Comportamento esperado
653,74095,Pauderney Avelino,UNIÃO,AM,Outros,Manutenção De Escritório De Apoio À Atividade Parlamentar,0,Documento não consultado por não ser CNPJ,NOT_APPLICABLE,,1,11,24226.67,35177.838000,53399.12696043168,-0.2051,Comportamento esperado
646,160642,Pastor Eurico,PSDB,PE,Outros,Manutenção De Escritório De Apoio À Atividade Parlamentar,0,Sem indício cadastral crítico,FOUND,ATIVA,2,7,6041.20,90785.734524,140277.34198893898,-0.6041,Comportamento esperado
628,216198,Norma Pereira,PSDB,SC,Locomoção,Locação Ou Fretamento De Veículos Automotores,0,Sem indício cadastral crítico,FOUND,ATIVA,1,1,5500.00,154711.621212,151032.92349497412,-0.9879,Comportamento esperado
533,156190,Marcel Van Hattem,NOVO,RS,Outros,"Passagens Terrestres, Marítimas Ou Fluviais",0,Sem indício cadastral crítico,FOUND,ATIVA,4,27,8410.07,4236.036552,8253.072405382596,0.5058,Comportamento esperado
12,136811,Afonso Hamm,PP,RS,Alimentação,Fornecimento De Alimentação Do Parlamentar,0,Sem indício cadastral crítico,FOUND,ATIVA,174,447,26429.08,7368.085075,13657.337051272762,1.3957,Comportamento esperado
146,220594,Coronel Assis,PL,MT,Publicidade,Divulgação Da Atividade Parlamentar.,0,Sem indício cadastral crítico,FOUND,ATIVA,28,142,734795.07,167205.955714,207800.9242977291,2.7314,Possível anomalia financeira
549,219585,Marco Brasil,PP,PR,Combustível,Combustíveis E Lubrificantes.,0,Sem indício cadastral crítico,FOUND,ATIVA,190,667,147605.59,57944.345500,82353.4495793919,1.0887,Comportamento esperado
130,204504,Cezinha De Madureira,PL,SP,Combustível,Combustíveis E Lubrificantes.,1,Situação cadastral não ativa: BAIXADA,FOUND,BAIXADA,2,3,620.20,42192.750821,64034.19773844777,-0.6492,Fornecedor com CNPJ suspeito
203,220705,Deltan Dallagnol,PODE,PR,Outros,Manutenção De Escritório De Apoio À Atividade Parlamentar,0,Sem indício cadastral crítico,FOUND,ATIVA,6,15,46724.60,86193.122500,116860.66498214444,-0.3377,Comportamento esperado
876,220536,Zé Haroldo Cathedral,UNIÃO,RR,Outros,Manutenção De Escritório De Apoio À Atividade Parlamentar,0,Documento não consultado por não ser CNPJ,NOT_APPLICABLE,,1,38,266000.00,80921.562903,170825.55022261123,1.0834,Comportamento esperado
862,160518,Weliton Prado,SOLIDARIEDADE,MG,Comunicação,Telefonia,0,Sem indício cadastral crítico,FOUND,ATIVA,4,66,14686.73,15607.667083,19082.29985422686,-0.0483,Comportamento esperado
854,160591,Vinicius Gurgel,PL,AP,Viagens,Passagem Aérea - Sigepa,,,,,0,268,331066.66,180390.483889,137999.8120825282,1.0919,Comportamento esperado
90,204388,Bibo Nunes,PL,RS,Locomoção,Locação Ou Fretamento De Veículos Automotores,0,Sem indício cadastral crítico,FOUND,ATIVA,3,130,551357.29,182736.733051,177547.8783363845,2.0762,Possível anomalia financeira
635,73692,Osmar Terra,PL,RS,Hotéis,"Hospedagem ,exceto Do Parlamentar No Distrito Federal.",0,Sem indício cadastral crítico,FOUND,ATIVA,60,307,148046.05,21826.986437,35658.661568585754,3.5396,Anomalia financeira extrema
663,204461,Paulo Ganime,NOVO,RJ,Viagens,Passagem Aérea - Sigepa,,,,,0,64,64759.98,213577.740357,175550.75566941444,-0.8477,Comportamento esperado
568,204566,Marreca Filho,PATRIOTA,MA,Comunicação,Telefonia,0,Sem indício cadastral crítico,FOUND,ATIVA,3,22,8257.58,18512.680625,18171.321371846523,-0.5644,Comportamento esperado
872,220592,Zezinho Barbary,PP,AC,Publicidade,Divulgação Da Atividade Parlamentar.,0,Sem indício cadastral crítico,FOUND,ATIVA,15,239,1287852.00,295132.464706,394989.3569390969,2.5133,Possível anomalia financeira
643,74319,Paes Landim,UNIÃO,PI,Locomoção,Locação Ou Fretamento De Aeronaves,0,Sem indício cadastral crítico,FOUND,ATIVA,1,4,56870.00,71847.500000,68278.8986254172,-0.2194,Comportamento esperado
849,137070,Vicentinho Júnior,PP,TO,Viagens,Passagem Aérea - Rpa,0,Sem indício cadastral crítico,FOUND,ATIVA,1,8,6850.64,21219.852500,34392.862425376974,-0.4178,Comportamento esperado
77,69871,Bacelar,PV,BA,Comunicação,Telefonia,0,Sem indício cadastral crítico,FOUND,ATIVA,2,32,20682.36,23153.030698,23468.568952979214,-0.1053,Comportamento esperado
421,209189,Joseildo Ramos,PT,BA,Outros,Manutenção De Escritório De Apoio À Atividade Parlamentar,0,Sem indício cadastral crítico,FOUND,ATIVA,7,107,115936.82,98257.521290,134321.8726415135,0.1316,Comportamento esperado
811,73808,Sérgio Brito,PSD,BA,Comunicação,Telefonia,0,Sem indício cadastral crítico,FOUND,ATIVA,4,27,2177.20,23153.030698,23468.568952979214,-0.8938,Comportamento esperado
563,227275,Mariana Carvalho,REPUBLICANOS,MA,Locomoção,Locação Ou Fretamento De Veículos Automotores,0,Sem indício cadastral crítico,FOUND,ATIVA,2,8,49200.00,122090.952683,112418.39663710551,-0.6484,Comportamento esperado
86,220683,Beto Richa,PSDB,PR,Hotéis,"Hospedagem ,exceto Do Parlamentar No Distrito Federal.",0,Sem indício cadastral crítico,FOUND,ATIVA,47,199,65087.22,18419.328649,34024.43115299299,1.3716,Comportamento esperado
445,220640,Juliana Cardoso,PT,SP,Combustível,Combustíveis E Lubrificantes.,1,Situação cadastral não ativa: BAIXADA,FOUND,BAIXADA,8,27,5428.62,42192.750821,64034.19773844777,-0.5741,Fornecedor com CNPJ suspeito
670,133968,Paulo Ramos,PDT,RJ,Outros,Manutenção De Escritório De Apoio À Atividade Parlamentar,0,Documento não consultado por não ser CNPJ,NOT_APPLICABLE,,1,13,55900.00,80988.593819,134414.71100556676,-0.1867,Comportamento esperado
437,178970,João Daniel,PT,SE,Serviços profissionais,"Consultorias, Pesquisas E Trabalhos Técnicos.",0,Sem indício cadastral crítico,FOUND,ATIVA,2,12,94500.00,82649.800000,100296.5049865647,0.1182,Comportamento esperado
452,204574,Junior Lourenço,MDB,MA,Viagens,Passagem Aérea - Reembolso,0,Sem indício cadastral crítico,FOUND,ATIVA,1,1,2868.22,10441.916667,13512.988376850404,-0.5605,Comportamento esperado
184,204511,David Soares,UNIÃO,SP,Publicidade,Divulgação Da Atividade Parlamentar.,0,Sem indício cadastral crítico,FOUND,ATIVA,3,10,63342.76,243741.226243,313657.1515008437,-0.5751,Comportamento esperado
877,204559,Zé Neto,PT,BA,Viagens,Passagem Aérea - Reembolso,0,Sem indício cadastral crítico,FOUND,ATIVA,2,2,2443.63,6722.195000,9392.208684505544,-0.4555,Comportamento esperado
613,220622,Nely Aquino,PODE,MG,Combustível,Combustíveis E Lubrificantes.,0,Sem indício cadastral crítico,FOUND,ATIVA,174,717,140212.26,65306.104375,92314.0005265802,0.8114,Comportamento esperado
551,160535,Marcon,PT,RS,Outros,"Serviço De Táxi, Pedágio E Estacionamento",1,Situação cadastral não ativa: BAIXADA,FOUND,BAIXADA,1,26,10588.60,10192.084923,16137.89190584743,0.0246,Fornecedor com CNPJ suspeito
64,123756,Antônia Lúcia,MDB,AC,Viagens,Passagem Aérea - Sigepa,,,,,0,284,370243.94,131556.873333,92765.04055863072,2.573,Possível anomalia financeira
735,220633,Ricardo Salles,NOVO,SP,Combustível,Combustíveis E Lubrificantes.,0,Sem indício cadastral crítico,FOUND,ATIVA,127,422,138752.60,42192.750821,64034.19773844777,1.5079,Comportamento esperado
330,204473,General Girão,PL,RN,Viagens,Passagem Aérea - Sigepa,,,,,0,222,252395.87,162797.373750,139730.51949096413,0.6412,Comportamento esperado
898,,,,NA,Combustível,Combustíveis E Lubrificantes.,0,Sem indício cadastral crítico,FOUND,ATIVA,40,259,68307.47,20989.039000,33381.70257372158,1.4175,Comportamento esperado
224,220610,Dr. Fernando Máximo,PL,RO,Locomoção,Locação Ou Fretamento De Veículos Automotores,0,Sem indício cadastral crítico,FOUND,ATIVA,4,63,327877.18,233590.273571,213347.19250523738,0.4419,Comportamento esperado
394,204436,Isnaldo Bulhões Jr.,MDB,AL,Combustível,Combustíveis E Lubrificantes.,0,Sem indício cadastral crítico,FOUND,ATIVA,162,702,157708.71,41184.340741,54405.12179897842,2.1418,Possível anomalia financeira
629,74159,Odair Cunha,PT,MG,Viagens,Passagem Aérea - Sigepa,,,,,0,285,372100.16,195216.599630,167832.49260588933,1.0539,Comportamento esperado
98,210989,Bruno Farias,REPUBLICANOS,MG,Viagens,Passagem Aérea - Sigepa,,,,,0,211,239527.04,195216.599630,167832.49260588933,0.264,Comportamento esperado
26,204571,Alex Santana,REPUBLICANOS,BA,Locomoção,Locação Ou Fretamento De Veículos Automotores,0,Sem indício cadastral crítico,FOUND,ATIVA,2,67,606370.50,292409.611930,213979.496522466,1.4672,Comportamento esperado
438,74550,João Leão,PP,BA,Hotéis,"Hospedagem ,exceto Do Parlamentar No Distrito Federal.",0,Sem indício cadastral crítico,FOUND,ATIVA,10,83,41931.73,14559.116889,26542.375379101115,1.0313,Comportamento esperado
197,204569,Delegado Pablo,UNIÃO,AM,Viagens,Passagem Aérea - Reembolso,0,Sem indício cadastral crítico,FOUND,ATIVA,3,5,22253.74,38248.147500,44487.57276603875,-0.3595,Comportamento esperado
878,160632,Zé Silva,UNIÃO,MG,Viagens,Passagem Aérea - Sigepa,,,,,0,149,196442.16,195216.599630,167832.49260588933,0.0073,Comportamento esperado
320,178969,Fábio Mitidieri,PSD,SE,Viagens,Passagem Aérea - Sigepa,,,,,0,69,78399.59,155702.681579,99733.68864426478,-0.7751,Comportamento esperado
121,141398,Carlos Zarattini,PT,SP,Outros,Manutenção De Escritório De Apoio À Atividade Parlamentar,1,Situação cadastral não ativa: BAIXADA,FOUND,BAIXADA,1,4,1975.00,98538.487659,143509.98800071477,-0.6729,Fornecedor com CNPJ suspeito
681,122974,Pedro Lucas Fernandes,UNIÃO,MA,Comunicação,Telefonia,0,Sem indício cadastral crítico,FOUND,ATIVA,2,46,60301.54,18512.680625,18171.321371846523,2.2997,Possível anomalia financeira
746,204530,Rodrigo Agostinho,PSB,SP,Publicidade,Divulgação Da Atividade Parlamentar.,1,Situação cadastral não ativa: BAIXADA,FOUND,BAIXADA,1,1,10000.00,243741.226243,313657.1515008437,-0.7452,Fornecedor com CNPJ suspeito
242,220540,Duda Ramos,PODE,RR,Publicidade,Divulgação Da Atividade Parlamentar.,0,Sem indício cadastral crítico,FOUND,ATIVA,26,135,727394.39,302008.159333,364968.0243701814,1.1655,Comportamento esperado
604,160542,Márcio Macêdo,PT,SE,Viagens,Passagem Aérea - Sigepa,,,,,0,78,105614.09,155702.681579,99733.68864426478,-0.5022,Comportamento esperado
48,107970,Ana Paula Leão,PP,MG,Outros,"Serviço De Táxi, Pedágio E Estacionamento",0,Sem indício cadastral crítico,FOUND,ATIVA,7,47,19203.77,5572.245385,10370.293242628488,1.3145,Comportamento esperado
204,204542,Denis Bezerra,PSB,CE,Outros,Manutenção De Escritório De Apoio À Atividade Parlamentar,0,Sem indício cadastral crítico,FOUND,ATIVA,4,50,80186.10,68348.775082,105244.60317209057,0.1125,Comportamento esperado
705,204467,Professora Rosa Neide,PT,MT,Comunicação,Telefonia,0,Sem indício cadastral crítico,FOUND,ATIVA,3,23,9704.96,6682.953571,8863.976852355925,0.3409,Comportamento esperado
864,224333,Welter,PT,PR,Outros,Manutenção De Escritório De Apoio À Atividade Parlamentar,0,Sem indício cadastral crítico,FOUND,ATIVA,9,119,85273.12,86193.122500,116860.66498214444,-0.0079,Comportamento esperado
819,204464,Talíria Petrone,PSOL,RJ,Outros,"Passagens Terrestres, Marítimas Ou Fluviais",0,Sem indício cadastral crítico,FOUND,ATIVA,13,44,6207.53,1539.978571,2924.304901002727,1.5961,Comportamento esperado
539,220634,Marcelo Lima,PSB,SP,Outros,Manutenção De Escritório De Apoio À Atividade Parlamentar,0,Documento não consultado por não ser CNPJ,NOT_APPLICABLE,,1,10,46500.00,98538.487659,143509.98800071477,-0.3626,Comportamento esperado
183,205548,David Miranda,PDT,RJ,Outros,Manutenção De Escritório De Apoio À Atividade Parlamentar,1,Situação cadastral não ativa: INAPTA,FOUND,INAPTA,1,4,3249.00,80988.593819,134414.71100556676,-0.5784,Fornecedor com CNPJ suspeito
874,230768,Zé Adriano,PP,AC,Outros,Serviço De Segurança Prestado Por Empresa Especializada.,0,Sem indício cadastral crítico,FOUND,ATIVA,1,11,3960.00,2251.500000,2416.183871314433,0.7071,Comportamento esperado
311,220551,Franciane Bayer,REPUBLICANOS,RS,Combustível,Combustíveis E Lubrificantes.,0,Sem indício cadastral crítico,FOUND,ATIVA,335,949,194662.80,60520.148547,97388.05968907535,1.3774,Comportamento esperado
218,204450,Doutor Luizinho,PP,RJ,Viagens,Passagem Aérea - Sigepa,,,,,0,324,371869.49,213577.740357,175550.75566941444,0.9017,Comportamento esperado
514,204455,Luiz Lima,NOVO,RJ,Viagens,Passagem Aérea - Sigepa,,,,,0,261,301519.75,213577.740357,175550.75566941444,0.5009,Comportamento esperado
129,204496,Celso Sabino,UNIÃO,PA,Locomoção,Locação Ou Fretamento De Veículos Automotores,0,Sem indício cadastral crítico,FOUND,ATIVA,3,18,68069.18,121907.551481,147158.0353457022,-0.3659,Comportamento esperado
386,178909,Hélio Leite,UNIÃO,PA,Publicidade,Divulgação Da Atividade Parlamentar.,0,Sem indício cadastral crítico,FOUND,ATIVA,21,91,742926.06,319971.475333,323849.5425991789,1.306,Comportamento esperado
795,204557,Sidney Leite,PSD,AM,Combustível,Combustíveis E Lubrificantes.,0,Sem indício cadastral crítico,FOUND,ATIVA,130,471,75261.85,27982.215263,36043.55549981074,1.3117,Comportamento esperado
509,204485,Luiz Carlos Motta,PL,SP,Viagens,Passagem Aérea - Sigepa,,,,,0,143,158583.37,185430.171967,136227.76556134285,-0.1971,Comportamento esperado
173,204367,Daniel Freitas,PL,SC,Hotéis,"Hospedagem ,exceto Do Parlamentar No Distrito Federal.",0,Sem indício cadastral crítico,FOUND,ATIVA,22,70,127092.30,36695.958649,43528.74004922331,2.0767,Possível anomalia financeira
592,178895,Misael Varella,PSD,MG,Viagens,Passagem Aérea - Sigepa,,,,,0,67,61804.04,195216.599630,167832.49260588933,-0.7949,Comportamento esperado
750,223128,Rodrigo Estacho,PSD,PR,Locomoção,Locação Ou Fretamento De Veículos Automotores,0,Sem indício cadastral crítico,FOUND,ATIVA,3,80,295273.50,113439.957419,130977.93601797776,1.3883,Comportamento esperado
411,204468,Joenia Wapichana,REDE,RR,Publicidade,Divulgação Da Atividade Parlamentar.,0,Sem indício cadastral crítico,FOUND,ATIVA,7,13,59547.40,302008.159333,364968.0243701814,-0.6643,Comportamento esperado
519,178866,Luizianne Lins,PT,CE,Serviços profissionais,"Consultorias, Pesquisas E Trabalhos Técnicos.",0,Sem indício cadastral crítico,FOUND,ATIVA,1,9,59000.00,67459.660000,60466.2251856053,-0.1399,Comportamento esperado
811,73808,Sérgio Brito,PSD,BA,Viagens,Passagem Aérea - Sigepa,,,,,0,78,93676.43,219376.223091,157819.4558803826,-0.7965,Comportamento esperado
248,204421,Edna Henrique,REPUBLICANOS,PB,Combustível,Combustíveis E Lubrificantes.,0,Sem indício cadastral crítico,FOUND,ATIVA,18,37,10221.12,61582.608974,85760.8839439169,-0.5989,Comportamento esperado
470,220600,Lebrão,UNIÃO,RO,Viagens,Passagem Aérea - Sigepa,,,,,0,150,111877.83,146544.061250,69636.83718620405,-0.4978,Comportamento esperado
179,160528,Danilo Cabral,PSB,PE,Publicidade,Divulgação Da Atividade Parlamentar.,0,Sem indício cadastral crítico,FOUND,ATIVA,6,16,65716.79,241972.708182,301628.5621101344,-0.5843,Comportamento esperado
349,226179,Gisela Simona,UNIÃO,MT,Outros,"Serviço De Táxi, Pedágio E Estacionamento",0,Sem indício cadastral crítico,FOUND,ATIVA,9,125,1346.11,3540.579286,11648.42981256765,-0.1884,Comportamento esperado
213,220602,Dimas Gadelha,PT,RJ,Outros,Serviço De Segurança Prestado Por Empresa Especializada.,0,Sem indício cadastral crítico,FOUND,ATIVA,2,9,63130.00,20518.758000,20004.550993027562,2.1301,Possível anomalia financeira
688,73943,Perpétua Almeida,PCDOB,AC,Viagens,Passagem Aérea - Rpa,0,Sem indício cadastral crítico,FOUND,ATIVA,2,25,24720.69,17368.935000,20856.5816470984,0.3525,Comportamento esperado
759,160629,Romero Rodrigues,PODE,PB,Outros,Manutenção De Escritório De Apoio À Atividade Parlamentar,0,Sem indício cadastral crítico,FOUND,ATIVA,5,89,111512.70,40088.436364,59072.75761932022,1.2091,Comportamento esperado
78,178975,Baleia Rossi,MDB,SP,Combustível,Combustíveis E Lubrificantes.,0,Sem indício cadastral crítico,FOUND,ATIVA,9,35,6990.19,42192.750821,64034.19773844777,-0.5497,Comportamento esperado
758,178930,Roman,PP,PR,Publicidade,Divulgação Da Atividade Parlamentar.,1,Situação cadastral não ativa: BAIXADA,FOUND,BAIXADA,1,6,36450.00,263664.052022,329972.5348930845,-0.6886,Fornecedor com CNPJ suspeito
632,178987,Orlando Silva,PCDOB,SP,Combustível,Combustíveis E Lubrificantes.,1,Situação cadastral não ativa: BAIXADA,FOUND,BAIXADA,1,1,156.54,42192.750821,64034.19773844777,-0.6565,Fornecedor com CNPJ suspeito
663,204461,Paulo Ganime,NOVO,RJ,Hotéis,"Hospedagem ,exceto Do Parlamentar No Distrito Federal.",1,Situação cadastral não ativa: BAIXADA,FOUND,BAIXADA,1,1,358.00,13016.628636,21468.959145470457,-0.5896,Fornecedor com CNPJ suspeito
653,74095,Pauderney Avelino,UNIÃO,AM,Locomoção,Locação Ou Fretamento De Aeronaves,0,Sem indício cadastral crítico,FOUND,ATIVA,3,8,166000.00,399154.866667,405851.79112272314,-0.5745,Comportamento esperado
347,160673,Giovani Cherini,PL,RS,Outros,"Serviço De Táxi, Pedágio E Estacionamento",0,Sem indício cadastral crítico,FOUND,ATIVA,20,383,10792.32,10192.084923,16137.89190584743,0.0372,Comportamento esperado
224,220610,Dr. Fernando Máximo,PL,RO,Combustível,Combustíveis E Lubrificantes.,0,Sem indício cadastral crítico,FOUND,ATIVA,167,413,115199.64,64922.175357,86632.41303886044,0.5804,Comportamento esperado
369,178964,Heitor Schuch,PSB,RS,Locomoção,Locação Ou Fretamento De Veículos Automotores,0,Sem indício cadastral crítico,FOUND,ATIVA,3,30,71278.07,182736.733051,177547.8783363845,-0.6278,Comportamento esperado
314,204494,Fred Costa,PATRIOTA,MG,Hotéis,"Hospedagem ,exceto Do Parlamentar No Distrito Federal.",0,Sem indício cadastral crítico,FOUND,ATIVA,1,1,496.31,17018.453084,26330.369533202334,-0.6275,Comportamento esperado
137,178928,Christiane De Souza Yared,PP,PR,Viagens,Passagem Aérea - Sigepa,,,,,0,142,182149.07,173223.575536,125997.34942419773,0.0708,Comportamento esperado
462,162067,Kiko Celeguim,PT,SP,Outros,"Serviço De Táxi, Pedágio E Estacionamento",0,Sem indício cadastral crítico,FOUND,ATIVA,10,81,2406.59,11967.060840,16796.655097373645,-0.5692,Comportamento esperado
858,91228,Waldemar Oliveira,AVANTE,PE,Outros,Manutenção De Escritório De Apoio À Atividade Parlamentar,0,Sem indício cadastral crítico,FOUND,ATIVA,4,63,33015.12,90785.734524,140277.34198893898,-0.4118,Comportamento esperado
462,162067,Kiko Celeguim,PT,SP,Viagens,Passagem Aérea - Sigepa,,,,,0,252,261916.64,185430.171967,136227.76556134285,0.5615,Comportamento esperado
561,204540,Maria Rosas,REPUBLICANOS,SP,Locomoção,Locação Ou Fretamento De Veículos Automotores,0,Sem indício cadastral crítico,FOUND,ATIVA,3,129,564488.23,147254.510948,139673.23431152088,2.9872,Possível anomalia financeira
116,178962,Carlos Gomes,REPUBLICANOS,RS,Comunicação,Telefonia,0,Sem indício cadastral crítico,FOUND,ATIVA,3,34,11000.95,19321.830435,18898.364290143905,-0.4403,Comportamento esperado
422,220578,Josenildo,PDT,AP,Outros,"Serviço De Táxi, Pedágio E Estacionamento",0,Sem indício cadastral crítico,FOUND,ATIVA,3,57,2230.76,3695.458571,4756.467110816699,-0.3079,Comportamento esperado
763,204525,Rosana Valle,PL,SP,Comunicação,Telefonia,0,Sem indício cadastral crítico,FOUND,ATIVA,2,93,24791.07,19889.940211,25751.500071775903,0.1903,Comportamento esperado
733,160655,Ricardo Izar,REPUBLICANOS,SP,Combustível,Combustíveis E Lubrificantes.,0,Sem indício cadastral crítico,FOUND,ATIVA,18,42,4374.81,42192.750821,64034.19773844777,-0.5906,Comportamento esperado
350,152605,Glauber Braga,PSOL,RJ,Outros,Manutenção De Escritório De Apoio À Atividade Parlamentar,0,Sem indício cadastral crítico,FOUND,ATIVA,11,125,142380.15,80988.593819,134414.71100556676,0.4567,Comportamento esperado
425,215043,Josivaldo Jp,PSD,MA,Publicidade,Divulgação Da Atividade Parlamentar.,0,Sem indício cadastral crítico,FOUND,ATIVA,3,4,95390.00,299945.123175,386285.4495039867,-0.5295,Comportamento esperado
53,178831,André Abdon,PP,AP,Combustível,Combustíveis E Lubrificantes.,1,Situação cadastral não ativa: BAIXADA,FOUND,BAIXADA,3,46,35191.07,24571.047667,39205.554475113444,0.2709,Fornecedor com CNPJ suspeito
806,220575,Sonize Barbosa,PL,AP,Locomoção,Locação Ou Fretamento De Veículos Automotores,0,Sem indício cadastral crítico,FOUND,ATIVA,3,30,186079.50,118873.802381,121389.286590239,0.5536,Comportamento esperado
676,215045,Pedro Augusto Palareti,PP,RJ,Locomoção,Locação Ou Fretamento De Veículos Automotores,0,Sem indício cadastral crítico,FOUND,ATIVA,2,12,23664.30,162239.394390,163272.60476613723,-0.8487,Comportamento esperado
66,220549,Any Ortiz,PP,RS,Comunicação,Telefonia,0,Sem indício cadastral crítico,FOUND,ATIVA,2,37,10057.92,19321.830435,18898.364290143905,-0.4902,Comportamento esperado
358,220639,Guilherme Boulos,PSOL,SP,Outros,Manutenção De Escritório De Apoio À Atividade Parlamentar,0,Documento não consultado por não ser CNPJ,NOT_APPLICABLE,,2,26,223330.17,98538.487659,143509.98800071477,0.8696,Comportamento esperado
702,220580,Professora Goreth,PDT,AP,Comunicação,Telefonia,0,Sem indício cadastral crítico,FOUND,ATIVA,1,18,3558.49,4978.914286,4084.738765910076,-0.3477,Comportamento esperado
859,160569,Waldenor Pereira,PT,BA,Outros,"Serviço De Táxi, Pedágio E Estacionamento",0,Sem indício cadastral crítico,FOUND,ATIVA,2,50,2000.57,7947.726552,12451.86965129915,-0.4776,Comportamento esperado
611,233218,Nelinho Freitas,MDB,CE,Combustível,Combustíveis E Lubrificantes.,0,Sem indício cadastral crítico,FOUND,ATIVA,6,7,1090.10,41977.960833,76764.60304100714,-0.5326,Comportamento esperado
505,204448,Luiz Antonio Corrêa,PP,RJ,Hotéis,"Hospedagem ,exceto Do Parlamentar No Distrito Federal.",0,Sem indício cadastral crítico,FOUND,ATIVA,6,54,10663.50,13016.628636,21468.959145470457,-0.1096,Comportamento esperado
361,220664,Guilherme Uchoa,PSD,PE,Viagens,Passagem Aérea - Rpa,0,Sem indício cadastral crítico,FOUND,ATIVA,1,1,65.00,15238.795000,22485.76149111043,-0.6748,Comportamento esperado
761,122466,Ronaldo Martins,REPUBLICANOS,CE,Locomoção,Locação Ou Fretamento De Veículos Automotores,0,Sem indício cadastral crítico,FOUND,ATIVA,4,7,25177.06,139651.247778,143531.8586124825,-0.7976,Comportamento esperado
877,204559,Zé Neto,PT,BA,Hotéis,"Hospedagem ,exceto Do Parlamentar No Distrito Federal.",0,Sem indício cadastral crítico,FOUND,ATIVA,4,5,2587.61,14559.116889,26542.375379101115,-0.451,Comportamento esperado
838,195866,Vaidon Oliveira,UNIÃO,CE,Serviços profissionais,"Consultorias, Pesquisas E Trabalhos Técnicos.",0,Sem indício cadastral crítico,FOUND,ATIVA,3,8,109000.00,67459.660000,60466.2251856053,0.687,Comportamento esperado
355,129618,Gorete Pereira,MDB,CE,Combustível,Combustíveis E Lubrificantes.,0,Sem indício cadastral crítico,FOUND,ATIVA,7,15,3965.09,41977.960833,76764.60304100714,-0.4952,Comportamento esperado
386,178909,Hélio Leite,UNIÃO,PA,Outros,Manutenção De Escritório De Apoio À Atividade Parlamentar,0,Documento não consultado por não ser CNPJ,NOT_APPLICABLE,,1,6,5800.00,42888.542571,70113.4772677672,-0.529,Comportamento esperado
207,160588,Diego Andrade,PSD,MG,Combustível,Combustíveis E Lubrificantes.,0,Sem indício cadastral crítico,FOUND,ATIVA,153,486,111442.84,65306.104375,92314.0005265802,0.4998,Comportamento esperado
287,204368,Fabio Schiochet,UNIÃO,SC,Hotéis,"Hospedagem ,exceto Do Parlamentar No Distrito Federal.",0,Sem indício cadastral crítico,FOUND,ATIVA,48,332,164565.35,36695.958649,43528.74004922331,2.9376,Possível anomalia financeira
45,204356,Amaro Neto,REPUBLICANOS,ES,Viagens,Passagem Aérea - Sigepa,,,,,0,140,153415.13,159760.155882,99464.81207952778,-0.0638,Comportamento esperado
461,220677,Keniston Braga,MDB,PA,Viagens,Passagem Aérea - Sigepa,,,,,0,263,375790.12,266111.307931,195578.09309190325,0.5608,Comportamento esperado
336,74374,Geraldo Resende,UNIÃO,MS,Alimentação,Fornecimento De Alimentação Do Parlamentar,0,Sem indício cadastral crítico,FOUND,ATIVA,17,22,1985.33,1353.213333,1612.688595893516,0.392,Comportamento esperado
448,204372,Julio Cesar Ribeiro,REPUBLICANOS,DF,Outros,Manutenção De Escritório De Apoio À Atividade Parlamentar,0,Sem indício cadastral crítico,FOUND,ATIVA,3,32,21943.52,95246.480000,164390.52276665662,-0.4459,Comportamento esperado
270,161550,Emidinho Madeira,PL,MG,Alimentação,Fornecimento De Alimentação Do Parlamentar,1,Situação cadastral não ativa: BAIXADA,FOUND,BAIXADA,5,16,981.13,3421.773553,6721.942950865462,-0.3631,Fornecedor com CNPJ suspeito
482,204405,Liziane Bayer,REPUBLICANOS,RS,Outros,"Serviço De Táxi, Pedágio E Estacionamento",0,Sem indício cadastral crítico,FOUND,ATIVA,8,73,2698.66,10192.084923,16137.89190584743,-0.4643,Comportamento esperado
691,204529,Policial Katia Sastre,PL,SP,Outros,Manutenção De Escritório De Apoio À Atividade Parlamentar,0,Sem indício cadastral crítico,FOUND,ATIVA,11,53,36081.52,98538.487659,143509.98800071477,-0.4352,Comportamento esperado
55,220657,André Fernandes,PL,CE,Outros,Manutenção De Escritório De Apoio À Atividade Parlamentar,0,Sem indício cadastral crítico,FOUND,ATIVA,7,56,40022.67,68348.775082,105244.60317209057,-0.2691,Comportamento esperado
139,178939,Clarissa Garotinho,UNIÃO,RJ,Combustível,Combustíveis E Lubrificantes.,1,Situação cadastral não ativa: BAIXADA,FOUND,BAIXADA,2,4,736.10,44023.319398,62812.667137756165,-0.6891,Fornecedor com CNPJ suspeito
510,74041,Luiz Couto,PT,PB,Locomoção,Locação Ou Fretamento De Veículos Automotores,0,Sem indício cadastral crítico,FOUND,ATIVA,3,94,407350.36,197980.822174,165434.59936969794,1.2656,Comportamento esperado
835,157130,Túlio Gadêlha,PSD,PE,Hotéis,"Hospedagem ,exceto Do Parlamentar No Distrito Federal.",0,Sem indício cadastral crítico,FOUND,ATIVA,28,44,39794.14,17089.374528,23447.97906027458,0.9683,Comportamento esperado
585,220585,Mersinho Lucena,PSD,PB,Publicidade,Divulgação Da Atividade Parlamentar.,0,Sem indício cadastral crítico,FOUND,ATIVA,9,42,414456.21,324815.111538,407718.48875224456,0.2199,Comportamento esperado
367,204465,Haroldo Cathedral,PSD,RR,Viagens,Passagem Aérea - Sigepa,,,,,0,48,62912.34,163783.293125,88161.1731168696,-1.1442,Comportamento esperado
78,178975,Baleia Rossi,MDB,SP,Locomoção,Locação Ou Fretamento De Veículos Automotores,1,Situação cadastral não ativa: BAIXADA,FOUND,BAIXADA,3,31,144342.90,147254.510948,139673.23431152088,-0.0208,Fornecedor com CNPJ suspeito
289,220712,Fausto Jr.,UNIÃO,AM,Comunicação,Telefonia,0,Sem indício cadastral crítico,FOUND,ATIVA,3,11,11443.51,25580.348889,29955.895435557606,-0.4719,Comportamento esperado
151,222142,Coronel Telhada,PP,SP,Hotéis,"Hospedagem ,exceto Do Parlamentar No Distrito Federal.",0,Sem indício cadastral crítico,FOUND,ATIVA,3,4,2167.51,10014.789189,11435.329101648113,-0.6862,Comportamento esperado
499,178954,Lucio Mosquini,MDB,RO,Viagens,Passagem Aérea - Sigepa,,,,,0,41,51858.68,146544.061250,69636.83718620405,-1.3597,Comportamento esperado
847,204396,Vermelho,PL,PR,Serviços profissionais,"Consultorias, Pesquisas E Trabalhos Técnicos.",0,Sem indício cadastral crítico,FOUND,ATIVA,3,11,57500.00,58752.690645,58141.82428785019,-0.0215,Comportamento esperado
311,220551,Franciane Bayer,REPUBLICANOS,RS,Viagens,Passagem Aérea - Sigepa,,,,,0,144,149761.94,223297.576531,126627.95953182003,-0.5807,Comportamento esperado
495,74478,Luciano Bivar,UNIÃO,PE,Publicidade,Divulgação Da Atividade Parlamentar.,0,Sem indício cadastral crítico,FOUND,ATIVA,1,8,71600.00,241972.708182,301628.5621101344,-0.5648,Comportamento esperado
542,160161,Marcelo Queiroz,PSDB,RJ,Viagens,Passagem Aérea - Sigepa,,,,,0,204,254368.39,213577.740357,175550.75566941444,0.2324,Comportamento esperado
138,204440,Christino Aureo,PP,RJ,Alimentação,Fornecimento De Alimentação Do Parlamentar,0,Sem indício cadastral crítico,FOUND,ATIVA,13,48,1996.26,5314.154545,11413.915891543053,-0.2907,Comportamento esperado
875,178889,Zé Carlos,PT,MA,Outros,Manutenção De Escritório De Apoio À Atividade Parlamentar,0,Documento não consultado por não ser CNPJ,NOT_APPLICABLE,,1,13,19261.32,64195.130784,109861.24089764054,-0.409,Comportamento esperado
717,220606,Reimont,PT,RJ,Viagens,Passagem Aérea - Sigepa,,,,,0,275,288972.88,213577.740357,175550.75566941444,0.4295,Comportamento esperado
122,164360,Carmen Zanotto,CIDADANIA,SC,Viagens,Passagem Aérea - Sigepa,,,,,0,103,118910.01,213397.721034,170101.01243018164,-0.5555,Comportamento esperado
190,204451,Delegado Antônio Furtado,UNIÃO,RJ,Publicidade,Divulgação Da Atividade Parlamentar.,1,Situação cadastral não ativa: BAIXADA,FOUND,BAIXADA,3,15,18458.07,226781.355120,259582.44863584734,-0.8025,Fornecedor com CNPJ suspeito
76,74646,Aécio Neves,PSDB,MG,Publicidade,Divulgação Da Atividade Parlamentar.,0,Sem indício cadastral crítico,FOUND,ATIVA,8,168,468727.58,194891.353020,276881.75990132586,0.989,Comportamento esperado
330,204473,General Girão,PL,RN,Viagens,Passagem Aérea - Rpa,0,Sem indício cadastral crítico,FOUND,ATIVA,2,5,1624.97,25061.406250,42423.5801004761,-0.5524,Comportamento esperado
698,204383,Professor Israel Batista,PSB,DF,Outros,"Serviço De Táxi, Pedágio E Estacionamento",0,Sem indício cadastral crítico,FOUND,ATIVA,1,31,1130.89,5858.386000,12275.443917982357,-0.3851,Comportamento esperado
872,220592,Zezinho Barbary,PP,AC,Viagens,Passagem Aérea - Rpa,0,Sem indício cadastral crítico,FOUND,ATIVA,3,27,16456.95,17368.935000,20856.5816470984,-0.0437,Comportamento esperado
661,160517,Paulo Folletto,PSB,ES,Locomoção,Locação Ou Fretamento De Veículos Automotores,0,Sem indício cadastral crítico,FOUND,ATIVA,3,54,363890.50,171214.090476,129265.73835992759,1.4905,Comportamento esperado
266,178854,Elmar Nascimento,UNIÃO,BA,Outros,Manutenção De Escritório De Apoio À Atividade Parlamentar,0,Sem indício cadastral crítico,FOUND,ATIVA,3,88,33537.35,98257.521290,134321.8726415135,-0.4818,Comportamento esperado
163,141411,Dagoberto Nogueira,PP,MS,Publicidade,Divulgação Da Atividade Parlamentar.,0,Sem indício cadastral crítico,FOUND,ATIVA,10,84,582168.21,244824.753226,352025.1744174792,0.9583,Comportamento esperado
629,74159,Odair Cunha,PT,MG,Publicidade,Divulgação Da Atividade Parlamentar.,1,Situação cadastral não ativa: BAIXADA,FOUND,BAIXADA,3,28,43600.00,194891.353020,276881.75990132586,-0.5464,Fornecedor com CNPJ suspeito
777,178990,Samuel Moreira,PSDB,SP,Outros,"Serviço De Táxi, Pedágio E Estacionamento",0,Sem indício cadastral crítico,FOUND,ATIVA,1,11,3470.50,11967.060840,16796.655097373645,-0.5058,Comportamento esperado
396,73531,Ivan Valente,PSOL,SP,Hotéis,"Hospedagem ,exceto Do Parlamentar No Distrito Federal.",0,Sem indício cadastral crítico,FOUND,ATIVA,9,18,17828.45,10014.789189,11435.329101648113,0.6833,Comportamento esperado
765,220644,Rosangela Moro,PL,SP,Hotéis,"Hospedagem ,exceto Do Parlamentar No Distrito Federal.",0,Sem indício cadastral crítico,FOUND,ATIVA,28,50,18802.54,10014.789189,11435.329101648113,0.7685,Comportamento esperado
863,74043,Wellington Roberto,PSD,PB,Publicidade,Divulgação Da Atividade Parlamentar.,0,Sem indício cadastral crítico,FOUND,ATIVA,4,51,1098000.00,324815.111538,407718.48875224456,1.8964,Comportamento esperado
240,227800,Duarte Gonçalves Jr,REPUBLICANOS,MG,Outros,"Serviço De Táxi, Pedágio E Estacionamento",0,Sem indício cadastral crítico,FOUND,ATIVA,2,45,7504.56,5572.245385,10370.293242628488,0.1863,Comportamento esperado
687,204406,Pedro Westphalen,PP,RS,Outros,"Serviço De Táxi, Pedágio E Estacionamento",1,Erro na consulta pública de CNPJ,ERROR,,1,46,2285.28,10192.084923,16137.89190584743,-0.49,Fornecedor com CNPJ suspeito
68,73433,Arlindo Chinaglia,PT,SP,Publicidade,Divulgação Da Atividade Parlamentar.,0,Sem indício cadastral crítico,FOUND,ATIVA,9,57,864109.00,243741.226243,313657.1515008437,1.9779,Comportamento esperado
519,178866,Luizianne Lins,PT,CE,Combustível,Combustíveis E Lubrificantes.,0,Sem indício cadastral crítico,FOUND,ATIVA,33,61,13063.91,41977.960833,76764.60304100714,-0.3767,Comportamento esperado
92,204561,Bira Do Pindaré,PSB,MA,Comunicação,Telefonia,0,Sem indício cadastral crítico,FOUND,ATIVA,1,12,11971.39,18512.680625,18171.321371846523,-0.36,Comportamento esperado
369,178964,Heitor Schuch,PSB,RS,Hotéis,"Hospedagem ,exceto Do Parlamentar No Distrito Federal.",1,Situação cadastral não ativa: BAIXADA,FOUND,BAIXADA,4,10,1283.00,21826.986437,35658.661568585754,-0.5761,Fornecedor com CNPJ suspeito
361,220664,Guilherme Uchoa,PSD,PE,Hotéis,"Hospedagem ,exceto Do Parlamentar No Distrito Federal.",1,CNPJ não encontrado na API pública,NOT_FOUND,,1,1,200.00,17089.374528,23447.97906027458,-0.7203,Fornecedor com CNPJ suspeito
200,220619,Delegado Ramagem,PL,RJ,Outros,"Serviço De Táxi, Pedágio E Estacionamento",1,Situação cadastral não ativa: BAIXADA,FOUND,BAIXADA,2,12,457.51,8455.730411,14321.838989715481,-0.5585,Fornecedor com CNPJ suspeito
797,204360,Silvia Cristina,PL,RO,Publicidade,Divulgação Da Atividade Parlamentar.,0,Sem indício cadastral crítico,FOUND,ATIVA,9,19,250705.00,289552.191071,359934.1329827757,-0.1079,Comportamento esperado
727,221329,Ricardo Abrão,PSDB,RJ,Alimentação,Fornecimento De Alimentação Do Parlamentar,0,Sem indício cadastral crítico,FOUND,ATIVA,2,2,200.77,5314.154545,11413.915891543053,-0.448,Comportamento esperado
805,222565,Soldado Noelio,UNIÃO,CE,Publicidade,Divulgação Da Atividade Parlamentar.,0,Sem indício cadastral crítico,FOUND,ATIVA,7,8,46770.00,263931.285395,366906.3702021798,-0.5919,Comportamento esperado
731,234310,Ricardo Galvão,REDE,SP,Viagens,Passagem Aérea - Reembolso,0,Sem indício cadastral crítico,FOUND,ATIVA,4,15,35249.17,9758.571000,11443.414965885137,2.2275,Possível anomalia financeira
642,160556,Padre João,PT,MG,Serviços profissionais,"Consultorias, Pesquisas E Trabalhos Técnicos.",0,Sem indício cadastral crítico,FOUND,ATIVA,3,6,61000.00,50370.301935,57079.85828457048,0.1862,Comportamento esperado
379,73772,Hermes Parcianello,MDB,PR,Locomoção,Locação Ou Fretamento De Veículos Automotores,0,Sem indício cadastral crítico,FOUND,ATIVA,4,14,32125.48,113439.957419,130977.93601797776,-0.6208,Comportamento esperado
179,160528,Danilo Cabral,PSB,PE,Viagens,Passagem Aérea - Sigepa,,,,,0,83,149388.53,221741.150682,163177.94412569836,-0.4434,Comportamento esperado
853,204478,Vinicius Farah,UNIÃO,RJ,Alimentação,Fornecimento De Alimentação Do Parlamentar,0,Sem indício cadastral crítico,FOUND,ATIVA,14,19,984.64,5314.154545,11413.915891543053,-0.3793,Comportamento esperado
787,226837,Saulo Pedroso,PSD,SP,Viagens,Passagem Aérea - Sigepa,,,,,0,223,194875.25,185430.171967,136227.76556134285,0.0693,Comportamento esperado
130,204504,Cezinha De Madureira,PSD,SP,Viagens,Passagem Aérea - Sigepa,,,,,0,102,112274.61,185430.171967,136227.76556134285,-0.537,Comportamento esperado
32,204503,Alexandre Padilha,PT,SP,Publicidade,Divulgação Da Atividade Parlamentar.,1,Situação cadastral não ativa: BAIXADA,FOUND,BAIXADA,2,16,85677.42,243741.226243,313657.1515008437,-0.5039,Fornecedor com CNPJ suspeito
242,220540,Duda Ramos,PODE,RR,Viagens,Passagem Aérea - Sigepa,,,,,0,205,307417.90,163783.293125,88161.1731168696,1.6292,Comportamento esperado
849,137070,Vicentinho Júnior,PSDB,TO,Outros,Manutenção De Escritório De Apoio À Atividade Parlamentar,0,Sem indício cadastral crítico,FOUND,ATIVA,2,21,17954.60,60332.404118,100110.53801139936,-0.4233,Comportamento esperado
876,220536,Zé Haroldo Cathedral,UNIÃO,RR,Publicidade,Divulgação Da Atividade Parlamentar.,0,Sem indício cadastral crítico,FOUND,ATIVA,12,176,1155815.00,302008.159333,364968.0243701814,2.3394,Possível anomalia financeira
518,74784,Luiza Erundina,PSOL,SP,Outros,Manutenção De Escritório De Apoio À Atividade Parlamentar,0,Sem indício cadastral crítico,FOUND,ATIVA,17,337,414207.18,98538.487659,143509.98800071477,2.1996,Possível anomalia financeira
853,204478,Vinicius Farah,UNIÃO,RJ,Viagens,Passagem Aérea - Rpa,0,Sem indício cadastral crítico,FOUND,ATIVA,3,5,14744.41,24365.871064,36425.48190750471,-0.2641,Comportamento esperado
809,177282,Subtenente Gonzaga,PSD,MG,Locomoção,Locação Ou Fretamento De Veículos Automotores,0,Sem indício cadastral crítico,FOUND,ATIVA,1,17,54270.40,199358.988889,190617.58878325575,-0.7612,Comportamento esperado
101,93083,Cacá Leão,PP,BA,Locomoção,Locação Ou Fretamento De Veículos Automotores,0,Sem indício cadastral crítico,FOUND,ATIVA,3,39,163360.00,292409.611930,213979.496522466,-0.6031,Comportamento esperado
597,220584,Murilo Galdino,REPUBLICANOS,PB,Publicidade,Divulgação Da Atividade Parlamentar.,1,Situação cadastral não ativa: BAIXADA,FOUND,BAIXADA,2,7,8000.00,324815.111538,407718.48875224456,-0.777,Fornecedor com CNPJ suspeito
280,74454,Eunício Oliveira,MDB,CE,Combustível,Combustíveis E Lubrificantes.,0,Sem indício cadastral crítico,FOUND,ATIVA,6,32,4864.25,41977.960833,76764.60304100714,-0.4835,Comportamento esperado
362,204442,Gurgel,PL,RJ,Publicidade,Divulgação Da Atividade Parlamentar.,0,Sem indício cadastral crítico,FOUND,ATIVA,5,15,119796.83,226781.355120,259582.44863584734,-0.4121,Comportamento esperado
779,220631,Samuel Viana,UNIÃO,MG,Viagens,Passagem Aérea - Rpa,0,Sem indício cadastral crítico,FOUND,ATIVA,1,3,2933.90,40253.940526,63478.97879162227,-0.5879,Comportamento esperado
536,204433,Marcelo Calero,PSD,RJ,Outros,"Serviço De Táxi, Pedágio E Estacionamento",0,Sem indício cadastral crítico,FOUND,ATIVA,9,148,9453.72,8455.730411,14321.838989715481,0.0697,Comportamento esperado
835,157130,Túlio Gadêlha,PSD,PE,Locomoção,Locação Ou Fretamento De Veículos Automotores,0,Sem indício cadastral crítico,FOUND,ATIVA,8,65,297700.85,220869.240392,185976.71020526288,0.4131,Comportamento esperado
667,74574,Paulo Magalhães,PSD,BA,Outros,Manutenção De Escritório De Apoio À Atividade Parlamentar,0,Sem indício cadastral crítico,FOUND,ATIVA,3,71,40280.49,98257.521290,134321.8726415135,-0.4316,Comportamento esperado
829,143084,Tiago Dimas,PODE,TO,Outros,"Passagens Terrestres, Marítimas Ou Fluviais",0,Sem indício cadastral crítico,FOUND,ATIVA,6,6,1449.03,2000.096667,1575.0680622838706,-0.3499,Comportamento esperado
82,109429,Benes Leocádio,UNIÃO,RN,Outros,Manutenção De Escritório De Apoio À Atividade Parlamentar,0,Documento não consultado por não ser CNPJ,NOT_APPLICABLE,,1,51,416755.00,114159.151154,175330.5134804051,1.7259,Comportamento esperado
762,163321,Ronaldo Nogueira,REPUBLICANOS,RS,Hotéis,"Hospedagem ,exceto Do Parlamentar No Distrito Federal.",0,Sem indício cadastral crítico,FOUND,ATIVA,32,54,13960.46,21826.986437,35658.661568585754,-0.2206,Comportamento esperado
509,204485,Luiz Carlos Motta,PL,SP,Outros,"Serviço De Táxi, Pedágio E Estacionamento",0,Documento não consultado por não ser CNPJ,NOT_APPLICABLE,,1,2,77.00,11967.060840,16796.655097373645,-0.7079,Comportamento esperado
29,220542,Alexandre Guimarães,MDB,TO,Locomoção,Locação Ou Fretamento De Veículos Automotores,0,Sem indício cadastral crítico,FOUND,ATIVA,1,37,204110.00,117209.676500,159137.4356385456,0.5461,Comportamento esperado
527,166402,Magda Mofatto,PL,GO,Outros,Serviços Postais,0,Sem indício cadastral crítico,FOUND,ATIVA,3,3,76.10,462.690000,546.7208210778148,-0.7071,Comportamento esperado
146,220594,Coronel Assis,PL,MT,Outros,Manutenção De Escritório De Apoio À Atividade Parlamentar,0,Documento não consultado por não ser CNPJ,NOT_APPLICABLE,,1,13,24815.70,55063.669706,75019.05976556618,-0.4032,Comportamento esperado
334,178966,Geovania De Sá,PSDB,SC,Outros,Manutenção De Escritório De Apoio À Atividade Parlamentar,0,Sem indício cadastral crítico,FOUND,ATIVA,4,24,6865.82,70964.571200,106769.4367602354,-0.6003,Comportamento esperado
60,73696,Angela Amin,PP,SC,Locomoção,Locação Ou Fretamento De Veículos Automotores,0,Sem indício cadastral crítico,FOUND,ATIVA,2,20,95026.66,154711.621212,151032.92349497412,-0.3952,Comportamento esperado
107,178829,Capitão Augusto,PL,SP,Outros,Manutenção De Escritório De Apoio À Atividade Parlamentar,0,Documento não consultado por não ser CNPJ,NOT_APPLICABLE,,3,26,86150.00,98538.487659,143509.98800071477,-0.0863,Comportamento esperado
300,204445,Fernando Mineiro,PT,RN,Outros,"Serviço De Táxi, Pedágio E Estacionamento",0,Sem indício cadastral crítico,FOUND,ATIVA,1,58,4324.33,8284.906667,15407.736715157096,-0.2571,Comportamento esperado
856,178992,Vitor Lippi,PSD,SP,Outros,"Serviço De Táxi, Pedágio E Estacionamento",1,Situação cadastral não ativa: INAPTA,FOUND,INAPTA,2,2,135.00,11967.060840,16796.655097373645,-0.7044,Fornecedor com CNPJ suspeito
815,178922,Tadeu Alencar,PSB,PE,Outros,Serviços Postais,0,Sem indício cadastral crítico,FOUND,ATIVA,1,30,1517.33,1109.518571,1801.0661627901457,0.2264,Comportamento esperado
175,204454,Daniel Silveira,PTB,RJ,Comunicação,Telefonia,0,Sem indício cadastral crítico,FOUND,ATIVA,5,16,2737.30,11897.719661,18918.17939394703,-0.4842,Comportamento esperado
456,73586,Júlio Delgado,PV,MG,Combustível,Combustíveis E Lubrificantes.,1,Situação cadastral não ativa: SUSPENSA,FOUND,SUSPENSA,1,1,100.00,65306.104375,92314.0005265802,-0.7064,Fornecedor com CNPJ suspeito
675,90201,Pedro Augusto Bezerra,PDT,CE,Combustível,Combustíveis E Lubrificantes.,1,Situação cadastral não ativa: BAIXADA,FOUND,BAIXADA,3,3,1144.46,41977.960833,76764.60304100714,-0.5319,Fornecedor com CNPJ suspeito
804,104552,Socorro Neri,PP,AC,Alimentação,Fornecimento De Alimentação Do Parlamentar,0,Sem indício cadastral crítico,FOUND,ATIVA,1,1,78.73,3506.161818,10352.10370735419,-0.3311,Comportamento esperado
809,177282,Subtenente Gonzaga,PSD,MG,Combustível,Combustíveis E Lubrificantes.,1,Situação cadastral não ativa: INAPTA,FOUND,INAPTA,1,1,210.60,65306.104375,92314.0005265802,-0.7052,Fornecedor com CNPJ suspeito
687,204406,Pedro Westphalen,PP,RS,Hotéis,"Hospedagem ,exceto Do Parlamentar No Distrito Federal.",1,Situação cadastral não ativa: BAIXADA,FOUND,BAIXADA,2,4,1146.82,21826.986437,35658.661568585754,-0.5799,Fornecedor com CNPJ suspeito
34,221148,Alfredinho,PT,SP,Comunicação,Telefonia,0,Sem indício cadastral crítico,FOUND,ATIVA,2,12,3593.26,19889.940211,25751.500071775903,-0.6328,Comportamento esperado
230,204439,Dr. Leonardo,REPUBLICANOS,MT,Viagens,Passagem Aérea - Rpa,0,Sem indício cadastral crítico,FOUND,ATIVA,2,2,5294.50,21401.345000,46787.60669383069,-0.3443,Comportamento esperado
269,198783,Emanuel Pinheiro Neto,PSD,MT,Combustível,Combustíveis E Lubrificantes.,1,Situação cadastral não ativa: SUSPENSA,FOUND,SUSPENSA,1,1,315.00,34330.305532,57340.29977264771,-0.5932,Fornecedor com CNPJ suspeito
60,73696,Angela Amin,PP,SC,Combustível,Combustíveis E Lubrificantes.,1,Situação cadastral não ativa: BAIXADA,FOUND,BAIXADA,2,2,400.00,63943.250339,85631.6159933909,-0.7421,Fornecedor com CNPJ suspeito
615,146307,Neri Geller,PP,MT,Publicidade,Divulgação Da Atividade Parlamentar.,0,Sem indício cadastral crítico,FOUND,ATIVA,1,8,56000.00,167205.955714,207800.9242977291,-0.5352,Comportamento esperado
886,,,,NA,Alimentação,Fornecimento De Alimentação Do Parlamentar,0,Sem indício cadastral crítico,FOUND,ATIVA,2,3,3630.31,76824.316875,122514.48277202321,-0.5974,Comportamento esperado
450,204457,Juninho Do Pneu,PSDB,RJ,Hotéis,"Hospedagem ,exceto Do Parlamentar No Distrito Federal.",0,Sem indício cadastral crítico,FOUND,ATIVA,1,1,2148.32,13016.628636,21468.959145470457,-0.5062,Comportamento esperado
412,204546,Joice Hasselmann,PSDB,SP,Combustível,Combustíveis E Lubrificantes.,1,Situação cadastral não ativa: INAPTA,FOUND,INAPTA,1,1,235.74,42192.750821,64034.19773844777,-0.6552,Fornecedor com CNPJ suspeito
749,141531,Rodrigo De Castro,UNIÃO,MG,Combustível,Combustíveis E Lubrificantes.,1,Situação cadastral não ativa: BAIXADA,FOUND,BAIXADA,2,2,790.11,65306.104375,92314.0005265802,-0.6989,Fornecedor com CNPJ suspeito
830,204519,Tiago Mitraud,NOVO,MG,Locomoção,Locação Ou Fretamento De Veículos Automotores,1,Situação cadastral não ativa: BAIXADA,FOUND,BAIXADA,1,1,471.74,199358.988889,190617.58878325575,-1.0434,Fornecedor com CNPJ suspeito
314,204494,Fred Costa,PRD,MG,Viagens,Passagem Aérea - Reembolso,0,Sem indício cadastral crítico,FOUND,ATIVA,2,2,5023.39,7020.191961,10297.188894597206,-0.1939,Comportamento esperado
496,178931,Luciano Ducci,PSB,PR,Publicidade,Divulgação Da Atividade Parlamentar.,1,Situação cadastral não ativa: BAIXADA,FOUND,BAIXADA,2,7,83000.00,263664.052022,329972.5348930845,-0.5475,Fornecedor com CNPJ suspeito
374,220672,Henderson Pinto,UNIÃO,PA,Viagens,Passagem Aérea - Reembolso,0,Sem indício cadastral crítico,FOUND,ATIVA,1,1,1694.85,8897.662500,8393.75284614814,-0.8581,Comportamento esperado
700,204565,Professora Dayane Pimentel,UNIÃO,BA,Hotéis,"Hospedagem ,exceto Do Parlamentar No Distrito Federal.",0,Sem indício cadastral crítico,FOUND,ATIVA,3,3,1616.98,14559.116889,26542.375379101115,-0.4876,Comportamento esperado
93,160538,Bohn Gass,PT,RS,Outros,Manutenção De Escritório De Apoio À Atividade Parlamentar,1,Situação cadastral não ativa: BAIXADA,FOUND,BAIXADA,2,5,847.36,109428.142500,149558.61424927576,-0.726,Fornecedor com CNPJ suspeito
54,74471,André De Paula,PSD,PE,Publicidade,Divulgação Da Atividade Parlamentar.,0,Sem indício cadastral crítico,FOUND,ATIVA,1,4,28000.00,241972.708182,301628.5621101344,-0.7094,Comportamento esperado
425,215043,Josivaldo Jp,PSD,MA,Publicidade,Divulgação Da Atividade Parlamentar.,1,Situação cadastral não ativa: INAPTA,FOUND,INAPTA,1,4,36000.00,299945.123175,386285.4495039867,-0.6833,Fornecedor com CNPJ suspeito
148,220595,Coronel Fernanda,PL,MT,Publicidade,Divulgação Da Atividade Parlamentar.,1,Situação cadastral não ativa: BAIXADA,FOUND,BAIXADA,2,3,12540.00,167205.955714,207800.9242977291,-0.7443,Fornecedor com CNPJ suspeito
266,178854,Elmar Nascimento,UNIÃO,BA,Viagens,Passagem Aérea - Reembolso,0,Sem indício cadastral crítico,FOUND,ATIVA,1,1,2602.46,6722.195000,9392.208684505544,-0.4386,Comportamento esperado
691,204529,Policial Katia Sastre,PL,SP,Viagens,Passagem Aérea - Reembolso,0,Sem indício cadastral crítico,FOUND,ATIVA,2,2,3527.82,9758.571000,11443.414965885137,-0.5445,Comportamento esperado
852,141555,Vinicius Carvalho,PL,SP,Viagens,Passagem Aérea - Rpa,0,Sem indício cadastral crítico,FOUND,ATIVA,2,6,4204.52,24943.515352,36157.13967829913,-0.5736,Comportamento esperado
642,160556,Padre João,PT,MG,Publicidade,Assinatura De Publicações,0,Sem indício cadastral crítico,FOUND,ATIVA,1,2,720.00,1596.091765,1698.0009011232714,-0.516,Comportamento esperado
890,,,,NA,Publicidade,Divulgação Da Atividade Parlamentar.,0,Sem indício cadastral crítico,FOUND,ATIVA,2,8,7650.00,50979.424375,81608.46012151951,-0.5309,Comportamento esperado
265,234406,Elmano Férrer,PP,PI,Outros,Serviço De Segurança Prestado Por Empresa Especializada.,0,Sem indício cadastral crítico,FOUND,ATIVA,1,3,20925.98,147917.945000,155282.31492759756,-0.8178,Comportamento esperado
889,,,,NA,Outros,Manutenção De Escritório De Apoio À Atividade Parlamentar,1,Situação cadastral não ativa: INAPTA,FOUND,INAPTA,1,5,2250.00,15500.143182,23430.81961523477,-0.5655,Fornecedor com CNPJ suspeito
413,160548,Jonas Donizette,PSB,SP,Outros,Serviços Postais,0,Sem indício cadastral crítico,FOUND,ATIVA,1,2,106.75,1015.584878,1403.5425598127083,-0.6475,Comportamento esperado
666,220685,Paulo Litro,UNIÃO,PR,Outros,"Passagens Terrestres, Marítimas Ou Fluviais",0,Sem indício cadastral crítico,FOUND,ATIVA,1,1,195.00,1895.154815,2124.8795888027494,-0.8001,Comportamento esperado
230,204439,Dr. Leonardo,REPUBLICANOS,MT,Alimentação,Fornecimento De Alimentação Do Parlamentar,0,Sem indício cadastral crítico,FOUND,ATIVA,4,7,242.63,2273.261250,4466.178507118996,-0.4547,Comportamento esperado
190,204451,Delegado Antônio Furtado,UNIÃO,RJ,Outros,Serviço De Segurança Prestado Por Empresa Especializada.,0,Sem indício cadastral crítico,FOUND,ATIVA,1,9,1887.77,20518.758000,20004.550993027562,-0.9313,Comportamento esperado
380,100689,Hildo Do Candango,REPUBLICANOS,GO,Locomoção,Locação Ou Fretamento De Veículos Automotores,0,Sem indício cadastral crítico,FOUND,ATIVA,1,4,21233.33,189142.637500,142661.57624064668,-1.177,Comportamento esperado
417,214694,Jorge Goetten,REPUBLICANOS,SC,Hotéis,"Hospedagem ,exceto Do Parlamentar No Distrito Federal.",1,Erro na consulta pública de CNPJ,ERROR,,1,1,3576.67,36695.958649,43528.74004922331,-0.7609,Fornecedor com CNPJ suspeito
250,204541,Eduardo Bismarck,PDT,CE,Combustível,Combustíveis E Lubrificantes.,1,Situação cadastral não ativa: INAPTA,FOUND,INAPTA,1,1,565.05,41977.960833,76764.60304100714,-0.5395,Fornecedor com CNPJ suspeito
842,74376,Vander Loubet,PT,MS,Publicidade,Divulgação Da Atividade Parlamentar.,1,Situação cadastral não ativa: INAPTA,FOUND,INAPTA,1,3,24200.00,244824.753226,352025.1744174792,-0.6267,Fornecedor com CNPJ suspeito
764,178945,Rosangela Gomes,REPUBLICANOS,RJ,Viagens,Passagem Aérea - Reembolso,1,Erro na consulta pública de CNPJ,ERROR,,1,1,3980.07,9840.865893,10669.362639943789,-0.5493,Fornecedor com CNPJ suspeito
471,204375,Leda Sadala,PP,AP,Combustível,Combustíveis E Lubrificantes.,1,Situação cadastral não ativa: BAIXADA,FOUND,BAIXADA,1,1,767.71,24571.047667,39205.554475113444,-0.6071,Fornecedor com CNPJ suspeito
351,204419,Glaustin Da Fokus,PODE,GO,Alimentação,Fornecimento De Alimentação Do Parlamentar,0,Sem indício cadastral crítico,FOUND,ATIVA,1,1,78.73,3293.239000,7032.529544734017,-0.4571,Comportamento esperado
659,204538,Paulo Bengtson,PTB,PA,Outros,Manutenção De Escritório De Apoio À Atividade Parlamentar,0,Sem indício cadastral crítico,FOUND,ATIVA,2,12,6343.80,42888.542571,70113.4772677672,-0.5212,Comportamento esperado
305,141434,Flaviano Melo,MDB,AC,Combustível,Combustíveis E Lubrificantes.,0,Sem indício cadastral crítico,FOUND,ATIVA,1,2,10667.10,74559.202308,89345.09325877228,-0.7151,Comportamento esperado
539,220634,Marcelo Lima,PSB,SP,Hotéis,"Hospedagem ,exceto Do Parlamentar No Distrito Federal.",0,Sem indício cadastral crítico,FOUND,ATIVA,1,1,1300.38,10014.789189,11435.329101648113,-0.7621,Comportamento esperado
755,220695,Rogéria Santos,REPUBLICANOS,BA,Outros,"Serviço De Táxi, Pedágio E Estacionamento",0,Sem indício cadastral crítico,FOUND,ATIVA,1,2,570.00,7947.726552,12451.86965129915,-0.5925,Comportamento esperado
36,74057,Alice Portugal,PCDOB,BA,Outros,"Serviço De Táxi, Pedágio E Estacionamento",0,Sem indício cadastral crítico,FOUND,ATIVA,1,1,163.55,7947.726552,12451.86965129915,-0.6251,Comportamento esperado
691,204529,Policial Katia Sastre,PL,SP,Publicidade,Divulgação Da Atividade Parlamentar.,1,Situação cadastral não ativa: BAIXADA,FOUND,BAIXADA,1,1,5700.00,243741.226243,313657.1515008437,-0.7589,Fornecedor com CNPJ suspeito
519,178866,Luizianne Lins,PT,CE,Locomoção,Locação Ou Fretamento De Veículos Automotores,0,Sem indício cadastral crítico,FOUND,ATIVA,2,17,49205.00,139651.247778,143531.8586124825,-0.6301,Comportamento esperado
250,204541,Eduardo Bismarck,PV,CE,Viagens,Passagem Aérea - Reembolso,1,Erro na consulta pública de CNPJ,ERROR,,1,1,9624.98,12007.303200,17888.200103405623,-0.1332,Fornecedor com CNPJ suspeito
181,160552,Danrlei De Deus Hinterholz,PSD,RS,Hotéis,"Hospedagem ,exceto Do Parlamentar No Distrito Federal.",1,Erro na consulta pública de CNPJ,ERROR,,1,2,1768.64,21826.986437,35658.661568585754,-0.5625,Fornecedor com CNPJ suspeito
576,204486,Mauro Benevides Filho,PDT,CE,Publicidade,Divulgação Da Atividade Parlamentar.,0,Sem indício cadastral crítico,FOUND,ATIVA,1,9,131032.30,263931.285395,366906.3702021798,-0.3622,Comportamento esperado
504,204410,Luisa Canziani,PSD,PR,Serviços profissionais,"Consultorias, Pesquisas E Trabalhos Técnicos.",1,Situação cadastral não ativa: INAPTA,FOUND,INAPTA,1,1,22000.00,58752.690645,58141.82428785019,-0.6321,Fornecedor com CNPJ suspeito
684,229259,Pedro Tourinho,PT,SP,Outros,"Serviço De Táxi, Pedágio E Estacionamento",0,Sem indício cadastral crítico,FOUND,ATIVA,2,2,1165.00,11967.060840,16796.655097373645,-0.6431,Comportamento esperado
23,204501,Alencar Santana,PT,SP,Viagens,Passagem Aérea - Rpa,0,Sem indício cadastral crítico,FOUND,ATIVA,1,3,768.15,24943.515352,36157.13967829913,-0.6686,Comportamento esperado
347,160673,Giovani Cherini,PL,RS,Viagens,Passagem Aérea - Reembolso,0,Sem indício cadastral crítico,FOUND,ATIVA,1,1,2438.46,7846.026333,10735.105702213965,-0.5037,Comportamento esperado
81,73701,Benedita Da Silva,PT,RJ,Combustível,Combustíveis E Lubrificantes.,1,Situação cadastral não ativa: BAIXADA,FOUND,BAIXADA,1,2,530.03,44023.319398,62812.667137756165,-0.6924,Fornecedor com CNPJ suspeito
480,74585,Lincoln Portela,PL,MG,Publicidade,Divulgação Da Atividade Parlamentar.,0,Sem indício cadastral crítico,FOUND,ATIVA,2,20,367242.40,194891.353020,276881.75990132586,0.6225,Comportamento esperado
430,160619,José Nunes,PSD,BA,Outros,Manutenção De Escritório De Apoio À Atividade Parlamentar,1,Situação cadastral não ativa: BAIXADA,FOUND,BAIXADA,2,2,429.90,98257.521290,134321.8726415135,-0.7283,Fornecedor com CNPJ suspeito
545,179000,Marcelo Álvaro Antônio,PL,MG,Outros,Serviços Postais,0,Sem indício cadastral crítico,FOUND,ATIVA,1,1,41.75,2049.065200,4121.470694655126,-0.487,Comportamento esperado
13,178835,Afonso Motta,PDT,RS,Combustível,Combustíveis E Lubrificantes.,1,CNPJ não encontrado na API pública,NOT_FOUND,,1,1,200.00,60520.148547,97388.05968907535,-0.6194,Fornecedor com CNPJ suspeito
704,160641,Professora Marcivania,PCDOB,AP,Locomoção,Locação Ou Fretamento De Embarcações,0,Documento não consultado por não ser CNPJ,NOT_APPLICABLE,,1,4,20000.00,49262.500000,60760.834081942405,-0.4816,Comportamento esperado
781,160621,Sandro Alex,PSD,PR,Alimentação,Fornecimento De Alimentação Do Parlamentar,1,Situação cadastral não ativa: BAIXADA,FOUND,BAIXADA,3,4,183.94,4173.948542,8441.04850518495,-0.4727,Fornecedor com CNPJ suspeito
237,230088,Dra. Mayra Pinheiro,PL,CE,Outros,"Participação Em Curso, Palestra Ou Evento Similar",1,Erro na consulta pública de CNPJ,ERROR,,1,1,9145.61,9145.610000,,,Fornecedor com CNPJ suspeito
835,157130,Túlio Gadêlha,PSD,PE,Alimentação,Fornecimento De Alimentação Do Parlamentar,0,Sem indício cadastral crítico,FOUND,ATIVA,1,1,92.73,3487.092941,8073.709935566787,-0.4204,Comportamento esperado
716,221378,Reginete Bispo,PT,RS,Comunicação,Telefonia,0,Sem indício cadastral crítico,FOUND,ATIVA,3,6,834.47,19321.830435,18898.364290143905,-0.9783,Comportamento esperado
439,141459,João Maia,PL,RN,Outros,Manutenção De Escritório De Apoio À Atividade Parlamentar,1,Situação cadastral não ativa: BAIXADA,FOUND,BAIXADA,1,5,764.20,114159.151154,175330.5134804051,-0.6467,Fornecedor com CNPJ suspeito
151,222142,Coronel Telhada,PP,SP,Outros,Manutenção De Escritório De Apoio À Atividade Parlamentar,1,Situação cadastral não ativa: BAIXADA,FOUND,BAIXADA,1,8,2610.60,98538.487659,143509.98800071477,-0.6684,Fornecedor com CNPJ suspeito
614,204415,Nereu Crispim,PSD,RS,Viagens,Passagem Aérea - Rpa,0,Sem indício cadastral crítico,FOUND,ATIVA,1,2,768.32,23263.014545,27193.710295909314,-0.8272,Comportamento esperado
703,221338,Professora Luciene Cavalcante,PSOL,SP,Publicidade,Divulgação Da Atividade Parlamentar.,1,Situação cadastral não ativa: BAIXADA,FOUND,BAIXADA,2,9,36514.28,243741.226243,313657.1515008437,-0.6607,Fornecedor com CNPJ suspeito
244,178994,Dulce Miranda,MDB,TO,Locomoção,Locação Ou Fretamento De Veículos Automotores,1,Situação cadastral não ativa: BAIXADA,FOUND,BAIXADA,1,8,9412.57,117209.676500,159137.4356385456,-0.6774,Fornecedor com CNPJ suspeito
459,204550,Júnior Mano,PSB,CE,Viagens,Passagem Aérea - Reembolso,0,Sem indício cadastral crítico,FOUND,ATIVA,1,1,1504.35,12007.303200,17888.200103405623,-0.5871,Comportamento esperado
744,204489,Robério Monteiro,PDT,CE,Serviços profissionais,"Consultorias, Pesquisas E Trabalhos Técnicos.",0,Sem indício cadastral crítico,FOUND,ATIVA,3,10,101000.00,67459.660000,60466.2251856053,0.5547,Comportamento esperado
314,204494,Fred Costa,PATRIOTA,MG,Viagens,Passagem Aérea - Rpa,0,Sem indício cadastral crítico,FOUND,ATIVA,2,7,8271.81,40253.940526,63478.97879162227,-0.5038,Comportamento esperado
39,204400,Aline Sleutjes,PROS,PR,Outros,Manutenção De Escritório De Apoio À Atividade Parlamentar,0,Sem indício cadastral crítico,FOUND,ATIVA,7,20,4351.05,86193.122500,116860.66498214444,-0.7003,Comportamento esperado
474,80815,Leo Prates,REPUBLICANOS,BA,Combustível,Combustíveis E Lubrificantes.,1,Situação cadastral não ativa: BAIXADA,FOUND,BAIXADA,1,1,200.00,76280.976842,110667.4963849575,-0.6875,Fornecedor com CNPJ suspeito
1,220593,Abilio Brunini,PL,MT,Locomoção,Locação Ou Fretamento De Veículos Automotores,1,Situação cadastral não ativa: BAIXADA,FOUND,BAIXADA,1,1,1235.86,134358.602609,119146.49353274485,-1.1173,Fornecedor com CNPJ suspeito
448,204372,Julio Cesar Ribeiro,REPUBLICANOS,DF,Combustível,Combustíveis E Lubrificantes.,1,Situação cadastral não ativa: BAIXADA,FOUND,BAIXADA,3,3,660.37,33372.670769,51515.7382887601,-0.635,Fornecedor com CNPJ suspeito
666,220685,Paulo Litro,UNIÃO,PR,Viagens,Passagem Aérea - Reembolso,0,Sem indício cadastral crítico,FOUND,ATIVA,2,2,1593.66,17801.644063,39455.64199846602,-0.4108,Comportamento esperado
621,204479,Nicoletti,UNIÃO,RR,Hotéis,"Hospedagem ,exceto Do Parlamentar No Distrito Federal.",0,Sem indício cadastral crítico,FOUND,ATIVA,1,1,1236.14,7824.586667,5971.354875629707,-1.1033,Comportamento esperado
396,73531,Ivan Valente,PSOL,SP,Combustível,Combustíveis E Lubrificantes.,1,Situação cadastral não ativa: BAIXADA,FOUND,BAIXADA,1,1,126.59,42192.750821,64034.19773844777,-0.6569,Fornecedor com CNPJ suspeito
846,204505,Vavá Martins,REPUBLICANOS,PA,Publicidade,Divulgação Da Atividade Parlamentar.,0,Sem indício cadastral crítico,FOUND,ATIVA,2,2,100000.00,319971.475333,323849.5425991789,-0.6792,Comportamento esperado
329,160669,Genecias Noronha,PL,CE,Outros,Manutenção De Escritório De Apoio À Atividade Parlamentar,0,Sem indício cadastral crítico,FOUND,ATIVA,1,3,4363.50,68348.775082,105244.60317209057,-0.608,Comportamento esperado
334,178966,Geovania De Sá,PSDB,SC,Alimentação,Fornecimento De Alimentação Do Parlamentar,1,Situação cadastral não ativa: BAIXADA,FOUND,BAIXADA,3,3,106.80,5345.501750,9873.801589562949,-0.5306,Fornecedor com CNPJ suspeito
850,178888,Victor Mendes,MDB,MA,Serviços profissionais,"Consultorias, Pesquisas E Trabalhos Técnicos.",0,Sem indício cadastral crítico,FOUND,ATIVA,1,4,75000.00,73247.500000,60193.25778602398,0.0291,Comportamento esperado
620,204384,Ney Leprevost,UNIÃO,PR,Serviços profissionais,"Consultorias, Pesquisas E Trabalhos Técnicos.",0,Sem indício cadastral crítico,FOUND,ATIVA,3,16,278536.20,58752.690645,58141.82428785019,3.7801,Anomalia financeira extrema
878,160632,Zé Silva,SOLIDARIEDADE,MG,Comunicação,Telefonia,0,Sem indício cadastral crítico,FOUND,ATIVA,1,7,9427.09,15607.667083,19082.29985422686,-0.3239,Comportamento esperado
417,214694,Jorge Goetten,REPUBLICANOS,SC,Combustível,Combustíveis E Lubrificantes.,1,Situação cadastral não ativa: BAIXADA,FOUND,BAIXADA,1,1,123.50,63943.250339,85631.6159933909,-0.7453,Fornecedor com CNPJ suspeito
129,204496,Celso Sabino,UNIÃO,PA,Viagens,Passagem Aérea - Reembolso,0,Sem indício cadastral crítico,FOUND,ATIVA,2,3,8054.10,8897.662500,8393.75284614814,-0.1005,Comportamento esperado
480,74585,Lincoln Portela,PL,MG,Outros,Serviços Postais,0,Sem indício cadastral crítico,FOUND,ATIVA,5,7,987.40,2049.065200,4121.470694655126,-0.2576,Comportamento esperado
637,141515,Otavio Leite,PSDB,RJ,Alimentação,Fornecimento De Alimentação Do Parlamentar,0,Sem indício cadastral crítico,FOUND,ATIVA,4,6,225.62,5314.154545,11413.915891543053,-0.4458,Comportamento esperado
260,160532,Eli Corrêa Filho,UNIÃO,SP,Viagens,Passagem Aérea - Rpa,0,Sem indício cadastral crítico,FOUND,ATIVA,1,2,1331.90,24943.515352,36157.13967829913,-0.653,Comportamento esperado
348,178996,Giovani Feltes,MDB,RS,Combustível,Combustíveis E Lubrificantes.,1,Situação cadastral não ativa: BAIXADA,FOUND,BAIXADA,6,7,1816.61,60520.148547,97388.05968907535,-0.6028,Fornecedor com CNPJ suspeito
454,178839,Jéssica Sales,MDB,AC,Publicidade,Divulgação Da Atividade Parlamentar.,1,Situação cadastral não ativa: INAPTA,FOUND,INAPTA,2,7,49000.00,295132.464706,394989.3569390969,-0.6231,Fornecedor com CNPJ suspeito
158,206018,Célia Xakriabá,PSOL,MG,Combustível,Combustíveis E Lubrificantes.,1,CNPJ não encontrado na API pública,NOT_FOUND,,1,2,200.00,65306.104375,92314.0005265802,-0.7053,Fornecedor com CNPJ suspeito
226,204518,Dr. Frederico,PRD,MG,Outros,Serviço De Segurança Prestado Por Empresa Especializada.,0,Sem indício cadastral crítico,FOUND,ATIVA,1,8,1256.80,6910.803333,5568.322882362166,-1.0154,Comportamento esperado
473,178825,Leo De Brito,PT,AC,Outros,"Serviço De Táxi, Pedágio E Estacionamento",1,Situação cadastral não ativa: BAIXADA,FOUND,BAIXADA,1,1,67.59,1201.947143,2347.5245824464705,-0.4832,Fornecedor com CNPJ suspeito
359,204531,Guilherme Derrite,PP,SP,Publicidade,Divulgação Da Atividade Parlamentar.,0,Sem indício cadastral crítico,FOUND,ATIVA,1,2,20000.00,243741.226243,313657.1515008437,-0.7133,Comportamento esperado
835,157130,Túlio Gadêlha,REDE,PE,Locomoção,Locação Ou Fretamento De Veículos Automotores,1,Situação cadastral não ativa: BAIXADA,FOUND,BAIXADA,1,3,2045.49,220869.240392,185976.71020526288,-1.1766,Fornecedor com CNPJ suspeito
370,178873,Helder Salomão,PT,ES,Outros,Manutenção De Escritório De Apoio À Atividade Parlamentar,1,Erro na consulta pública de CNPJ,ERROR,,1,2,1686.12,101936.796563,164857.25422120074,-0.6081,Fornecedor com CNPJ suspeito
620,204384,Ney Leprevost,UNIÃO,PR,Outros,Manutenção De Escritório De Apoio À Atividade Parlamentar,1,Situação cadastral não ativa: BAIXADA,FOUND,BAIXADA,1,1,297.60,86193.122500,116860.66498214444,-0.735,Fornecedor com CNPJ suspeito
790,178933,Sergio Souza,MDB,PR,Comunicação,Telefonia,1,Situação cadastral não ativa: BAIXADA,FOUND,BAIXADA,1,4,409.91,10984.091277,13121.60062975809,-0.8059,Fornecedor com CNPJ suspeito
629,74159,Odair Cunha,PT,MG,Viagens,Passagem Aérea - Reembolso,0,Sem indício cadastral crítico,FOUND,ATIVA,1,2,6527.65,7020.191961,10297.188894597206,-0.0478,Comportamento esperado
426,141464,José Airton Félix Cirilo,PT,CE,Viagens,Passagem Aérea - Rpa,0,Sem indício cadastral crítico,FOUND,ATIVA,1,1,2900.23,32586.001200,51600.505956913454,-0.5753,Comportamento esperado
705,204467,Professora Rosa Neide,PT,MT,Hotéis,"Hospedagem ,exceto Do Parlamentar No Distrito Federal.",1,Situação cadastral não ativa: BAIXADA,FOUND,BAIXADA,1,1,190.00,20380.542308,35609.06873470771,-0.567,Fornecedor com CNPJ suspeito
382,178959,Hiran Gonçalves,PP,RR,Serviços profissionais,"Consultorias, Pesquisas E Trabalhos Técnicos.",1,Situação cadastral não ativa: BAIXADA,FOUND,BAIXADA,1,12,96000.00,120130.560000,87266.22616779071,-0.2765,Fornecedor com CNPJ suspeito
341,204491,Gilberto Abramo,REPUBLICANOS,MG,Viagens,Passagem Aérea - Rpa,0,Sem indício cadastral crítico,FOUND,ATIVA,1,1,446.44,40253.940526,63478.97879162227,-0.6271,Comportamento esperado
6,221328,Adilson Barroso,PL,SP,Hotéis,"Hospedagem ,exceto Do Parlamentar No Distrito Federal.",1,Erro na consulta pública de CNPJ,ERROR,,1,10,13515.94,10014.789189,11435.329101648113,0.3062,Fornecedor com CNPJ suspeito
382,178959,Hiran Gonçalves,PP,RR,Comunicação,Telefonia,1,Situação cadastral não ativa: BAIXADA,FOUND,BAIXADA,1,1,169.81,7507.576000,8511.707827192691,-0.8621,Fornecedor com CNPJ suspeito
868,220564,Yandra Moura,UNIÃO,SE,Publicidade,Divulgação Da Atividade Parlamentar.,1,Situação cadastral não ativa: INAPTA,FOUND,INAPTA,1,4,4400.00,230946.483077,301200.1033422071,-0.7521,Fornecedor com CNPJ suspeito
10,141372,Aelton Freitas,PP,MG,Locomoção,Locação Ou Fretamento De Veículos Automotores,0,Sem indício cadastral crítico,FOUND,ATIVA,3,31,119157.00,199358.988889,190617.58878325575,-0.4207,Comportamento esperado
146,220594,Coronel Assis,PL,MT,Outros,"Passagens Terrestres, Marítimas Ou Fluviais",0,Sem indício cadastral crítico,FOUND,ATIVA,1,1,257.99,342.182500,259.3180178165137,-0.3247,Comportamento esperado
23,204501,Alencar Santana,PT,SP,Outros,Serviços Postais,0,Sem indício cadastral crítico,FOUND,ATIVA,1,1,104.10,1015.584878,1403.5425598127083,-0.6494,Comportamento esperado
407,160531,Jhonatan De Jesus,REPUBLICANOS,RR,Outros,Manutenção De Escritório De Apoio À Atividade Parlamentar,0,Sem indício cadastral crítico,FOUND,ATIVA,1,4,571.90,80921.562903,170825.55022261123,-0.4704,Comportamento esperado
545,179000,Marcelo Álvaro Antônio,PL,MG,Combustível,Combustíveis E Lubrificantes.,1,Situação cadastral não ativa: BAIXADA,FOUND,BAIXADA,1,1,131.91,65306.104375,92314.0005265802,-0.706,Fornecedor com CNPJ suspeito
332,204484,General Peternelli,UNIÃO,SP,Publicidade,Divulgação Da Atividade Parlamentar.,1,Situação cadastral não ativa: INAPTA,FOUND,INAPTA,2,2,1100.00,243741.226243,313657.1515008437,-0.7736,Fornecedor com CNPJ suspeito
349,226179,Gisela Simona,UNIÃO,MT,Alimentação,Fornecimento De Alimentação Do Parlamentar,1,Situação cadastral não ativa: BAIXADA,FOUND,BAIXADA,2,3,148.00,2273.261250,4466.178507118996,-0.4759,Fornecedor com CNPJ suspeito
11,160508,Afonso Florence,PT,BA,Combustível,Combustíveis E Lubrificantes.,1,Situação cadastral não ativa: INAPTA,FOUND,INAPTA,2,3,1003.21,76280.976842,110667.4963849575,-0.6802,Fornecedor com CNPJ suspeito
251,92346,Eduardo Bolsonaro,PL,SP,Viagens,Passagem Aérea - Reembolso,0,Sem indício cadastral crítico,FOUND,ATIVA,1,2,4451.25,9758.571000,11443.414965885137,-0.4638,Comportamento esperado
269,198783,Emanuel Pinheiro Neto,MDB,MT,Viagens,Passagem Aérea - Reembolso,1,Situação cadastral não ativa: BAIXADA,FOUND,BAIXADA,1,2,3751.92,36104.208462,85065.80718840551,-0.3803,Fornecedor com CNPJ suspeito
685,160604,Pedro Uczai,PT,SC,Locomoção,Locação Ou Fretamento De Veículos Automotores,1,Situação cadastral não ativa: BAIXADA,FOUND,BAIXADA,1,2,2292.90,154711.621212,151032.92349497412,-1.0092,Fornecedor com CNPJ suspeito
35,220576,Alfredo Gaspar,PL,AL,Viagens,Passagem Aérea - Rpa,0,Sem indício cadastral crítico,FOUND,ATIVA,1,1,3209.85,21225.077273,32156.183325062724,-0.5602,Comportamento esperado
228,220570,Dr. Ismael Alexandrino,PSD,GO,Alimentação,Fornecimento De Alimentação Do Parlamentar,0,Sem indício cadastral crítico,FOUND,ATIVA,1,1,78.73,3293.239000,7032.529544734017,-0.4571,Comportamento esperado
125,220699,Castro Neto,MDB,PI,Locomoção,Locação Ou Fretamento De Aeronaves,0,Sem indício cadastral crítico,FOUND,ATIVA,1,3,62700.00,71847.500000,68278.8986254172,-0.134,Comportamento esperado
899,,,,NA,Alimentação,Fornecimento De Alimentação Do Parlamentar,1,Situação cadastral não ativa: INAPTA,FOUND,INAPTA,1,2,1200.00,76824.316875,122514.48277202321,-0.6173,Fornecedor com CNPJ suspeito
401,74848,Jandira Feghali,PCDOB,RJ,Viagens,Passagem Aérea - Reembolso,1,Erro na consulta pública de CNPJ,ERROR,,1,1,1400.61,9840.865893,10669.362639943789,-0.7911,Fornecedor com CNPJ suspeito
767,73806,Roseana Sarney,MDB,MA,Viagens,Passagem Aérea - Rpa,0,Sem indício cadastral crítico,FOUND,ATIVA,1,3,780.00,17893.360952,34179.698738222214,-0.5007,Comportamento esperado
727,221329,Ricardo Abrão,PSDB,RJ,Combustível,Combustíveis E Lubrificantes.,1,Situação cadastral não ativa: BAIXADA,FOUND,BAIXADA,1,1,200.00,44023.319398,62812.667137756165,-0.6977,Fornecedor com CNPJ suspeito
56,204423,André Ferreira,PL,PE,Serviços profissionais,"Consultorias, Pesquisas E Trabalhos Técnicos.",0,Sem indício cadastral crítico,FOUND,ATIVA,1,10,20000.00,33394.939474,25891.938420366478,-0.5173,Comportamento esperado
818,220682,Tadeu Veneri,PT,PR,Outros,"Passagens Terrestres, Marítimas Ou Fluviais",1,Situação cadastral não ativa: BAIXADA,FOUND,BAIXADA,1,1,174.19,1895.154815,2124.8795888027494,-0.8099,Fornecedor com CNPJ suspeito
277,160575,Erika Kokay,PT,DF,Outros,"Serviço De Táxi, Pedágio E Estacionamento",1,Situação cadastral não ativa: BAIXADA,FOUND,BAIXADA,3,4,287.90,5858.386000,12275.443917982357,-0.4538,Fornecedor com CNPJ suspeito
362,204442,Gurgel,PL,RJ,Viagens,Passagem Aérea - Reembolso,0,Sem indício cadastral crítico,FOUND,ATIVA,1,1,2435.20,9840.865893,10669.362639943789,-0.6941,Comportamento esperado
345,220526,Gilvan Da Federal,PL,ES,Alimentação,Fornecimento De Alimentação Do Parlamentar,0,Sem indício cadastral crítico,FOUND,ATIVA,2,6,156.74,117.735000,55.161400000362576,0.7071,Comportamento esperado
588,178985,Miguel Lombardi,PL,SP,Outros,Manutenção De Escritório De Apoio À Atividade Parlamentar,1,Situação cadastral não ativa: BAIXADA,FOUND,BAIXADA,1,1,63.20,98538.487659,143509.98800071477,-0.6862,Fornecedor com CNPJ suspeito
589,171786,Miguel Ângelo,PT,MG,Outros,"Serviço De Táxi, Pedágio E Estacionamento",1,Situação cadastral não ativa: INAPTA,FOUND,INAPTA,1,1,24.00,5572.245385,10370.293242628488,-0.535,Fornecedor com CNPJ suspeito
59,204515,André Janones,REDE,MG,Comunicação,Telefonia,0,Sem indício cadastral crítico,FOUND,ATIVA,3,32,8598.92,15607.667083,19082.29985422686,-0.3673,Comportamento esperado
615,146307,Neri Geller,PP,MT,Outros,"Serviço De Táxi, Pedágio E Estacionamento",0,Sem indício cadastral crítico,FOUND,ATIVA,1,12,1061.40,3540.579286,11648.42981256765,-0.2128,Comportamento esperado
398,220670,Iza Arruda,MDB,PE,Combustível,Combustíveis E Lubrificantes.,1,Situação cadastral não ativa: BAIXADA,FOUND,BAIXADA,3,3,649.59,53506.291935,82942.380015203,-0.6373,Fornecedor com CNPJ suspeito
589,171786,Miguel Ângelo,PT,MG,Outros,Serviço De Segurança Prestado Por Empresa Especializada.,0,Sem indício cadastral crítico,FOUND,ATIVA,1,5,2984.20,6910.803333,5568.322882362166,-0.7052,Comportamento esperado
258,154919,Eleuses Paiva,PSD,SP,Viagens,Passagem Aérea - Reembolso,0,Sem indício cadastral crítico,FOUND,ATIVA,1,1,3095.71,9758.571000,11443.414965885137,-0.5822,Comportamento esperado
519,178866,Luizianne Lins,REDE,CE,Publicidade,Assinatura De Publicações,0,Sem indício cadastral crítico,FOUND,ATIVA,1,4,12554.80,3249.055000,4250.208219057374,2.1895,Possível anomalia financeira
883,123086,Átila Lira,PP,PI,Hotéis,"Hospedagem ,exceto Do Parlamentar No Distrito Federal.",1,Erro na consulta pública de CNPJ,ERROR,,1,1,1586.65,7549.470769,12134.625273294365,-0.4914,Fornecedor com CNPJ suspeito
677,220667,Pedro Campos,PSB,PE,Viagens,Passagem Aérea - Reembolso,0,Sem indício cadastral crítico,FOUND,ATIVA,1,1,2992.90,7471.163333,10016.291980131698,-0.4471,Comportamento esperado
587,178984,Miguel Haddad,PSDB,SP,Publicidade,Divulgação Da Atividade Parlamentar.,1,Situação cadastral não ativa: BAIXADA,FOUND,BAIXADA,1,4,50500.00,243741.226243,313657.1515008437,-0.6161,Fornecedor com CNPJ suspeito
178,220557,Daniela Reinehr,PL,SC,Outros,Manutenção De Escritório De Apoio À Atividade Parlamentar,1,Situação cadastral não ativa: BAIXADA,FOUND,BAIXADA,1,1,1626.70,70964.571200,106769.4367602354,-0.6494,Fornecedor com CNPJ suspeito
499,178954,Lucio Mosquini,PL,RO,Locomoção,Locação Ou Fretamento De Aeronaves,0,Sem indício cadastral crítico,FOUND,ATIVA,1,2,39600.00,66633.333333,53674.862210659965,-0.5036,Comportamento esperado
36,74057,Alice Portugal,PCDOB,BA,Outros,"Passagens Terrestres, Marítimas Ou Fluviais",0,Sem indício cadastral crítico,FOUND,ATIVA,1,4,487.49,3634.349545,9001.916528866017,-0.3496,Comportamento esperado
747,204366,Rodrigo Coelho,PODE,SC,Combustível,Combustíveis E Lubrificantes.,1,Situação cadastral não ativa: BAIXADA,FOUND,BAIXADA,1,5,895.56,63943.250339,85631.6159933909,-0.7363,Fornecedor com CNPJ suspeito
737,178920,Ricardo Teobaldo,PODE,PE,Viagens,Passagem Aérea - Rpa,0,Sem indício cadastral crítico,FOUND,ATIVA,1,1,2970.02,15238.795000,22485.76149111043,-0.5456,Comportamento esperado
434,74366,João Campos,REPUBLICANOS,GO,Outros,Manutenção De Escritório De Apoio À Atividade Parlamentar,1,Situação cadastral não ativa: BAIXADA,FOUND,BAIXADA,1,1,180.00,100447.486545,162486.21407041358,-0.6171,Fornecedor com CNPJ suspeito
851,204483,Vilson Da Fetaemg,PSB,MG,Combustível,Combustíveis E Lubrificantes.,1,Situação cadastral não ativa: BAIXADA,FOUND,BAIXADA,1,1,195.01,65306.104375,92314.0005265802,-0.7053,Fornecedor com CNPJ suspeito
580,75431,Maurício Dziedricki,PODE,RS,Outros,Manutenção De Escritório De Apoio À Atividade Parlamentar,1,Situação cadastral não ativa: BAIXADA,FOUND,BAIXADA,1,1,34.99,109428.142500,149558.61424927576,-0.7314,Fornecedor com CNPJ suspeito
86,220683,Beto Richa,PSDB,PR,Hotéis,"Hospedagem ,exceto Do Parlamentar No Distrito Federal.",1,Situação cadastral não ativa: INAPTA,FOUND,INAPTA,1,4,709.10,18419.328649,34024.43115299299,-0.5205,Fornecedor com CNPJ suspeito
782,219599,Sargento Alexandre,PODE,SP,Outros,Manutenção De Escritório De Apoio À Atividade Parlamentar,0,Sem indício cadastral crítico,FOUND,ATIVA,2,4,10750.30,98538.487659,143509.98800071477,-0.6117,Comportamento esperado
516,162332,Luiz Nishimori,PSD,PR,Outros,Manutenção De Escritório De Apoio À Atividade Parlamentar,1,Situação cadastral não ativa: BAIXADA,FOUND,BAIXADA,1,5,2485.00,86193.122500,116860.66498214444,-0.7163,Fornecedor com CNPJ suspeito
464,151208,Laercio Oliveira,PP,SE,Serviços profissionais,"Consultorias, Pesquisas E Trabalhos Técnicos.",1,Situação cadastral não ativa: INAPTA,FOUND,INAPTA,1,12,13200.00,82649.800000,100296.5049865647,-0.6924,Fornecedor com CNPJ suspeito
499,178954,Lucio Mosquini,MDB,RO,Locomoção,Locação Ou Fretamento De Aeronaves,0,Sem indício cadastral crítico,FOUND,ATIVA,1,2,31850.00,66633.333333,53674.862210659965,-0.648,Comportamento esperado
72,160600,Arthur Oliveira Maia,UNIÃO,BA,Outros,Manutenção De Escritório De Apoio À Atividade Parlamentar,1,Situação cadastral não ativa: BAIXADA,FOUND,BAIXADA,1,1,446.10,98257.521290,134321.8726415135,-0.7282,Fornecedor com CNPJ suspeito
152,220590,Coronel Ulysses,UNIÃO,AC,Locomoção,Locação Ou Fretamento De Aeronaves,0,Sem indício cadastral crítico,FOUND,ATIVA,2,6,103725.00,67020.555556,82206.99971886686,0.4465,Comportamento esperado
295,227370,Felipe Saliba,PRD,MG,Hotéis,"Hospedagem ,exceto Do Parlamentar No Distrito Federal.",0,Sem indício cadastral crítico,FOUND,ATIVA,1,1,257.01,17018.453084,26330.369533202334,-0.6366,Comportamento esperado
774,73604,Rui Falcão,PT,SP,Viagens,Passagem Aérea - Rpa,0,Sem indício cadastral crítico,FOUND,ATIVA,2,2,873.48,24943.515352,36157.13967829913,-0.6657,Comportamento esperado
323,160587,Fábio Trad,PSD,MS,Outros,Manutenção De Escritório De Apoio À Atividade Parlamentar,0,Sem indício cadastral crítico,FOUND,ATIVA,3,14,40438.59,74966.746667,80602.5088063342,-0.4284,Comportamento esperado
682,204395,Pedro Lupion,PP,PR,Locomoção,Locação Ou Fretamento De Veículos Automotores,1,Situação cadastral não ativa: BAIXADA,FOUND,BAIXADA,1,5,3042.14,113439.957419,130977.93601797776,-0.8429,Fornecedor com CNPJ suspeito
58,178882,André Fufuca,PP,MA,Publicidade,Divulgação Da Atividade Parlamentar.,0,Sem indício cadastral crítico,FOUND,ATIVA,2,6,35019.40,299945.123175,386285.4495039867,-0.6858,Comportamento esperado
388,204533,Idilvan Alencar,PSB,CE,Hotéis,"Hospedagem ,exceto Do Parlamentar No Distrito Federal.",0,Sem indício cadastral crítico,FOUND,ATIVA,9,22,21540.44,14861.399063,17345.750222182687,0.3851,Comportamento esperado
184,204511,David Soares,UNIÃO,SP,Locomoção,Locação Ou Fretamento De Veículos Automotores,1,Situação cadastral não ativa: BAIXADA,FOUND,BAIXADA,1,1,6595.02,147254.510948,139673.23431152088,-1.0071,Fornecedor com CNPJ suspeito
790,178933,Sergio Souza,MDB,PR,Alimentação,Fornecimento De Alimentação Do Parlamentar,1,Erro na consulta pública de CNPJ,ERROR,,1,1,503.26,4173.948542,8441.04850518495,-0.4349,Fornecedor com CNPJ suspeito
542,160161,Marcelo Queiroz,PSDB,RJ,Comunicação,Telefonia,0,Sem indício cadastral crítico,FOUND,ATIVA,1,4,1235.96,11897.719661,18918.17939394703,-0.5636,Comportamento esperado
549,219585,Marco Brasil,PP,PR,Combustível,Combustíveis E Lubrificantes.,1,Situação cadastral não ativa: BAIXADA,FOUND,BAIXADA,3,3,868.00,57944.345500,82353.4495793919,-0.6931,Fornecedor com CNPJ suspeito
322,220653,Fábio Teruel,MDB,SP,Alimentação,Fornecimento De Alimentação Do Parlamentar,1,Situação cadastral não ativa: INAPTA,FOUND,INAPTA,1,1,93.00,3366.001170,5609.697337170304,-0.5835,Fornecedor com CNPJ suspeito
210,73768,Dilceu Sperafico,PP,PR,Hotéis,"Hospedagem ,exceto Do Parlamentar No Distrito Federal.",1,Erro na consulta pública de CNPJ,ERROR,,1,1,1330.17,18419.328649,34024.43115299299,-0.5023,Fornecedor com CNPJ suspeito
262,204389,Elias Vaz,PSB,GO,Hotéis,"Hospedagem ,exceto Do Parlamentar No Distrito Federal.",0,Sem indício cadastral crítico,FOUND,ATIVA,7,7,1096.00,7024.380500,8737.204954294128,-0.6785,Comportamento esperado
236,220674,Dra. Alessandra Haber,PODE,PA,Locomoção,Locação Ou Fretamento De Aeronaves,0,Sem indício cadastral crítico,FOUND,ATIVA,5,6,210000.00,174153.634444,279835.95128643257,0.1281,Comportamento esperado
808,92776,Stefano Aguiar,PSD,MG,Locomoção,Locação Ou Fretamento De Veículos Automotores,1,Situação cadastral não ativa: BAIXADA,FOUND,BAIXADA,1,1,6464.42,199358.988889,190617.58878325575,-1.0119,Fornecedor com CNPJ suspeito
293,204398,Felipe Francischini,UNIÃO,PR,Outros,Manutenção De Escritório De Apoio À Atividade Parlamentar,0,Documento não consultado por não ser CNPJ,NOT_APPLICABLE,,1,12,84000.00,86193.122500,116860.66498214444,-0.0188,Comportamento esperado
637,141515,Otavio Leite,PSDB,RJ,Serviços profissionais,"Consultorias, Pesquisas E Trabalhos Técnicos.",0,Sem indício cadastral crítico,FOUND,ATIVA,1,1,7000.00,51555.638000,51954.41216850247,-0.8576,Comportamento esperado
871,160592,Zeca Dirceu,PT,PR,Outros,"Serviço De Táxi, Pedágio E Estacionamento",1,Situação cadastral não ativa: BAIXADA,FOUND,BAIXADA,1,1,19.77,5713.999474,13397.131596894355,-0.425,Fornecedor com CNPJ suspeito
4,204379,Acácio Favacho,MDB,AP,Locomoção,Locação Ou Fretamento De Aeronaves,0,Sem indício cadastral crítico,FOUND,ATIVA,1,1,20000.00,20750.000000,1060.6601717798212,-0.7071,Comportamento esperado
228,220570,Dr. Ismael Alexandrino,PSD,GO,Publicidade,Divulgação Da Atividade Parlamentar.,1,Situação cadastral não ativa: BAIXADA,FOUND,BAIXADA,1,3,13836.75,294423.402917,352090.0693215526,-0.7969,Fornecedor com CNPJ suspeito
348,178996,Giovani Feltes,MDB,RS,Alimentação,Fornecimento De Alimentação Do Parlamentar,1,Situação cadastral não ativa: BAIXADA,FOUND,BAIXADA,2,2,84.75,7368.085075,13657.337051272762,-0.5333,Fornecedor com CNPJ suspeito
814,204534,Tabata Amaral,PSB,SP,Locomoção,Locação Ou Fretamento De Veículos Automotores,1,Situação cadastral não ativa: BAIXADA,FOUND,BAIXADA,2,2,2935.43,147254.510948,139673.23431152088,-1.0333,Fornecedor com CNPJ suspeito
502,204381,Luis Miranda,REPUBLICANOS,DF,Viagens,Passagem Aérea - Rpa,0,Sem indício cadastral crítico,FOUND,ATIVA,1,5,5944.29,21302.210000,21719.378753841003,-0.7071,Comportamento esperado
821,206231,Ted Conti,PSB,ES,Locomoção,Locação Ou Fretamento De Veículos Automotores,0,Sem indício cadastral crítico,FOUND,ATIVA,1,3,13800.00,171214.090476,129265.73835992759,-1.2178,Comportamento esperado
718,205865,Reinhold Stephanes,PL,PR,Viagens,Passagem Aérea - Reembolso,0,Sem indício cadastral crítico,FOUND,ATIVA,1,1,3816.95,17801.644063,39455.64199846602,-0.3544,Comportamento esperado
529,204458,Major Fabiana,PL,RJ,Hotéis,"Hospedagem ,exceto Do Parlamentar No Distrito Federal.",0,Sem indício cadastral crítico,FOUND,ATIVA,5,6,2093.78,13016.628636,21468.959145470457,-0.5088,Comportamento esperado
201,164359,Delegado Waldir,UNIÃO,GO,Serviços profissionais,"Consultorias, Pesquisas E Trabalhos Técnicos.",1,Situação cadastral não ativa: BAIXADA,FOUND,BAIXADA,1,3,54000.00,99247.891538,60067.72576039702,-0.7533,Fornecedor com CNPJ suspeito
338,204394,Gervásio Maia,PSB,PB,Viagens,Passagem Aérea - Reembolso,0,Sem indício cadastral crítico,FOUND,ATIVA,2,2,4207.35,14118.253125,32577.997530279183,-0.3042,Comportamento esperado
214,143632,Domingos Neto,PSD,CE,Publicidade,Divulgação Da Atividade Parlamentar.,1,Situação cadastral não ativa: BAIXADA,FOUND,BAIXADA,2,9,69600.00,263931.285395,366906.3702021798,-0.5296,Fornecedor com CNPJ suspeito
878,160632,Zé Silva,UNIÃO,MG,Combustível,Combustíveis E Lubrificantes.,1,Situação cadastral não ativa: BAIXADA,FOUND,BAIXADA,2,3,4254.05,65306.104375,92314.0005265802,-0.6614,Fornecedor com CNPJ suspeito
204,204542,Denis Bezerra,PSB,CE,Viagens,Passagem Aérea - Rpa,0,Sem indício cadastral crítico,FOUND,ATIVA,1,1,974.18,32586.001200,51600.505956913454,-0.6126,Comportamento esperado
843,234673,Vanderlan Alves,SOLIDARIEDADE,CE,Outros,Manutenção De Escritório De Apoio À Atividade Parlamentar,0,Sem indício cadastral crítico,FOUND,ATIVA,1,1,272.60,68348.775082,105244.60317209057,-0.6468,Comportamento esperado
568,204566,Marreca Filho,PATRIOTA,MA,Combustível,Combustíveis E Lubrificantes.,1,Situação cadastral não ativa: SUSPENSA,FOUND,SUSPENSA,1,1,420.02,34895.172615,52384.05405357016,-0.6581,Fornecedor com CNPJ suspeito
500,229082,Lucyana Genésio,PDT,MA,Outros,"Passagens Terrestres, Marítimas Ou Fluviais",0,Sem indício cadastral crítico,FOUND,ATIVA,4,10,1907.00,2098.127143,3387.0696388112747,-0.0564,Comportamento esperado
417,214694,Jorge Goetten,REPUBLICANOS,SC,Hotéis,"Hospedagem ,exceto Do Parlamentar No Distrito Federal.",1,Situação cadastral não ativa: BAIXADA,FOUND,BAIXADA,1,1,198.00,36695.958649,43528.74004922331,-0.8385,Fornecedor com CNPJ suspeito
119,74262,Carlos Sampaio,PSDB,SP,Viagens,Passagem Aérea - Reembolso,0,Sem indício cadastral crítico,FOUND,ATIVA,1,1,991.10,9758.571000,11443.414965885137,-0.7662,Comportamento esperado
222,221339,Dr. Benjamim,UNIÃO,MA,Outros,Manutenção De Escritório De Apoio À Atividade Parlamentar,0,Sem indício cadastral crítico,FOUND,ATIVA,1,6,4440.00,64195.130784,109861.24089764054,-0.5439,Comportamento esperado
28,204544,Alexandre Frota,PROS,SP,Hotéis,"Hospedagem ,exceto Do Parlamentar No Distrito Federal.",0,Sem indício cadastral crítico,FOUND,ATIVA,1,1,153.47,10014.789189,11435.329101648113,-0.8624,Comportamento esperado
560,74398,Maria Do Rosário,PT,RS,Serviços profissionais,"Consultorias, Pesquisas E Trabalhos Técnicos.",1,Situação cadastral não ativa: BAIXADA,FOUND,BAIXADA,2,5,13500.00,39996.666667,35707.577110401064,-0.742,Fornecedor com CNPJ suspeito
257,74075,Elcione Barbalho,MDB,PA,Alimentação,Fornecimento De Alimentação Do Parlamentar,1,Situação cadastral não ativa: BAIXADA,FOUND,BAIXADA,3,7,491.94,3234.680000,6858.9099531514485,-0.3999,Fornecedor com CNPJ suspeito
507,141485,Luiz Carlos Busato,UNIÃO,RS,Combustível,Combustíveis E Lubrificantes.,1,Situação cadastral não ativa: BAIXADA,FOUND,BAIXADA,2,5,1564.37,60520.148547,97388.05968907535,-0.6054,Fornecedor com CNPJ suspeito
833,220684,Tião Medeiros,PP,PR,Locomoção,Locação Ou Fretamento De Veículos Automotores,1,Situação cadastral não ativa: BAIXADA,FOUND,BAIXADA,1,22,108000.00,113439.957419,130977.93601797776,-0.0415,Fornecedor com CNPJ suspeito
725,175765,Ribamar Silva,PODE,SP,Viagens,Passagem Aérea - Reembolso,0,Sem indício cadastral crítico,FOUND,ATIVA,1,1,3684.62,9758.571000,11443.414965885137,-0.5308,Comportamento esperado
433,74554,José Rocha,UNIÃO,BA,Publicidade,Divulgação Da Atividade Parlamentar.,1,Situação cadastral não ativa: BAIXADA,FOUND,BAIXADA,1,10,70000.00,317318.910361,328157.1355142384,-0.7537,Fornecedor com CNPJ suspeito
604,160542,Márcio Macêdo,PT,SE,Locomoção,Locação Ou Fretamento De Veículos Automotores,0,Sem indício cadastral crítico,FOUND,ATIVA,1,7,41536.67,212589.297222,162975.5333971958,-1.0496,Comportamento esperado
418,178857,Jorge Solla,PT,BA,Outros,"Passagens Terrestres, Marítimas Ou Fluviais",1,Situação cadastral não ativa: INAPTA,FOUND,INAPTA,1,1,144.20,3634.349545,9001.916528866017,-0.3877,Fornecedor com CNPJ suspeito
875,178889,Zé Carlos,PT,MA,Outros,"Serviço De Táxi, Pedágio E Estacionamento",1,Situação cadastral não ativa: INAPTA,FOUND,INAPTA,1,1,20.00,3095.474615,4475.3830763031065,-0.6872,Fornecedor com CNPJ suspeito
253,178977,Eduardo Cury,PSDB,SP,Publicidade,Divulgação Da Atividade Parlamentar.,0,Sem indício cadastral crítico,FOUND,ATIVA,1,5,4067.66,243741.226243,313657.1515008437,-0.7641,Comportamento esperado
471,204375,Leda Sadala,PP,AP,Outros,Manutenção De Escritório De Apoio À Atividade Parlamentar,0,Sem indício cadastral crítico,FOUND,ATIVA,1,2,1369.00,30123.933200,30290.240248736845,-0.9493,Comportamento esperado
485,196358,Lourival Gomes,PP,RJ,Publicidade,Divulgação Da Atividade Parlamentar.,1,Situação cadastral não ativa: BAIXADA,FOUND,BAIXADA,1,4,18000.00,226781.355120,259582.44863584734,-0.8043,Fornecedor com CNPJ suspeito
221,213854,Dr. Agripino Magalhães,UNIÃO,CE,Outros,Manutenção De Escritório De Apoio À Atividade Parlamentar,0,Sem indício cadastral crítico,FOUND,ATIVA,1,1,121.00,68348.775082,105244.60317209057,-0.6483,Comportamento esperado
32,204503,Alexandre Padilha,PT,SP,Alimentação,Fornecimento De Alimentação Do Parlamentar,1,Situação cadastral não ativa: BAIXADA,FOUND,BAIXADA,2,2,69.11,3366.001170,5609.697337170304,-0.5877,Fornecedor com CNPJ suspeito
850,178888,Victor Mendes,MDB,MA,Combustível,Combustíveis E Lubrificantes.,1,Situação cadastral não ativa: BAIXADA,FOUND,BAIXADA,5,8,1985.54,34895.172615,52384.05405357016,-0.6282,Fornecedor com CNPJ suspeito
634,73463,Osmar Serraglio,PP,PR,Alimentação,Fornecimento De Alimentação Do Parlamentar,1,Situação cadastral não ativa: BAIXADA,FOUND,BAIXADA,4,5,219.29,4173.948542,8441.04850518495,-0.4685,Fornecedor com CNPJ suspeito
170,74060,Daniel Almeida,PCDOB,BA,Outros,Manutenção De Escritório De Apoio À Atividade Parlamentar,1,Situação cadastral não ativa: BAIXADA,FOUND,BAIXADA,2,3,549.52,98257.521290,134321.8726415135,-0.7274,Fornecedor com CNPJ suspeito
887,,,,NA,Serviços profissionais,"Consultorias, Pesquisas E Trabalhos Técnicos.",1,Situação cadastral não ativa: BAIXADA,FOUND,BAIXADA,1,1,315.60,12966.386667,11624.099921008938,-1.0883,Fornecedor com CNPJ suspeito
556,178943,Marcos Soares,UNIÃO,RJ,Publicidade,Divulgação Da Atividade Parlamentar.,0,Sem indício cadastral crítico,FOUND,ATIVA,3,9,32169.69,226781.355120,259582.44863584734,-0.7497,Comportamento esperado
36,74057,Alice Portugal,PCDOB,BA,Combustível,Combustíveis E Lubrificantes.,1,Situação cadastral não ativa: BAIXADA,FOUND,BAIXADA,4,5,1253.08,76280.976842,110667.4963849575,-0.678,Fornecedor com CNPJ suspeito
875,178889,Zé Carlos,PT,MA,Outros,Serviço De Segurança Prestado Por Empresa Especializada.,0,Sem indício cadastral crítico,FOUND,ATIVA,1,12,6668.00,53298.125000,58691.938342592795,-0.7945,Comportamento esperado
597,220584,Murilo Galdino,REPUBLICANOS,PB,Alimentação,Fornecimento De Alimentação Do Parlamentar,0,Sem indício cadastral crítico,FOUND,ATIVA,2,10,831.79,1884.650000,4639.955468391323,-0.2269,Comportamento esperado
900,,,,NA,Outros,Manutenção De Escritório De Apoio À Atividade Parlamentar,1,Situação cadastral não ativa: BAIXADA,FOUND,BAIXADA,1,1,111.80,15500.143182,23430.81961523477,-0.6568,Fornecedor com CNPJ suspeito
455,74317,Júlio Cesar,PSD,PI,Viagens,Passagem Aérea - Reembolso,0,Sem indício cadastral crítico,FOUND,ATIVA,1,1,2966.85,2975.296000,1532.0079186577332,-0.0055,Comportamento esperado
891,,,,NA,Publicidade,Divulgação Da Atividade Parlamentar.,1,Situação cadastral não ativa: BAIXADA,FOUND,BAIXADA,1,1,839.03,50979.424375,81608.46012151951,-0.6144,Fornecedor com CNPJ suspeito
464,151208,Laercio Oliveira,PP,SE,Locomoção,Locação Ou Fretamento De Veículos Automotores,0,Sem indício cadastral crítico,FOUND,ATIVA,2,9,100571.27,212589.297222,162975.5333971958,-0.6873,Comportamento esperado
658,178860,Paulo Azi,UNIÃO,BA,Serviços profissionais,"Consultorias, Pesquisas E Trabalhos Técnicos.",0,Sem indício cadastral crítico,FOUND,ATIVA,1,10,120000.00,64386.903226,47821.13506693795,1.1629,Comportamento esperado
835,157130,Túlio Gadêlha,PSD,PE,Viagens,Passagem Aérea - Rpa,0,Sem indício cadastral crítico,FOUND,ATIVA,2,3,9560.58,15238.795000,22485.76149111043,-0.2525,Comportamento esperado
95,204551,Bosco Saraiva,SOLIDARIEDADE,AM,Serviços profissionais,"Consultorias, Pesquisas E Trabalhos Técnicos.",1,Situação cadastral não ativa: BAIXADA,FOUND,BAIXADA,1,1,15000.00,49181.950000,43491.54703575003,-0.7859,Fornecedor com CNPJ suspeito
507,141485,Luiz Carlos Busato,UNIÃO,RS,Viagens,Passagem Aérea - Rpa,0,Sem indício cadastral crítico,FOUND,ATIVA,1,1,2880.00,23263.014545,27193.710295909314,-0.7495,Comportamento esperado
705,204467,Professora Rosa Neide,PT,MT,Outros,Serviços Postais,0,Sem indício cadastral crítico,FOUND,ATIVA,1,1,35.00,523.455000,916.2006105469843,-0.5331,Comportamento esperado
493,220581,Luciano Amaral,PSD,AL,Combustível,Combustíveis E Lubrificantes.,1,CNPJ não encontrado na API pública,NOT_FOUND,,2,2,400.00,41184.340741,54405.12179897842,-0.7496,Fornecedor com CNPJ suspeito
19,74696,Alberto Mourão,MDB,SP,Viagens,Passagem Aérea - Reembolso,0,Sem indício cadastral crítico,FOUND,ATIVA,1,1,2111.93,9758.571000,11443.414965885137,-0.6682,Comportamento esperado
11,160508,Afonso Florence,PT,BA,Locomoção,Locação Ou Fretamento De Veículos Automotores,1,Situação cadastral não ativa: BAIXADA,FOUND,BAIXADA,1,7,9716.34,292409.611930,213979.496522466,-1.3211,Fornecedor com CNPJ suspeito
242,220540,Duda Ramos,PODE,RR,Publicidade,Divulgação Da Atividade Parlamentar.,1,Situação cadastral não ativa: BAIXADA,FOUND,BAIXADA,3,8,12200.00,302008.159333,364968.0243701814,-0.7941,Fornecedor com CNPJ suspeito
493,220581,Luciano Amaral,PSD,AL,Outros,"Participação Em Curso, Palestra Ou Evento Similar",0,Sem indício cadastral crítico,FOUND,ATIVA,1,1,3600.00,3600.000000,,,Comportamento esperado
11,160508,Afonso Florence,PT,BA,Combustível,Combustíveis E Lubrificantes.,1,Situação cadastral não ativa: BAIXADA,FOUND,BAIXADA,2,4,930.19,76280.976842,110667.4963849575,-0.6809,Fornecedor com CNPJ suspeito
26,204571,Alex Santana,REPUBLICANOS,BA,Serviços profissionais,"Consultorias, Pesquisas E Trabalhos Técnicos.",1,Situação cadastral não ativa: BAIXADA,FOUND,BAIXADA,1,13,60520.00,64386.903226,47821.13506693795,-0.0809,Fornecedor com CNPJ suspeito
4,204379,Acácio Favacho,MDB,AP,Viagens,Passagem Aérea - Reembolso,0,Sem indício cadastral crítico,FOUND,ATIVA,2,4,6986.16,8586.811250,7146.613846186054,-0.224,Comportamento esperado
743,220624,Robinson Faria,PP,RN,Hotéis,"Hospedagem ,exceto Do Parlamentar No Distrito Federal.",0,Sem indício cadastral crítico,FOUND,ATIVA,2,2,4286.83,10401.272857,14188.915930464025,-0.4309,Comportamento esperado
110,204487,Capitão Wagner,UNIÃO,CE,Serviços profissionais,"Consultorias, Pesquisas E Trabalhos Técnicos.",0,Sem indício cadastral crítico,FOUND,ATIVA,2,2,52700.00,67459.660000,60466.2251856053,-0.2441,Comportamento esperado
679,217330,Pedro Dalua,PSC,AP,Publicidade,Divulgação Da Atividade Parlamentar.,0,Sem indício cadastral crítico,FOUND,ATIVA,3,3,26776.00,282209.245429,388109.6753004129,-0.6581,Comportamento esperado
732,204362,Ricardo Guidi,PSD,SC,Outros,"Serviço De Táxi, Pedágio E Estacionamento",0,Documento não consultado por não ser CNPJ,NOT_APPLICABLE,,1,1,33.00,2658.067742,3431.982973130558,-0.7649,Comportamento esperado
588,178985,Miguel Lombardi,PL,SP,Outros,Serviços Postais,0,Sem indício cadastral crítico,FOUND,ATIVA,1,7,243.16,1015.584878,1403.5425598127083,-0.5503,Comportamento esperado
90,204388,Bibo Nunes,PL,RS,Combustível,Combustíveis E Lubrificantes.,1,Situação cadastral não ativa: INAPTA,FOUND,INAPTA,2,4,837.33,60520.148547,97388.05968907535,-0.6128,Fornecedor com CNPJ suspeito
536,204433,Marcelo Calero,PSD,RJ,Viagens,Passagem Aérea - Reembolso,1,Erro na consulta pública de CNPJ,ERROR,,1,1,12832.60,9840.865893,10669.362639943789,0.2804,Fornecedor com CNPJ suspeito
345,220526,Gilvan Da Federal,PL,ES,Hotéis,"Hospedagem ,exceto Do Parlamentar No Distrito Federal.",1,Situação cadastral não ativa: BAIXADA,FOUND,BAIXADA,1,1,260.00,14136.593684,23816.6886480095,-0.5826,Fornecedor com CNPJ suspeito
347,160673,Giovani Cherini,PL,RS,Outros,"Serviço De Táxi, Pedágio E Estacionamento",1,Situação cadastral não ativa: BAIXADA,FOUND,BAIXADA,1,1,33.72,10192.084923,16137.89190584743,-0.6295,Fornecedor com CNPJ suspeito
169,220571,Daniel Agrobom,PSD,GO,Combustível,Combustíveis E Lubrificantes.,1,Situação cadastral não ativa: SUSPENSA,FOUND,SUSPENSA,1,1,243.02,65044.277593,95738.05404592726,-0.6769,Fornecedor com CNPJ suspeito
291,220646,Felipe Becari,PODE,SP,Viagens,Passagem Aérea - Reembolso,0,Sem indício cadastral crítico,FOUND,ATIVA,1,1,5651.62,9758.571000,11443.414965885137,-0.3589,Comportamento esperado
553,204011,Marcos Pacco,PODE,DF,Locomoção,Locação Ou Fretamento De Veículos Automotores,1,Situação cadastral não ativa: BAIXADA,FOUND,BAIXADA,1,1,3676.73,118149.428125,89877.33858167462,-1.2737,Fornecedor com CNPJ suspeito
545,179000,Marcelo Álvaro Antônio,PL,MG,Serviços profissionais,"Consultorias, Pesquisas E Trabalhos Técnicos.",1,Situação cadastral não ativa: BAIXADA,FOUND,BAIXADA,1,6,29100.00,50370.301935,57079.85828457048,-0.3726,Fornecedor com CNPJ suspeito
257,74075,Elcione Barbalho,MDB,PA,Serviços profissionais,"Consultorias, Pesquisas E Trabalhos Técnicos.",0,Sem indício cadastral crítico,FOUND,ATIVA,1,6,3480.00,71687.224615,51239.3397316542,-1.3311,Comportamento esperado
544,118594,Marcelo Squassoni,REPUBLICANOS,SP,Outros,Manutenção De Escritório De Apoio À Atividade Parlamentar,0,Sem indício cadastral crítico,FOUND,ATIVA,3,7,3950.50,98538.487659,143509.98800071477,-0.6591,Comportamento esperado
410,214865,Joceval Rodrigues,CIDADANIA,BA,Locomoção,Locação Ou Fretamento De Veículos Automotores,0,Sem indício cadastral crítico,FOUND,ATIVA,1,4,45000.00,292409.611930,213979.496522466,-1.1562,Comportamento esperado
689,161440,Pezenti,MDB,SC,Comunicação,Telefonia,0,Sem indício cadastral crítico,FOUND,ATIVA,1,6,3456.00,7776.667391,7284.093764458291,-0.5932,Comportamento esperado
521,220669,Lula Da Fonte,PP,PE,Viagens,Passagem Aérea - Reembolso,1,Erro na consulta pública de CNPJ,ERROR,,1,1,3643.54,7471.163333,10016.291980131698,-0.3821,Fornecedor com CNPJ suspeito
212,160599,Dimas Fabiano,PP,MG,Outros,Aquisição De Tokens E Certificados Digitais,0,Sem indício cadastral crítico,FOUND,ATIVA,1,2,143.00,251.133000,157.05814479216147,-0.6885,Comportamento esperado
107,178829,Capitão Augusto,PL,SP,Combustível,Combustíveis E Lubrificantes.,1,CNPJ não encontrado na API pública,NOT_FOUND,,1,1,100.00,42192.750821,64034.19773844777,-0.6573,Fornecedor com CNPJ suspeito
808,92776,Stefano Aguiar,PSD,MG,Hotéis,"Hospedagem ,exceto Do Parlamentar No Distrito Federal.",1,Erro na consulta pública de CNPJ,ERROR,,1,1,19069.40,17018.453084,26330.369533202334,0.0779,Fornecedor com CNPJ suspeito
274,204537,Enrico Misasi,MDB,SP,Outros,Manutenção De Escritório De Apoio À Atividade Parlamentar,1,Situação cadastral não ativa: BAIXADA,FOUND,BAIXADA,1,3,937.30,98538.487659,143509.98800071477,-0.6801,Fornecedor com CNPJ suspeito
195,204512,Delegado Marcelo Freitas,UNIÃO,MG,Outros,Serviços Postais,0,Sem indício cadastral crítico,FOUND,ATIVA,3,6,15112.50,2049.065200,4121.470694655126,3.1696,Anomalia financeira extrema
396,73531,Ivan Valente,PSOL,SP,Serviços profissionais,"Consultorias, Pesquisas E Trabalhos Técnicos.",0,Sem indício cadastral crítico,FOUND,ATIVA,1,1,16000.00,42478.291429,47664.49520078613,-0.5555,Comportamento esperado
141,74537,Claudio Cajado,PP,BA,Alimentação,Fornecimento De Alimentação Do Parlamentar,1,Situação cadastral não ativa: SUSPENSA,FOUND,SUSPENSA,1,1,21.00,5334.958511,10548.888785765435,-0.5037,Fornecedor com CNPJ suspeito
403,220567,Jeferson Rodrigues,PSDB,GO,Viagens,Passagem Aérea - Rpa,0,Sem indício cadastral crítico,FOUND,ATIVA,1,2,315.00,7640.432500,13977.443613177566,-0.5241,Comportamento esperado
291,220646,Felipe Becari,PODE,SP,Combustível,Combustíveis E Lubrificantes.,1,CNPJ não encontrado na API pública,NOT_FOUND,,1,1,100.00,42192.750821,64034.19773844777,-0.6573,Fornecedor com CNPJ suspeito
756,204480,Rogério Correia,PT,MG,Viagens,Passagem Aérea - Rpa,0,Sem indício cadastral crítico,FOUND,ATIVA,1,5,5761.22,40253.940526,63478.97879162227,-0.5434,Comportamento esperado
350,152605,Glauber Braga,PSOL,RJ,Comunicação,Telefonia,1,Situação cadastral não ativa: BAIXADA,FOUND,BAIXADA,1,2,209.97,11897.719661,18918.17939394703,-0.6178,Fornecedor com CNPJ suspeito
659,204538,Paulo Bengtson,PTB,PA,Comunicação,Telefonia,1,Situação cadastral não ativa: BAIXADA,FOUND,BAIXADA,1,1,91.47,14410.800000,15329.862478744984,-0.9341,Fornecedor com CNPJ suspeito
353,229333,Gláucia Santiago,PL,MG,Hotéis,"Hospedagem ,exceto Do Parlamentar No Distrito Federal.",0,Sem indício cadastral crítico,FOUND,ATIVA,1,2,540.00,17018.453084,26330.369533202334,-0.6258,Comportamento esperado
532,220648,Marangoni,PODE,SP,Viagens,Passagem Aérea - Reembolso,0,Sem indício cadastral crítico,FOUND,ATIVA,2,2,4100.53,9758.571000,11443.414965885137,-0.4944,Comportamento esperado
223,220614,Dr. Daniel Soranz,PSD,RJ,Publicidade,Divulgação Da Atividade Parlamentar.,1,Situação cadastral não ativa: BAIXADA,FOUND,BAIXADA,1,1,2000.00,226781.355120,259582.44863584734,-0.8659,Fornecedor com CNPJ suspeito
673,171617,Paulão,PT,AL,Serviços profissionais,"Consultorias, Pesquisas E Trabalhos Técnicos.",0,Sem indício cadastral crítico,FOUND,ATIVA,1,2,10000.00,120762.828571,125631.35489202412,-0.8816,Comportamento esperado
356,198197,Greyce Elias,PL,MG,Locomoção,Locação Ou Fretamento De Veículos Automotores,1,Situação cadastral não ativa: BAIXADA,FOUND,BAIXADA,1,2,1667.80,199358.988889,190617.58878325575,-1.0371,Fornecedor com CNPJ suspeito
55,220657,André Fernandes,PL,CE,Viagens,Passagem Aérea - Reembolso,0,Sem indício cadastral crítico,FOUND,ATIVA,1,1,3275.86,12007.303200,17888.200103405623,-0.4881,Comportamento esperado
425,215043,Josivaldo Jp,PSD,MA,Publicidade,Divulgação Da Atividade Parlamentar.,1,Situação cadastral não ativa: BAIXADA,FOUND,BAIXADA,2,5,87000.00,299945.123175,386285.4495039867,-0.5513,Fornecedor com CNPJ suspeito
597,220584,Murilo Galdino,REPUBLICANOS,PB,Combustível,Combustíveis E Lubrificantes.,1,Situação cadastral não ativa: BAIXADA,FOUND,BAIXADA,2,3,957.73,61582.608974,85760.8839439169,-0.7069,Fornecedor com CNPJ suspeito
113,204507,Carla Zambelli,PL,SP,Combustível,Combustíveis E Lubrificantes.,1,CNPJ não encontrado na API pública,NOT_FOUND,,1,2,200.00,42192.750821,64034.19773844777,-0.6558,Fornecedor com CNPJ suspeito
566,220655,Mario Frias,PL,SP,Outros,Aquisição De Tokens E Certificados Digitais,0,Sem indício cadastral crítico,FOUND,ATIVA,1,1,366.36,237.090000,170.74249018787194,0.7571,Comportamento esperado
278,160640,Eros Biondini,PL,MG,Viagens,Passagem Aérea - Reembolso,0,Sem indício cadastral crítico,FOUND,ATIVA,2,3,17035.00,7020.191961,10297.188894597206,0.9726,Comportamento esperado
173,204367,Daniel Freitas,PL,SC,Outros,"Passagens Terrestres, Marítimas Ou Fluviais",0,Sem indício cadastral crítico,FOUND,ATIVA,2,2,139.84,472.404167,456.3108967371486,-0.7288,Comportamento esperado
327,74200,Gastão Vieira,PROS,MA,Viagens,Passagem Aérea - Rpa,0,Sem indício cadastral crítico,FOUND,ATIVA,1,3,2214.46,17893.360952,34179.698738222214,-0.4587,Comportamento esperado
505,204448,Luiz Antonio Corrêa,PP,RJ,Outros,Manutenção De Escritório De Apoio À Atividade Parlamentar,0,Documento não consultado por não ser CNPJ,NOT_APPLICABLE,,1,2,8000.00,80988.593819,134414.71100556676,-0.543,Comportamento esperado
779,220631,Samuel Viana,UNIÃO,MG,Outros,"Serviço De Táxi, Pedágio E Estacionamento",1,Situação cadastral não ativa: BAIXADA,FOUND,BAIXADA,1,1,76.50,5572.245385,10370.293242628488,-0.53,Fornecedor com CNPJ suspeito
590,92172,Milton Coelho,PSB,PE,Viagens,Passagem Aérea - Rpa,0,Sem indício cadastral crítico,FOUND,ATIVA,1,7,2468.88,15238.795000,22485.76149111043,-0.5679,Comportamento esperado
831,160976,Tiririca,PL,SP,Outros,Manutenção De Escritório De Apoio À Atividade Parlamentar,0,Sem indício cadastral crítico,FOUND,ATIVA,1,1,224.93,98538.487659,143509.98800071477,-0.6851,Comportamento esperado
806,220575,Sonize Barbosa,PL,AP,Outros,Manutenção De Escritório De Apoio À Atividade Parlamentar,0,Sem indício cadastral crítico,FOUND,ATIVA,1,8,25380.40,30123.933200,30290.240248736845,-0.1566,Comportamento esperado
443,220559,Julia Zanatta,PL,SC,Outros,Serviço De Segurança Prestado Por Empresa Especializada.,0,Sem indício cadastral crítico,FOUND,ATIVA,1,1,750.00,6348.014000,9442.953517040101,-0.5928,Comportamento esperado
186,220539,Defensor Stélio Dener,UNIÃO,RR,Publicidade,Divulgação Da Atividade Parlamentar.,1,Situação cadastral não ativa: BAIXADA,FOUND,BAIXADA,1,1,3000.00,302008.159333,364968.0243701814,-0.8193,Fornecedor com CNPJ suspeito
73,160665,Augusto Coutinho,REPUBLICANOS,PE,Combustível,Combustíveis E Lubrificantes.,1,Situação cadastral não ativa: BAIXADA,FOUND,BAIXADA,1,2,450.64,53506.291935,82942.380015203,-0.6397,Fornecedor com CNPJ suspeito
349,226179,Gisela Simona,UNIÃO,MT,Viagens,Passagem Aérea - Reembolso,0,Sem indício cadastral crítico,FOUND,ATIVA,1,1,6044.25,36104.208462,85065.80718840551,-0.3534,Comportamento esperado
152,220590,Coronel Ulysses,UNIÃO,AC,Alimentação,Fornecimento De Alimentação Do Parlamentar,0,Sem indício cadastral crítico,FOUND,ATIVA,1,1,71.32,3506.161818,10352.10370735419,-0.3318,Comportamento esperado
664,204492,Paulo Guedes,PT,MG,Combustível,Combustíveis E Lubrificantes.,1,Situação cadastral não ativa: BAIXADA,FOUND,BAIXADA,1,1,402.00,65306.104375,92314.0005265802,-0.7031,Fornecedor com CNPJ suspeito
814,204534,Tabata Amaral,PSB,SP,Combustível,Combustíveis E Lubrificantes.,1,Situação cadastral não ativa: BAIXADA,FOUND,BAIXADA,4,4,1290.16,42192.750821,64034.19773844777,-0.6388,Fornecedor com CNPJ suspeito
895,,,,NA,Outros,Manutenção De Escritório De Apoio À Atividade Parlamentar,0,Sem indício cadastral crítico,FOUND,ATIVA,1,1,76.00,15500.143182,23430.81961523477,-0.6583,Comportamento esperado
427,141470,José Guimarães,PT,CE,Combustível,Combustíveis E Lubrificantes.,1,Situação cadastral não ativa: BAIXADA,FOUND,BAIXADA,1,1,209.10,41977.960833,76764.60304100714,-0.5441,Fornecedor com CNPJ suspeito
386,178909,Hélio Leite,UNIÃO,PA,Publicidade,Divulgação Da Atividade Parlamentar.,1,Situação cadastral não ativa: INAPTA,FOUND,INAPTA,1,7,15850.00,319971.475333,323849.5425991789,-0.9391,Fornecedor com CNPJ suspeito
52,141379,Andreia Zito,PSD,RJ,Viagens,Passagem Aérea - Sigepa,,,,,0,3,4552.67,213577.740357,175550.75566941444,-1.1907,Comportamento esperado
514,204455,Luiz Lima,NOVO,RJ,Publicidade,Divulgação Da Atividade Parlamentar.,1,Situação cadastral não ativa: BAIXADA,FOUND,BAIXADA,1,1,17009.10,226781.355120,259582.44863584734,-0.8081,Fornecedor com CNPJ suspeito
69,141391,Arnaldo Jardim,CIDADANIA,SP,Outros,Serviços Postais,1,Situação cadastral não ativa: BAIXADA,FOUND,BAIXADA,1,1,42.00,1015.584878,1403.5425598127083,-0.6937,Fornecedor com CNPJ suspeito
582,220591,Meire Serafim,UNIÃO,AC,Combustível,Combustíveis E Lubrificantes.,1,CNPJ não encontrado na API pública,NOT_FOUND,,1,2,200.00,74559.202308,89345.09325877228,-0.8323,Fornecedor com CNPJ suspeito
873,220552,Zucco,PL,RS,Locomoção,Locação Ou Fretamento De Veículos Automotores,1,Situação cadastral não ativa: BAIXADA,FOUND,BAIXADA,1,10,5060.27,182736.733051,177547.8783363845,-1.0007,Fornecedor com CNPJ suspeito
113,204507,Carla Zambelli,PL,SP,Viagens,Passagem Aérea - Reembolso,0,Sem indício cadastral crítico,FOUND,ATIVA,2,3,3891.41,9758.571000,11443.414965885137,-0.5127,Comportamento esperado
334,178966,Geovania De Sá,REPUBLICANOS,SC,Outros,"Serviço De Táxi, Pedágio E Estacionamento",0,Documento não consultado por não ser CNPJ,NOT_APPLICABLE,,1,1,90.00,2658.067742,3431.982973130558,-0.7483,Comportamento esperado
560,74398,Maria Do Rosário,PT,RS,Combustível,Combustíveis E Lubrificantes.,1,CNPJ não encontrado na API pública,NOT_FOUND,,3,3,500.00,60520.148547,97388.05968907535,-0.6163,Fornecedor com CNPJ suspeito
428,204472,José Medeiros,PL,MT,Outros,"Serviço De Táxi, Pedágio E Estacionamento",1,Situação cadastral não ativa: INAPTA,FOUND,INAPTA,1,1,30.00,3540.579286,11648.42981256765,-0.3014,Fornecedor com CNPJ suspeito
104,204352,Camilo Capiberibe,PSB,AP,Outros,Serviços Postais,0,Sem indício cadastral crítico,FOUND,ATIVA,1,1,122.50,598.050000,672.5292595865253,-0.7071,Comportamento esperado
101,93083,Cacá Leão,PP,BA,Outros,Manutenção De Escritório De Apoio À Atividade Parlamentar,0,Documento não consultado por não ser CNPJ,NOT_APPLICABLE,,1,11,51142.00,98257.521290,134321.8726415135,-0.3508,Comportamento esperado
15,204495,Airton Faleiro,PT,PA,Combustível,Combustíveis E Lubrificantes.,1,Situação cadastral não ativa: SUSPENSA,FOUND,SUSPENSA,1,1,143.36,39488.928400,62234.56368268833,-0.6322,Fornecedor com CNPJ suspeito
198,220652,Delegado Palumbo,PODE,SP,Viagens,Passagem Aérea - Reembolso,0,Sem indício cadastral crítico,FOUND,ATIVA,1,1,766.90,9758.571000,11443.414965885137,-0.7858,Comportamento esperado
844,141553,Vanderlei Macris,PSDB,SP,Combustível,Combustíveis E Lubrificantes.,1,Situação cadastral não ativa: BAIXADA,FOUND,BAIXADA,1,1,50.00,42192.750821,64034.19773844777,-0.6581,Fornecedor com CNPJ suspeito
388,204533,Idilvan Alencar,PDT,CE,Serviços profissionais,"Consultorias, Pesquisas E Trabalhos Técnicos.",1,Situação cadastral não ativa: BAIXADA,FOUND,BAIXADA,1,1,15000.00,67459.660000,60466.2251856053,-0.8676,Fornecedor com CNPJ suspeito
333,204527,Geninho Zuliani,UNIÃO,SP,Locomoção,Locação Ou Fretamento De Veículos Automotores,1,Situação cadastral não ativa: BAIXADA,FOUND,BAIXADA,1,1,2185.00,147254.510948,139673.23431152088,-1.0386,Fornecedor com CNPJ suspeito
158,206018,Célia Xakriabá,PSOL,MG,Hotéis,"Hospedagem ,exceto Do Parlamentar No Distrito Federal.",1,Situação cadastral não ativa: BAIXADA,FOUND,BAIXADA,1,1,948.15,17018.453084,26330.369533202334,-0.6103,Fornecedor com CNPJ suspeito
519,178866,Luizianne Lins,REDE,CE,Publicidade,Divulgação Da Atividade Parlamentar.,1,Situação cadastral não ativa: BAIXADA,FOUND,BAIXADA,1,2,8910.00,263931.285395,366906.3702021798,-0.6951,Fornecedor com CNPJ suspeito
380,100689,Hildo Do Candango,REPUBLICANOS,GO,Publicidade,Divulgação Da Atividade Parlamentar.,0,Sem indício cadastral crítico,FOUND,ATIVA,2,6,123634.90,294423.402917,352090.0693215526,-0.4851,Comportamento esperado
763,204525,Rosana Valle,PL,SP,Viagens,Passagem Aérea - Rpa,0,Sem indício cadastral crítico,FOUND,ATIVA,3,6,13717.76,24943.515352,36157.13967829913,-0.3105,Comportamento esperado
876,220536,Zé Haroldo Cathedral,UNIÃO,RR,Viagens,Passagem Aérea - Reembolso,0,Sem indício cadastral crítico,FOUND,ATIVA,1,1,3340.34,23419.147778,50067.63598784218,-0.401,Comportamento esperado
1,220593,Abilio Brunini,PL,MT,Hotéis,"Hospedagem ,exceto Do Parlamentar No Distrito Federal.",1,Situação cadastral não ativa: BAIXADA,FOUND,BAIXADA,1,4,1402.00,20380.542308,35609.06873470771,-0.533,Fornecedor com CNPJ suspeito
397,220696,Ivoneide Caetano,PT,BA,Outros,Serviços Postais,0,Sem indício cadastral crítico,FOUND,ATIVA,1,2,874.80,1465.597500,2527.93213294582,-0.2337,Comportamento esperado
543,204556,Marcelo Ramos,PSD,AM,Viagens,Passagem Aérea - Reembolso,0,Sem indício cadastral crítico,FOUND,ATIVA,2,3,9295.63,38248.147500,44487.57276603875,-0.6508,Comportamento esperado
428,204472,José Medeiros,PL,MT,Outros,"Passagens Terrestres, Marítimas Ou Fluviais",0,Sem indício cadastral crítico,FOUND,ATIVA,2,2,391.34,342.182500,259.3180178165137,0.1896,Comportamento esperado
150,204514,Coronel Tadeu,PL,SP,Hotéis,"Hospedagem ,exceto Do Parlamentar No Distrito Federal.",0,Sem indício cadastral crítico,FOUND,ATIVA,2,3,741.50,10014.789189,11435.329101648113,-0.8109,Comportamento esperado
514,204455,Luiz Lima,PL,RJ,Publicidade,Divulgação Da Atividade Parlamentar.,1,Situação cadastral não ativa: BAIXADA,FOUND,BAIXADA,1,6,29752.00,226781.355120,259582.44863584734,-0.759,Fornecedor com CNPJ suspeito
780,204416,Sanderson,PL,RS,Publicidade,Divulgação Da Atividade Parlamentar.,1,Situação cadastral não ativa: BAIXADA,FOUND,BAIXADA,5,7,7443.45,215724.063125,265101.600265673,-0.7857,Fornecedor com CNPJ suspeito
411,204468,Joenia Wapichana,REDE,RR,Hotéis,"Hospedagem ,exceto Do Parlamentar No Distrito Federal.",0,Sem indício cadastral crítico,FOUND,ATIVA,3,6,5936.93,7824.586667,5971.354875629707,-0.3161,Comportamento esperado
199,220654,Delegado Paulo Bilynskyj,PL,SP,Outros,"Serviço De Táxi, Pedágio E Estacionamento",1,Erro na consulta pública de CNPJ,ERROR,,1,3,1252.69,11967.060840,16796.655097373645,-0.6379,Fornecedor com CNPJ suspeito
443,220559,Julia Zanatta,PL,SC,Outros,"Passagens Terrestres, Marítimas Ou Fluviais",0,Sem indício cadastral crítico,FOUND,ATIVA,1,1,74.84,472.404167,456.3108967371486,-0.8713,Comportamento esperado
5,220714,Adail Filho,MDB,AM,Combustível,Combustíveis E Lubrificantes.,1,Situação cadastral não ativa: BAIXADA,FOUND,BAIXADA,1,1,200.00,27982.215263,36043.55549981074,-0.7708,Fornecedor com CNPJ suspeito
840,160610,Valmir Assunção,PT,BA,Viagens,Passagem Aérea - Rpa,0,Sem indício cadastral crítico,FOUND,ATIVA,2,2,2910.37,31763.658913,54219.86604798766,-0.5322,Comportamento esperado
473,178825,Leo De Brito,PT,AC,Outros,Manutenção De Escritório De Apoio À Atividade Parlamentar,0,Documento não consultado por não ser CNPJ,NOT_APPLICABLE,,1,9,45000.00,29735.132000,50394.769544197494,0.3029,Comportamento esperado
81,73701,Benedita Da Silva,PT,RJ,Locomoção,Locação Ou Fretamento De Veículos Automotores,0,Sem indício cadastral crítico,FOUND,ATIVA,3,3,10900.00,162239.394390,163272.60476613723,-0.9269,Comportamento esperado
28,204544,Alexandre Frota,PROS,SP,Serviços profissionais,"Consultorias, Pesquisas E Trabalhos Técnicos.",0,Sem indício cadastral crítico,FOUND,ATIVA,1,7,85000.00,42478.291429,47664.49520078613,0.8921,Comportamento esperado
468,160534,Lauriete,PSC,ES,Outros,Manutenção De Escritório De Apoio À Atividade Parlamentar,1,Situação cadastral não ativa: SUSPENSA,FOUND,SUSPENSA,1,5,1308.33,101936.796563,164857.25422120074,-0.6104,Fornecedor com CNPJ suspeito
70,204414,Aroldo Martins,REPUBLICANOS,PR,Serviços profissionais,"Consultorias, Pesquisas E Trabalhos Técnicos.",1,Situação cadastral não ativa: BAIXADA,FOUND,BAIXADA,1,2,17500.00,58752.690645,58141.82428785019,-0.7095,Fornecedor com CNPJ suspeito
447,66385,Julio Arcoverde,PP,PI,Viagens,Passagem Aérea - Rpa,0,Sem indício cadastral crítico,FOUND,ATIVA,1,2,3179.46,17321.367273,29804.932291452395,-0.4745,Comportamento esperado
61,220544,Antonio Andrade,PSDB,TO,Viagens,Passagem Aérea - Rpa,0,Sem indício cadastral crítico,FOUND,ATIVA,2,2,3399.26,21219.852500,34392.862425376974,-0.5181,Comportamento esperado
536,204433,Marcelo Calero,PSD,RJ,Hotéis,"Hospedagem ,exceto Do Parlamentar No Distrito Federal.",1,Erro na consulta pública de CNPJ,ERROR,,1,1,6430.47,13016.628636,21468.959145470457,-0.3068,Fornecedor com CNPJ suspeito
60,73696,Angela Amin,PP,SC,Outros,Manutenção De Escritório De Apoio À Atividade Parlamentar,1,Situação cadastral não ativa: BAIXADA,FOUND,BAIXADA,1,1,30.90,70964.571200,106769.4367602354,-0.6644,Fornecedor com CNPJ suspeito
226,204518,Dr. Frederico,PATRIOTA,MG,Viagens,Passagem Aérea - Rpa,0,Sem indício cadastral crítico,FOUND,ATIVA,1,1,1925.33,40253.940526,63478.97879162227,-0.6038,Comportamento esperado
825,220560,Thiago De Joaldo,REPUBLICANOS,SE,Viagens,Passagem Aérea - Reembolso,0,Sem indício cadastral crítico,FOUND,ATIVA,1,1,1686.64,9040.411000,11259.006637678962,-0.6531,Comportamento esperado
183,205548,David Miranda,PDT,RJ,Serviços profissionais,"Consultorias, Pesquisas E Trabalhos Técnicos.",0,Sem indício cadastral crítico,FOUND,ATIVA,2,2,17400.00,51555.638000,51954.41216850247,-0.6574,Comportamento esperado
286,171623,Fabio Reis,PSD,SE,Viagens,Passagem Aérea - Rpa,0,Sem indício cadastral crítico,FOUND,ATIVA,2,2,4743.65,13988.180000,15171.00483116322,-0.6094,Comportamento esperado
170,74060,Daniel Almeida,PCDOB,BA,Alimentação,Fornecimento De Alimentação Do Parlamentar,0,Sem indício cadastral crítico,FOUND,ATIVA,1,2,161.76,5334.958511,10548.888785765435,-0.4904,Comportamento esperado
92,204561,Bira Do Pindaré,PSB,MA,Hotéis,"Hospedagem ,exceto Do Parlamentar No Distrito Federal.",1,Situação cadastral não ativa: BAIXADA,FOUND,BAIXADA,1,3,450.00,16546.215714,24945.906621691578,-0.6452,Fornecedor com CNPJ suspeito
596,220617,Murillo Gouvea,PSDB,RJ,Publicidade,Divulgação Da Atividade Parlamentar.,1,Situação cadastral não ativa: BAIXADA,FOUND,BAIXADA,1,1,350.00,226781.355120,259582.44863584734,-0.8723,Fornecedor com CNPJ suspeito
382,178959,Hiran Gonçalves,PP,RR,Outros,Serviços Postais,0,Sem indício cadastral crítico,FOUND,ATIVA,2,2,711.42,711.420000,,,Comportamento esperado
377,178981,Herculano Passos,REPUBLICANOS,SP,Viagens,Passagem Aérea - Reembolso,0,Sem indício cadastral crítico,FOUND,ATIVA,2,5,3110.83,9758.571000,11443.414965885137,-0.5809,Comportamento esperado
282,178953,Expedito Netto,PSD,RO,Publicidade,Divulgação Da Atividade Parlamentar.,1,Situação cadastral não ativa: BAIXADA,FOUND,BAIXADA,1,3,1500.00,289552.191071,359934.1329827757,-0.8003,Fornecedor com CNPJ suspeito
652,74160,Patrus Ananias,PT,MG,Locomoção,Locação Ou Fretamento De Veículos Automotores,1,Situação cadastral não ativa: BAIXADA,FOUND,BAIXADA,1,1,422.24,199358.988889,190617.58878325575,-1.0436,Fornecedor com CNPJ suspeito
714,141523,Raul Henry,MDB,PE,Publicidade,Assinatura De Publicações,0,Sem indício cadastral crítico,FOUND,ATIVA,2,4,2052.00,1262.036000,1247.3031245157156,0.6333,Comportamento esperado
690,204524,Pinheirinho,PP,MG,Publicidade,Assinatura De Publicações,0,Sem indício cadastral crítico,FOUND,ATIVA,2,2,2034.90,1596.091765,1698.0009011232714,0.2584,Comportamento esperado
867,74439,Wolney Queiroz,PDT,PE,Hotéis,"Hospedagem ,exceto Do Parlamentar No Distrito Federal.",0,Sem indício cadastral crítico,FOUND,ATIVA,1,1,312.80,17089.374528,23447.97906027458,-0.7155,Comportamento esperado
808,92776,Stefano Aguiar,PSD,MG,Outros,Aquisição De Tokens E Certificados Digitais,0,Sem indício cadastral crítico,FOUND,ATIVA,1,1,50.00,251.133000,157.05814479216147,-1.2806,Comportamento esperado
14,160527,Aguinaldo Ribeiro,PP,PB,Viagens,Passagem Aérea - Rpa,0,Sem indício cadastral crítico,FOUND,ATIVA,1,1,2147.85,6222.055333,8497.227830281614,-0.4795,Comportamento esperado
541,204558,Marcelo Nilo,REPUBLICANOS,BA,Publicidade,Divulgação Da Atividade Parlamentar.,0,Sem indício cadastral crítico,FOUND,ATIVA,3,7,89689.23,317318.910361,328157.1355142384,-0.6937,Comportamento esperado
798,220579,Silvia Waiãpi,PL,AP,Locomoção,Locação Ou Fretamento De Veículos Automotores,1,Situação cadastral não ativa: BAIXADA,FOUND,BAIXADA,1,1,377.09,118873.802381,121389.286590239,-0.9762,Fornecedor com CNPJ suspeito
426,141464,José Airton Félix Cirilo,PT,CE,Outros,Manutenção De Escritório De Apoio À Atividade Parlamentar,0,Documento não consultado por não ser CNPJ,NOT_APPLICABLE,,1,7,21000.00,68348.775082,105244.60317209057,-0.4499,Comportamento esperado
59,204515,André Janones,REDE,MG,Viagens,Passagem Aérea - Reembolso,0,Sem indício cadastral crítico,FOUND,ATIVA,1,1,2005.41,7020.191961,10297.188894597206,-0.487,Comportamento esperado
151,222142,Coronel Telhada,PP,SP,Publicidade,Divulgação Da Atividade Parlamentar.,1,Situação cadastral não ativa: BAIXADA,FOUND,BAIXADA,1,1,1050.00,243741.226243,313657.1515008437,-0.7737,Fornecedor com CNPJ suspeito
811,73808,Sérgio Brito,PSD,BA,Viagens,Passagem Aérea - Reembolso,0,Sem indício cadastral crítico,FOUND,ATIVA,1,1,2496.07,6722.195000,9392.208684505544,-0.45,Comportamento esperado
733,160655,Ricardo Izar,REPUBLICANOS,SP,Hotéis,"Hospedagem ,exceto Do Parlamentar No Distrito Federal.",0,Sem indício cadastral crítico,FOUND,ATIVA,4,5,2148.98,10014.789189,11435.329101648113,-0.6879,Comportamento esperado
769,220620,Rosângela Reis,PL,MG,Viagens,Passagem Aérea - Rpa,0,Sem indício cadastral crítico,FOUND,ATIVA,1,2,4727.44,40253.940526,63478.97879162227,-0.5597,Comportamento esperado
15,204495,Airton Faleiro,PT,PA,Serviços profissionais,"Consultorias, Pesquisas E Trabalhos Técnicos.",0,Sem indício cadastral crítico,FOUND,ATIVA,1,5,50000.00,71687.224615,51239.3397316542,-0.4233,Comportamento esperado
848,74283,Vicentinho,PT,SP,Viagens,Passagem Aérea - Reembolso,0,Sem indício cadastral crítico,FOUND,ATIVA,1,1,1798.77,9758.571000,11443.414965885137,-0.6956,Comportamento esperado
411,204468,Joenia Wapichana,REDE,RR,Publicidade,Divulgação Da Atividade Parlamentar.,1,Situação cadastral não ativa: BAIXADA,FOUND,BAIXADA,1,3,24000.00,302008.159333,364968.0243701814,-0.7617,Fornecedor com CNPJ suspeito
117,178993,Carlos Henrique Gaguim,UNIÃO,TO,Publicidade,Divulgação Da Atividade Parlamentar.,1,Situação cadastral não ativa: BAIXADA,FOUND,BAIXADA,1,1,1500.00,260231.601071,329408.0872597135,-0.7854,Fornecedor com CNPJ suspeito
875,178889,Zé Carlos,PT,MA,Combustível,Combustíveis E Lubrificantes.,1,Situação cadastral não ativa: INAPTA,FOUND,INAPTA,2,2,505.79,34895.172615,52384.05405357016,-0.6565,Fornecedor com CNPJ suspeito
43,204545,Alê Silva,REPUBLICANOS,MG,Combustível,Combustíveis E Lubrificantes.,1,CNPJ não encontrado na API pública,NOT_FOUND,,1,1,100.00,65306.104375,92314.0005265802,-0.7064,Fornecedor com CNPJ suspeito
726,235088,Ribeiro Neto,SOLIDARIEDADE,MA,Alimentação,Fornecimento De Alimentação Do Parlamentar,0,Sem indício cadastral crítico,FOUND,ATIVA,3,3,409.42,1328.951538,1567.1502413768233,-0.5868,Comportamento esperado
855,204532,Vinicius Poit,NOVO,SP,Viagens,Passagem Aérea - Rpa,0,Sem indício cadastral crítico,FOUND,ATIVA,1,2,1025.80,24943.515352,36157.13967829913,-0.6615,Comportamento esperado
73,160665,Augusto Coutinho,REPUBLICANOS,PE,Serviços profissionais,"Consultorias, Pesquisas E Trabalhos Técnicos.",1,Situação cadastral não ativa: INAPTA,FOUND,INAPTA,1,1,849.00,33394.939474,25891.938420366478,-1.257,Fornecedor com CNPJ suspeito
826,220597,Thiago Flores,UNIÃO,RO,Combustível,Combustíveis E Lubrificantes.,1,Situação cadastral não ativa: BAIXADA,FOUND,BAIXADA,1,1,249.44,64922.175357,86632.41303886044,-0.7465,Fornecedor com CNPJ suspeito
235,204412,Dr. Zacharias Calil,UNIÃO,GO,Alimentação,Fornecimento De Alimentação Do Parlamentar,1,Situação cadastral não ativa: INAPTA,FOUND,INAPTA,1,1,35.97,3293.239000,7032.529544734017,-0.4632,Fornecedor com CNPJ suspeito
850,178888,Victor Mendes,MDB,MA,Publicidade,Divulgação Da Atividade Parlamentar.,0,Sem indício cadastral crítico,FOUND,ATIVA,1,1,1200.00,299945.123175,386285.4495039867,-0.7734,Comportamento esperado
201,164359,Delegado Waldir,UNIÃO,GO,Publicidade,Divulgação Da Atividade Parlamentar.,0,Sem indício cadastral crítico,FOUND,ATIVA,1,1,142723.00,294423.402917,352090.0693215526,-0.4309,Comportamento esperado
871,160592,Zeca Dirceu,PT,PR,Hotéis,"Hospedagem ,exceto Do Parlamentar No Distrito Federal.",1,Erro na consulta pública de CNPJ,ERROR,,1,1,797.37,18419.328649,34024.43115299299,-0.5179,Fornecedor com CNPJ suspeito
154,220608,Cristiane Lopes,PODE,RO,Locomoção,Locação Ou Fretamento De Embarcações,0,Documento não consultado por não ser CNPJ,NOT_APPLICABLE,,1,1,2360.00,1505.000000,1209.1525958289963,0.7071,Comportamento esperado
73,160665,Augusto Coutinho,REPUBLICANOS,PE,Hotéis,"Hospedagem ,exceto Do Parlamentar No Distrito Federal.",1,Situação cadastral não ativa: BAIXADA,FOUND,BAIXADA,1,1,665.76,17089.374528,23447.97906027458,-0.7004,Fornecedor com CNPJ suspeito
148,220595,Coronel Fernanda,PL,MT,Hotéis,"Hospedagem ,exceto Do Parlamentar No Distrito Federal.",1,Situação cadastral não ativa: BAIXADA,FOUND,BAIXADA,1,1,200.00,20380.542308,35609.06873470771,-0.5667,Fornecedor com CNPJ suspeito
473,178825,Leo De Brito,PT,AC,Publicidade,Assinatura De Publicações,0,Sem indício cadastral crítico,FOUND,ATIVA,1,1,54.90,54.900000,,,Comportamento esperado
683,122158,Pedro Paulo,PSD,RJ,Viagens,Passagem Aérea - Reembolso,1,Erro na consulta pública de CNPJ,ERROR,,1,1,19578.20,9840.865893,10669.362639943789,0.9126,Fornecedor com CNPJ suspeito
356,198197,Greyce Elias,PL,MG,Hotéis,"Hospedagem ,exceto Do Parlamentar No Distrito Federal.",1,Erro na consulta pública de CNPJ,ERROR,,1,1,1258.48,17018.453084,26330.369533202334,-0.5985,Fornecedor com CNPJ suspeito
870,178923,Zeca Cavalcanti,PTB,PE,Viagens,Passagem Aérea - Sigepa,,,,,0,2,3641.11,221741.150682,163177.94412569836,-1.3366,Comportamento esperado
835,157130,Túlio Gadêlha,PSD,PE,Publicidade,Divulgação Da Atividade Parlamentar.,1,Situação cadastral não ativa: BAIXADA,FOUND,BAIXADA,3,3,6850.00,241972.708182,301628.5621101344,-0.7795,Fornecedor com CNPJ suspeito
612,204449,Nelson Barbudo,PL,MT,Combustível,Combustíveis E Lubrificantes.,1,Situação cadastral não ativa: INAPTA,FOUND,INAPTA,1,1,421.85,34330.305532,57340.29977264771,-0.5914,Fornecedor com CNPJ suspeito
824,180018,Thiago Cartaxo,PODE,RN,Alimentação,Fornecimento De Alimentação Do Parlamentar,1,Situação cadastral não ativa: BAIXADA,FOUND,BAIXADA,3,3,93.74,3041.730000,4181.690443923367,-0.705,Fornecedor com CNPJ suspeito
165,220692,Dal Barreto,UNIÃO,BA,Hotéis,"Hospedagem ,exceto Do Parlamentar No Distrito Federal.",0,Sem indício cadastral crítico,FOUND,ATIVA,1,1,421.00,14559.116889,26542.375379101115,-0.5327,Comportamento esperado
903,,,,NA,Publicidade,Divulgação Da Atividade Parlamentar.,0,Sem indício cadastral crítico,FOUND,ATIVA,3,8,44764.25,50979.424375,81608.46012151951,-0.0762,Comportamento esperado
171,220582,Daniel Barbosa,PP,AL,Outros,Manutenção De Escritório De Apoio À Atividade Parlamentar,1,Erro na consulta pública de CNPJ,ERROR,,1,1,2049.90,55960.761000,68535.24676411308,-0.7866,Fornecedor com CNPJ suspeito
549,219585,Marco Brasil,PP,PR,Outros,Serviços Postais,0,Sem indício cadastral crítico,FOUND,ATIVA,1,1,85.50,2362.262000,4411.055170390342,-0.5161,Comportamento esperado
652,74160,Patrus Ananias,PT,MG,Combustível,Combustíveis E Lubrificantes.,1,Situação cadastral não ativa: SUSPENSA,FOUND,SUSPENSA,1,1,30.00,65306.104375,92314.0005265802,-0.7071,Fornecedor com CNPJ suspeito
41,178937,Altineu Côrtes,PL,RJ,Outros,Manutenção De Escritório De Apoio À Atividade Parlamentar,0,Sem indício cadastral crítico,FOUND,ATIVA,1,2,1657.80,80988.593819,134414.71100556676,-0.5902,Comportamento esperado
388,204533,Idilvan Alencar,PSB,CE,Outros,Serviço De Segurança Prestado Por Empresa Especializada.,0,Sem indício cadastral crítico,FOUND,ATIVA,1,2,7480.00,24802.087143,26671.121457335783,-0.6495,Comportamento esperado
322,220653,Fábio Teruel,MDB,SP,Hotéis,"Hospedagem ,exceto Do Parlamentar No Distrito Federal.",0,Sem indício cadastral crítico,FOUND,ATIVA,1,1,1580.12,10014.789189,11435.329101648113,-0.7376,Comportamento esperado
55,220657,André Fernandes,PL,CE,Publicidade,Divulgação Da Atividade Parlamentar.,1,Situação cadastral não ativa: BAIXADA,FOUND,BAIXADA,1,1,4200.00,263931.285395,366906.3702021798,-0.7079,Fornecedor com CNPJ suspeito
468,160534,Lauriete,PSC,ES,Outros,Serviço De Segurança Prestado Por Empresa Especializada.,1,Situação cadastral não ativa: BAIXADA,FOUND,BAIXADA,1,4,26000.00,26000.000000,,,Fornecedor com CNPJ suspeito
162,204355,Da Vitoria,PP,ES,Combustível,Combustíveis E Lubrificantes.,1,CNPJ não encontrado na API pública,NOT_FOUND,,1,1,200.01,49148.417879,67749.62213949014,-0.7225,Fornecedor com CNPJ suspeito
443,220559,Julia Zanatta,PL,SC,Outros,Serviços Postais,0,Sem indício cadastral crítico,FOUND,ATIVA,1,1,66.70,1043.824167,1437.984649529007,-0.6795,Comportamento esperado
77,69871,Bacelar,PV,BA,Serviços profissionais,"Consultorias, Pesquisas E Trabalhos Técnicos.",1,Situação cadastral não ativa: INAPTA,FOUND,INAPTA,1,1,849.00,64386.903226,47821.13506693795,-1.3287,Fornecedor com CNPJ suspeito
597,220584,Murilo Galdino,REPUBLICANOS,PB,Viagens,Passagem Aérea - Rpa,0,Sem indício cadastral crítico,FOUND,ATIVA,1,2,3647.57,6222.055333,8497.227830281614,-0.303,Comportamento esperado
277,160575,Erika Kokay,PT,DF,Publicidade,Assinatura De Publicações,0,Sem indício cadastral crítico,FOUND,ATIVA,1,1,433.57,666.725000,329.730963135099,-0.7071,Comportamento esperado
440,112437,João Marcelo Souza,MDB,MA,Viagens,Passagem Aérea - Rpa,0,Sem indício cadastral crítico,FOUND,ATIVA,1,1,1798.96,17893.360952,34179.698738222214,-0.4709,Comportamento esperado
786,220713,Saullo Vianna,MDB,AM,Viagens,Passagem Aérea - Reembolso,0,Sem indício cadastral crítico,FOUND,ATIVA,1,2,6528.52,38248.147500,44487.57276603875,-0.713,Comportamento esperado
400,220697,Jadyel Alencar,REPUBLICANOS,PI,Alimentação,Fornecimento De Alimentação Do Parlamentar,0,Sem indício cadastral crítico,FOUND,ATIVA,2,2,166.68,3231.855000,6522.778260515771,-0.4699,Comportamento esperado
250,204541,Eduardo Bismarck,PDT,CE,Viagens,Passagem Aérea - Reembolso,0,Sem indício cadastral crítico,FOUND,ATIVA,1,2,2163.79,12007.303200,17888.200103405623,-0.5503,Comportamento esperado
430,160619,José Nunes,PSD,BA,Publicidade,Divulgação Da Atividade Parlamentar.,1,Situação cadastral não ativa: INAPTA,FOUND,INAPTA,1,1,1200.00,317318.910361,328157.1355142384,-0.9633,Fornecedor com CNPJ suspeito
732,204362,Ricardo Guidi,PL,SC,Viagens,Passagem Aérea - Rpa,0,Sem indício cadastral crítico,FOUND,ATIVA,1,1,3327.85,12083.098000,25544.630338693623,-0.3427,Comportamento esperado
638,204441,Otoni De Paula,MDB,RJ,Viagens,Passagem Aérea - Rpa,0,Sem indício cadastral crítico,FOUND,ATIVA,2,3,2336.00,24365.871064,36425.48190750471,-0.6048,Comportamento esperado
751,220641,Rodrigo Gambale,PODE,SP,Outros,Manutenção De Escritório De Apoio À Atividade Parlamentar,1,Situação cadastral não ativa: BAIXADA,FOUND,BAIXADA,1,1,219.03,98538.487659,143509.98800071477,-0.6851,Fornecedor com CNPJ suspeito
501,222429,Luis Carlos Gomes,REPUBLICANOS,RJ,Outros,Serviços Postais,0,Sem indício cadastral crítico,FOUND,ATIVA,1,1,94.40,243.509167,238.83926913525045,-0.6243,Comportamento esperado
807,178946,Soraya Santos,PL,RJ,Outros,"Serviço De Táxi, Pedágio E Estacionamento",0,Sem indício cadastral crítico,FOUND,ATIVA,1,1,500.00,8455.730411,14321.838989715481,-0.5555,Comportamento esperado
689,161440,Pezenti,MDB,SC,Outros,"Serviço De Táxi, Pedágio E Estacionamento",0,Sem indício cadastral crítico,FOUND,ATIVA,2,2,130.17,2658.067742,3431.982973130558,-0.7366,Comportamento esperado
318,68720,Fábio Henrique,UNIÃO,SE,Serviços profissionais,"Consultorias, Pesquisas E Trabalhos Técnicos.",1,Situação cadastral não ativa: INAPTA,FOUND,INAPTA,1,5,98500.00,82649.800000,100296.5049865647,0.158,Fornecedor com CNPJ suspeito
160,178876,Célio Silveira,MDB,GO,Hotéis,"Hospedagem ,exceto Do Parlamentar No Distrito Federal.",1,Situação cadastral não ativa: BAIXADA,FOUND,BAIXADA,1,1,100.00,7024.380500,8737.204954294128,-0.7925,Fornecedor com CNPJ suspeito
553,204011,Marcos Pacco,PODE,DF,Publicidade,Divulgação Da Atividade Parlamentar.,1,Situação cadastral não ativa: BAIXADA,FOUND,BAIXADA,1,1,25000.00,274983.723704,375023.4293293225,-0.6666,Fornecedor com CNPJ suspeito
93,160538,Bohn Gass,PT,RS,Viagens,Passagem Aérea - Reembolso,1,Erro na consulta pública de CNPJ,ERROR,,1,1,1861.02,7846.026333,10735.105702213965,-0.5575,Fornecedor com CNPJ suspeito
242,220540,Duda Ramos,PODE,RR,Outros,"Passagens Terrestres, Marítimas Ou Fluviais",0,Sem indício cadastral crítico,FOUND,ATIVA,1,1,439.99,707.995000,379.01630578380133,-0.7071,Comportamento esperado
212,160599,Dimas Fabiano,PP,MG,Alimentação,Fornecimento De Alimentação Do Parlamentar,1,Situação cadastral não ativa: INAPTA,FOUND,INAPTA,1,2,259.40,3421.773553,6721.942950865462,-0.4705,Fornecedor com CNPJ suspeito
536,204433,Marcelo Calero,PSD,RJ,Publicidade,Divulgação Da Atividade Parlamentar.,0,Sem indício cadastral crítico,FOUND,ATIVA,1,2,294.00,226781.355120,259582.44863584734,-0.8725,Comportamento esperado
430,160619,José Nunes,PSD,BA,Outros,Serviços Postais,0,Sem indício cadastral crítico,FOUND,ATIVA,1,2,126.00,1465.597500,2527.93213294582,-0.5299,Comportamento esperado
839,204385,Valdevan Noventa,PL,SE,Publicidade,Divulgação Da Atividade Parlamentar.,0,Sem indício cadastral crítico,FOUND,ATIVA,1,2,60000.00,230946.483077,301200.1033422071,-0.5676,Comportamento esperado
591,154178,Milton Vieira,REPUBLICANOS,SP,Viagens,Passagem Aérea - Rpa,0,Sem indício cadastral crítico,FOUND,ATIVA,1,1,2484.53,24943.515352,36157.13967829913,-0.6211,Comportamento esperado
782,219599,Sargento Alexandre,PODE,SP,Combustível,Combustíveis E Lubrificantes.,1,Situação cadastral não ativa: BAIXADA,FOUND,BAIXADA,1,1,293.24,42192.750821,64034.19773844777,-0.6543,Fornecedor com CNPJ suspeito
378,204539,Hercílio Coelho Diniz,MDB,MG,Viagens,Passagem Aérea - Rpa,0,Sem indício cadastral crítico,FOUND,ATIVA,1,1,3526.64,40253.940526,63478.97879162227,-0.5786,Comportamento esperado
195,204512,Delegado Marcelo Freitas,UNIÃO,MG,Outros,"Serviço De Táxi, Pedágio E Estacionamento",1,Situação cadastral não ativa: BAIXADA,FOUND,BAIXADA,2,5,362.49,5572.245385,10370.293242628488,-0.5024,Fornecedor com CNPJ suspeito
523,204359,Léo Moraes,PODE,RO,Outros,Manutenção De Escritório De Apoio À Atividade Parlamentar,1,Situação cadastral não ativa: BAIXADA,FOUND,BAIXADA,1,1,302.30,40149.183103,63678.43736701476,-0.6258,Fornecedor com CNPJ suspeito
212,160599,Dimas Fabiano,PP,MG,Viagens,Passagem Aérea - Reembolso,0,Sem indício cadastral crítico,FOUND,ATIVA,2,2,6903.89,7020.191961,10297.188894597206,-0.0113,Comportamento esperado
279,204482,Euclydes Pettersen,REPUBLICANOS,MG,Hotéis,"Hospedagem ,exceto Do Parlamentar No Distrito Federal.",1,Situação cadastral não ativa: BAIXADA,FOUND,BAIXADA,1,2,290.00,17018.453084,26330.369533202334,-0.6353,Fornecedor com CNPJ suspeito
303,204411,Filipe Barros,PL,PR,Publicidade,Divulgação Da Atividade Parlamentar.,1,Erro na consulta pública de CNPJ,ERROR,,1,2,1760.01,263664.052022,329972.5348930845,-0.7937,Fornecedor com CNPJ suspeito
780,204416,Sanderson,PL,RS,Combustível,Combustíveis E Lubrificantes.,1,Situação cadastral não ativa: INAPTA,FOUND,INAPTA,1,1,200.00,60520.148547,97388.05968907535,-0.6194,Fornecedor com CNPJ suspeito
92,204561,Bira Do Pindaré,PSB,MA,Publicidade,Divulgação Da Atividade Parlamentar.,1,Erro na consulta pública de CNPJ,ERROR,,1,2,1671.98,299945.123175,386285.4495039867,-0.7722,Fornecedor com CNPJ suspeito
372,204444,Helio Lopes,PL,RJ,Combustível,Combustíveis E Lubrificantes.,1,Situação cadastral não ativa: BAIXADA,FOUND,BAIXADA,1,1,200.00,44023.319398,62812.667137756165,-0.6977,Fornecedor com CNPJ suspeito
377,178981,Herculano Passos,REPUBLICANOS,SP,Alimentação,Fornecimento De Alimentação Do Parlamentar,1,Situação cadastral não ativa: BAIXADA,FOUND,BAIXADA,1,2,93.60,3366.001170,5609.697337170304,-0.5833,Fornecedor com CNPJ suspeito
13,178835,Afonso Motta,PDT,RS,Outros,Serviços Postais,0,Sem indício cadastral crítico,FOUND,ATIVA,1,1,5534.41,862.238182,1333.8726370935917,3.5027,Anomalia financeira extrema
235,204412,Dr. Zacharias Calil,UNIÃO,GO,Outros,Manutenção De Escritório De Apoio À Atividade Parlamentar,1,Situação cadastral não ativa: BAIXADA,FOUND,BAIXADA,1,1,189.70,100447.486545,162486.21407041358,-0.617,Fornecedor com CNPJ suspeito
141,74537,Claudio Cajado,PP,BA,Locomoção,Locação Ou Fretamento De Veículos Automotores,1,Situação cadastral não ativa: BAIXADA,FOUND,BAIXADA,2,2,10040.92,292409.611930,213979.496522466,-1.3196,Fornecedor com CNPJ suspeito
868,220564,Yandra Moura,UNIÃO,SE,Alimentação,Fornecimento De Alimentação Do Parlamentar,1,Erro na consulta pública de CNPJ,ERROR,,1,1,230.49,419.655000,135.71288577974704,-1.3939,Fornecedor com CNPJ suspeito
512,229432,Luiz Fernando Vampiro,MDB,SC,Combustível,Combustíveis E Lubrificantes.,1,CNPJ não encontrado na API pública,NOT_FOUND,,1,1,200.01,63943.250339,85631.6159933909,-0.7444,Fornecedor com CNPJ suspeito
678,178912,Pedro Cunha Lima,PSDB,PB,Serviços profissionais,"Consultorias, Pesquisas E Trabalhos Técnicos.",0,Sem indício cadastral crítico,FOUND,ATIVA,1,1,10000.00,52901.666667,54299.06776921737,-0.7901,Comportamento esperado
425,215043,Josivaldo Jp,PSD,MA,Serviços profissionais,"Consultorias, Pesquisas E Trabalhos Técnicos.",0,Sem indício cadastral crítico,FOUND,ATIVA,1,1,20000.00,73247.500000,60193.25778602398,-0.8846,Comportamento esperado
386,178909,Hélio Leite,UNIÃO,PA,Viagens,Passagem Aérea - Reembolso,0,Sem indício cadastral crítico,FOUND,ATIVA,1,1,2924.27,8897.662500,8393.75284614814,-0.7116,Comportamento esperado
98,210989,Bruno Farias,REPUBLICANOS,MG,Outros,Serviços Postais,0,Sem indício cadastral crítico,FOUND,ATIVA,1,1,14224.00,2049.065200,4121.470694655126,2.954,Possível anomalia financeira
123,220704,Carol Dartora,PT,PR,Outros,Manutenção De Escritório De Apoio À Atividade Parlamentar,1,Erro na consulta pública de CNPJ,ERROR,,1,1,419.88,86193.122500,116860.66498214444,-0.734,Fornecedor com CNPJ suspeito
374,220672,Henderson Pinto,UNIÃO,PA,Publicidade,Divulgação Da Atividade Parlamentar.,1,Situação cadastral não ativa: BAIXADA,FOUND,BAIXADA,2,2,5000.00,319971.475333,323849.5425991789,-0.9726,Fornecedor com CNPJ suspeito
270,161550,Emidinho Madeira,PL,MG,Hotéis,"Hospedagem ,exceto Do Parlamentar No Distrito Federal.",0,Sem indício cadastral crítico,FOUND,ATIVA,2,3,843.61,17018.453084,26330.369533202334,-0.6143,Comportamento esperado
758,178930,Roman,PP,PR,Serviços profissionais,"Consultorias, Pesquisas E Trabalhos Técnicos.",1,Situação cadastral não ativa: BAIXADA,FOUND,BAIXADA,1,1,20000.00,58752.690645,58141.82428785019,-0.6665,Fornecedor com CNPJ suspeito
141,74537,Claudio Cajado,PP,BA,Viagens,Passagem Aérea - Reembolso,1,Erro na consulta pública de CNPJ,ERROR,,1,1,12491.40,6722.195000,9392.208684505544,0.6143,Fornecedor com CNPJ suspeito
864,224333,Welter,PT,PR,Outros,"Passagens Terrestres, Marítimas Ou Fluviais",0,Sem indício cadastral crítico,FOUND,ATIVA,1,2,128.68,1895.154815,2124.8795888027494,-0.8313,Comportamento esperado
36,74057,Alice Portugal,PCDOB,BA,Combustível,Combustíveis E Lubrificantes.,1,Situação cadastral não ativa: INAPTA,FOUND,INAPTA,2,2,342.22,76280.976842,110667.4963849575,-0.6862,Fornecedor com CNPJ suspeito
66,220549,Any Ortiz,PP,RS,Viagens,Passagem Aérea - Reembolso,0,Sem indício cadastral crítico,FOUND,ATIVA,1,1,2595.95,7846.026333,10735.105702213965,-0.4891,Comportamento esperado
584,188097,Merlong Solano,PT,PI,Outros,Serviços Postais,0,Sem indício cadastral crítico,FOUND,ATIVA,1,1,342.00,403.600000,87.11555544218265,-0.7071,Comportamento esperado
464,151208,Laercio Oliveira,PP,SE,Publicidade,Divulgação Da Atividade Parlamentar.,1,Situação cadastral não ativa: INAPTA,FOUND,INAPTA,1,1,1100.00,230946.483077,301200.1033422071,-0.7631,Fornecedor com CNPJ suspeito
718,205865,Reinhold Stephanes,PSD,PR,Hotéis,"Hospedagem ,exceto Do Parlamentar No Distrito Federal.",0,Sem indício cadastral crítico,FOUND,ATIVA,1,1,467.37,18419.328649,34024.43115299299,-0.5276,Comportamento esperado
47,220596,Amália Barros,PL,MT,Viagens,Passagem Aérea - Rpa,0,Sem indício cadastral crítico,FOUND,ATIVA,1,2,4041.15,21401.345000,46787.60669383069,-0.371,Comportamento esperado
481,74858,Lindbergh Farias,PT,RJ,Combustível,Combustíveis E Lubrificantes.,1,Situação cadastral não ativa: BAIXADA,FOUND,BAIXADA,1,1,266.40,44023.319398,62812.667137756165,-0.6966,Fornecedor com CNPJ suspeito
528,151965,Maia Filho,PP,PI,Alimentação,Fornecimento De Alimentação Do Parlamentar,0,Sem indício cadastral crítico,FOUND,ATIVA,1,1,35.60,3231.855000,6522.778260515771,-0.49,Comportamento esperado
564,204432,Marina Santos,REPUBLICANOS,PI,Outros,Manutenção De Escritório De Apoio À Atividade Parlamentar,0,Sem indício cadastral crítico,FOUND,ATIVA,1,1,91.96,64892.367419,74159.10998309037,-0.8738,Comportamento esperado
10,141372,Aelton Freitas,PP,MG,Outros,"Passagens Terrestres, Marítimas Ou Fluviais",0,Sem indício cadastral crítico,FOUND,ATIVA,2,3,693.26,3858.240000,6358.142634643256,-0.4978,Comportamento esperado
862,160518,Weliton Prado,SOLIDARIEDADE,MG,Outros,"Serviço De Táxi, Pedágio E Estacionamento",0,Documento não consultado por não ser CNPJ,NOT_APPLICABLE,,1,1,60.00,5572.245385,10370.293242628488,-0.5315,Comportamento esperado
549,219585,Marco Brasil,PP,PR,Serviços profissionais,"Consultorias, Pesquisas E Trabalhos Técnicos.",0,Sem indício cadastral crítico,FOUND,ATIVA,1,1,15000.00,58752.690645,58141.82428785019,-0.7525,Comportamento esperado
356,198197,Greyce Elias,PL,MG,Publicidade,Divulgação Da Atividade Parlamentar.,1,Erro na consulta pública de CNPJ,ERROR,,1,1,344.99,194891.353020,276881.75990132586,-0.7026,Fornecedor com CNPJ suspeito
519,178866,Luizianne Lins,PT,CE,Viagens,Passagem Aérea - Rpa,0,Sem indício cadastral crítico,FOUND,ATIVA,1,1,1142.90,32586.001200,51600.505956913454,-0.6094,Comportamento esperado
59,204515,André Janones,AVANTE,MG,Combustível,Combustíveis E Lubrificantes.,1,Situação cadastral não ativa: BAIXADA,FOUND,BAIXADA,2,2,734.43,65306.104375,92314.0005265802,-0.6995,Fornecedor com CNPJ suspeito
650,205535,Patricia Ferraz,PL,AP,Publicidade,Divulgação Da Atividade Parlamentar.,1,Situação cadastral não ativa: BAIXADA,FOUND,BAIXADA,2,2,15000.00,282209.245429,388109.6753004129,-0.6885,Fornecedor com CNPJ suspeito
594,160561,Missionário José Olimpio,PL,SP,Outros,Serviços Postais,0,Sem indício cadastral crítico,FOUND,ATIVA,1,1,225.60,1015.584878,1403.5425598127083,-0.5629,Comportamento esperado
564,204432,Marina Santos,REPUBLICANOS,PI,Serviços profissionais,"Consultorias, Pesquisas E Trabalhos Técnicos.",1,Situação cadastral não ativa: BAIXADA,FOUND,BAIXADA,1,2,22000.00,59954.545455,42245.387053176906,-0.8984,Fornecedor com CNPJ suspeito
240,227800,Duarte Gonçalves Jr,REPUBLICANOS,MG,Viagens,Passagem Aérea - Reembolso,0,Sem indício cadastral crítico,FOUND,ATIVA,2,2,831.80,7020.191961,10297.188894597206,-0.601,Comportamento esperado
102,143942,Caio Vianna,PSD,RJ,Outros,Manutenção De Escritório De Apoio À Atividade Parlamentar,0,Sem indício cadastral crítico,FOUND,ATIVA,1,1,247.30,80988.593819,134414.71100556676,-0.6007,Comportamento esperado
704,160641,Professora Marcivania,PCDOB,AP,Hotéis,"Hospedagem ,exceto Do Parlamentar No Distrito Federal.",0,Sem indício cadastral crítico,FOUND,ATIVA,1,1,560.00,5136.092500,6592.979949253359,-0.6941,Comportamento esperado
903,,,,NA,Alimentação,Fornecimento De Alimentação Do Parlamentar,0,Sem indício cadastral crítico,FOUND,ATIVA,1,1,260.00,76824.316875,122514.48277202321,-0.6249,Comportamento esperado
197,204569,Delegado Pablo,UNIÃO,AM,Hotéis,"Hospedagem ,exceto Do Parlamentar No Distrito Federal.",0,Sem indício cadastral crítico,FOUND,ATIVA,1,1,531.50,3767.283750,3036.5104204941636,-1.0656,Comportamento esperado
508,73778,Luiz Carlos Hauly,PODE,PR,Outros,Serviços Postais,0,Sem indício cadastral crítico,FOUND,ATIVA,1,1,67.70,2362.262000,4411.055170390342,-0.5202,Comportamento esperado
429,204391,José Nelto,PP,GO,Outros,Manutenção De Escritório De Apoio À Atividade Parlamentar,1,Situação cadastral não ativa: BAIXADA,FOUND,BAIXADA,1,2,415.10,100447.486545,162486.21407041358,-0.6156,Fornecedor com CNPJ suspeito
556,178943,Marcos Soares,PSDB,RJ,Viagens,Passagem Aérea - Reembolso,1,Erro na consulta pública de CNPJ,ERROR,,1,2,25827.10,9840.865893,10669.362639943789,1.4983,Fornecedor com CNPJ suspeito
14,160527,Aguinaldo Ribeiro,PP,PB,Viagens,Passagem Aérea - Reembolso,0,Sem indício cadastral crítico,FOUND,ATIVA,1,1,24700.40,14118.253125,32577.997530279183,0.3248,Comportamento esperado
419,218245,Jorielson,PL,AP,Locomoção,Locação Ou Fretamento De Embarcações,0,Documento não consultado por não ser CNPJ,NOT_APPLICABLE,,1,3,33950.00,49262.500000,60760.834081942405,-0.252,Comportamento esperado
707,233594,Rafael Fera,PODE,RO,Outros,"Passagens Terrestres, Marítimas Ou Fluviais",0,Sem indício cadastral crítico,FOUND,ATIVA,1,1,250.00,1587.393333,2447.2122798455116,-0.5465,Comportamento esperado
287,204368,Fabio Schiochet,UNIÃO,SC,Combustível,Combustíveis E Lubrificantes.,1,CNPJ não encontrado na API pública,NOT_FOUND,,1,1,200.00,63943.250339,85631.6159933909,-0.7444,Fornecedor com CNPJ suspeito
458,204497,Júnior Ferrari,PSD,PA,Locomoção,Locação Ou Fretamento De Veículos Automotores,0,Sem indício cadastral crítico,FOUND,ATIVA,1,1,3174.86,121907.551481,147158.0353457022,-0.8068,Comportamento esperado
856,178992,Vitor Lippi,PSD,SP,Outros,"Serviço De Táxi, Pedágio E Estacionamento",1,Situação cadastral não ativa: BAIXADA,FOUND,BAIXADA,1,1,70.00,11967.060840,16796.655097373645,-0.7083,Fornecedor com CNPJ suspeito
186,220539,Defensor Stélio Dener,UNIÃO,RR,Combustível,Combustíveis E Lubrificantes.,1,Situação cadastral não ativa: BAIXADA,FOUND,BAIXADA,1,1,209.99,70971.916364,102686.34049821323,-0.6891,Fornecedor com CNPJ suspeito
61,220544,Antonio Andrade,PSDB,TO,Hotéis,"Hospedagem ,exceto Do Parlamentar No Distrito Federal.",0,Sem indício cadastral crítico,FOUND,ATIVA,1,1,4898.54,12387.293158,19170.891927221925,-0.3906,Comportamento esperado
810,204535,Sâmia Bomfim,PSOL,SP,Serviços profissionais,"Consultorias, Pesquisas E Trabalhos Técnicos.",1,Situação cadastral não ativa: INAPTA,FOUND,INAPTA,1,1,849.00,42478.291429,47664.49520078613,-0.8734,Fornecedor com CNPJ suspeito
271,225730,Enfermeira Ana Paula,PODE,CE,Viagens,Passagem Aérea - Reembolso,0,Sem indício cadastral crítico,FOUND,ATIVA,1,1,3347.89,12007.303200,17888.200103405623,-0.4841,Comportamento esperado
676,215045,Pedro Augusto Palareti,PP,RJ,Combustível,Combustíveis E Lubrificantes.,0,Sem indício cadastral crítico,FOUND,ATIVA,40,69,21611.50,44023.319398,62812.667137756165,-0.3568,Comportamento esperado
199,220654,Delegado Paulo Bilynskyj,PL,SP,Outros,"Serviço De Táxi, Pedágio E Estacionamento",0,Sem indício cadastral crítico,FOUND,ATIVA,20,197,7092.84,11967.060840,16796.655097373645,-0.2902,Comportamento esperado
322,220653,Fábio Teruel,MDB,SP,Combustível,Combustíveis E Lubrificantes.,0,Sem indício cadastral crítico,FOUND,ATIVA,88,466,110840.23,42192.750821,64034.19773844777,1.072,Comportamento esperado
556,178943,Marcos Soares,UNIÃO,RJ,Combustível,Combustíveis E Lubrificantes.,0,Sem indício cadastral crítico,FOUND,ATIVA,35,62,48393.16,44023.319398,62812.667137756165,0.0696,Comportamento esperado
721,178989,Renata Abreu,PODE,SP,Combustível,Combustíveis E Lubrificantes.,0,Sem indício cadastral crítico,FOUND,ATIVA,37,276,125822.53,42192.750821,64034.19773844777,1.306,Comportamento esperado
459,204550,Júnior Mano,PSB,CE,Outros,Manutenção De Escritório De Apoio À Atividade Parlamentar,0,Sem indício cadastral crítico,FOUND,ATIVA,8,88,165388.91,68348.775082,105244.60317209057,0.922,Comportamento esperado
338,204394,Gervásio Maia,PSB,PB,Hotéis,"Hospedagem ,exceto Do Parlamentar No Distrito Federal.",0,Sem indício cadastral crítico,FOUND,ATIVA,15,48,6376.77,9643.162222,20671.000404330745,-0.158,Comportamento esperado
598,179001,Márcio Biolchi,MDB,RS,Viagens,Passagem Aérea - Sigepa,,,,,0,349,394818.53,223297.576531,126627.95953182003,1.3545,Comportamento esperado
309,160598,Flávia Morais,MDB,GO,Viagens,Passagem Aérea - Sigepa,,,,,0,1,3079.73,12997.291429,13545.423262596489,-0.7322,Comportamento esperado
145,204376,Coronel Armando,PL,SC,Viagens,Passagem Aérea - Reembolso,0,Sem indício cadastral crítico,FOUND,ATIVA,3,13,12994.48,9023.088750,8047.509872572903,0.4935,Comportamento esperado
841,141552,Valtenir Pereira,MDB,MT,Alimentação,Fornecimento De Alimentação Do Parlamentar,0,Sem indício cadastral crítico,FOUND,ATIVA,13,14,949.14,2273.261250,4466.178507118996,-0.2965,Comportamento esperado
554,204506,Marcos Pereira,REPUBLICANOS,SP,Viagens,Passagem Aérea - Sigepa,,,,,0,214,163358.05,185430.171967,136227.76556134285,-0.162,Comportamento esperado
445,220640,Juliana Cardoso,PT,SP,Hotéis,"Hospedagem ,exceto Do Parlamentar No Distrito Federal.",0,Sem indício cadastral crítico,FOUND,ATIVA,11,18,6649.02,10014.789189,11435.329101648113,-0.2943,Comportamento esperado
239,204434,Dra. Vanda Milani,PROS,AC,Viagens,Passagem Aérea - Rpa,0,Sem indício cadastral crítico,FOUND,ATIVA,2,23,41442.18,17368.935000,20856.5816470984,1.1542,Comportamento esperado
276,220645,Erika Hilton,PSOL,SP,Publicidade,Divulgação Da Atividade Parlamentar.,0,Sem indício cadastral crítico,FOUND,ATIVA,24,77,196376.05,243741.226243,313657.1515008437,-0.151,Comportamento esperado
346,220531,Gilvan Maximo,REPUBLICANOS,DF,Outros,Manutenção De Escritório De Apoio À Atividade Parlamentar,0,Sem indício cadastral crítico,FOUND,ATIVA,3,52,38975.09,95246.480000,164390.52276665662,-0.3423,Comportamento esperado
826,220597,Thiago Flores,UNIÃO,RO,Alimentação,Fornecimento De Alimentação Do Parlamentar,1,Situação cadastral não ativa: BAIXADA,FOUND,BAIXADA,1,1,158.00,3332.884500,5228.833199412531,-0.6072,Fornecedor com CNPJ suspeito
720,225386,Renan Ferreirinha,PSD,RJ,Alimentação,Fornecimento De Alimentação Do Parlamentar,0,Sem indício cadastral crítico,FOUND,ATIVA,8,11,866.04,5314.154545,11413.915891543053,-0.3897,Comportamento esperado
541,204558,Marcelo Nilo,REPUBLICANOS,BA,Viagens,Passagem Aérea - Rpa,0,Sem indício cadastral crítico,FOUND,ATIVA,3,67,76938.29,31763.658913,54219.86604798766,0.8332,Comportamento esperado
651,218741,Patrick Dorneles,PSD,PB,Serviços profissionais,"Consultorias, Pesquisas E Trabalhos Técnicos.",0,Sem indício cadastral crítico,FOUND,ATIVA,1,1,6000.00,52901.666667,54299.06776921737,-0.8638,Comportamento esperado
129,204496,Celso Sabino,PDT,PA,Outros,Manutenção De Escritório De Apoio À Atividade Parlamentar,0,Sem indício cadastral crítico,FOUND,ATIVA,1,2,184.99,42888.542571,70113.4772677672,-0.6091,Comportamento esperado
874,230768,Zé Adriano,PP,AC,Combustível,Combustíveis E Lubrificantes.,0,Sem indício cadastral crítico,FOUND,ATIVA,7,27,114372.71,74559.202308,89345.09325877228,0.4456,Comportamento esperado
356,198197,Greyce Elias,AVANTE,MG,Locomoção,Locação Ou Fretamento De Veículos Automotores,1,Situação cadastral não ativa: BAIXADA,FOUND,BAIXADA,1,1,1443.58,199358.988889,190617.58878325575,-1.0383,Fornecedor com CNPJ suspeito
193,220649,Delegado Da Cunha,UNIÃO,SP,Hotéis,"Hospedagem ,exceto Do Parlamentar No Distrito Federal.",0,Sem indício cadastral crítico,FOUND,ATIVA,9,12,10131.65,10014.789189,11435.329101648113,0.0102,Comportamento esperado
170,74060,Daniel Almeida,PCDOB,BA,Publicidade,Divulgação Da Atividade Parlamentar.,1,Situação cadastral não ativa: BAIXADA,FOUND,BAIXADA,2,8,37485.00,317318.910361,328157.1355142384,-0.8527,Fornecedor com CNPJ suspeito
222,221339,Dr. Benjamim,UNIÃO,MA,Publicidade,Divulgação Da Atividade Parlamentar.,0,Sem indício cadastral crítico,FOUND,ATIVA,5,22,439650.00,299945.123175,386285.4495039867,0.3617,Comportamento esperado
840,160610,Valmir Assunção,PT,BA,Viagens,Passagem Aérea - Reembolso,0,Sem indício cadastral crítico,FOUND,ATIVA,5,6,13420.97,6722.195000,9392.208684505544,0.7132,Comportamento esperado
810,204535,Sâmia Bomfim,PSOL,SP,Outros,"Passagens Terrestres, Marítimas Ou Fluviais",0,Sem indício cadastral crítico,FOUND,ATIVA,1,2,956.84,996.486667,1138.3419633085512,-0.0348,Comportamento esperado
119,74262,Carlos Sampaio,PSDB,SP,Hotéis,"Hospedagem ,exceto Do Parlamentar No Distrito Federal.",0,Sem indício cadastral crítico,FOUND,ATIVA,7,8,2501.52,10014.789189,11435.329101648113,-0.657,Comportamento esperado
718,205865,Reinhold Stephanes,PL,PR,Outros,"Serviço De Táxi, Pedágio E Estacionamento",0,Sem indício cadastral crítico,FOUND,ATIVA,4,444,29895.68,5713.999474,13397.131596894355,1.805,Comportamento esperado
334,178966,Geovania De Sá,PSDB,SC,Hotéis,"Hospedagem ,exceto Do Parlamentar No Distrito Federal.",0,Sem indício cadastral crítico,FOUND,ATIVA,28,90,21560.49,36695.958649,43528.74004922331,-0.3477,Comportamento esperado
234,220528,Dr. Victor Linhalis,PODE,ES,Outros,Manutenção De Escritório De Apoio À Atividade Parlamentar,0,Sem indício cadastral crítico,FOUND,ATIVA,5,101,311207.05,101936.796563,164857.25422120074,1.2694,Comportamento esperado
195,204512,Delegado Marcelo Freitas,UNIÃO,MG,Combustível,Combustíveis E Lubrificantes.,0,Sem indício cadastral crítico,FOUND,ATIVA,198,704,215719.10,65306.104375,92314.0005265802,1.6294,Comportamento esperado
552,204431,Marcos Aurélio Sampaio,PSD,PI,Locomoção,Locação Ou Fretamento De Veículos Automotores,0,Sem indício cadastral crítico,FOUND,ATIVA,2,13,156000.00,264114.661053,215307.58327079436,-0.5021,Comportamento esperado
158,206018,Célia Xakriabá,PSOL,MG,Locomoção,Locação Ou Fretamento De Veículos Automotores,0,Sem indício cadastral crítico,FOUND,ATIVA,1,66,333208.18,199358.988889,190617.58878325575,0.7022,Comportamento esperado
526,139285,Lídice Da Mata,PSB,BA,Hotéis,"Hospedagem ,exceto Do Parlamentar No Distrito Federal.",0,Sem indício cadastral crítico,FOUND,ATIVA,25,48,12371.32,14559.116889,26542.375379101115,-0.0824,Comportamento esperado
837,223398,Ulisses Guimarães,MDB,MG,Viagens,Passagem Aérea - Sigepa,,,,,0,36,49727.47,195216.599630,167832.49260588933,-0.8669,Comportamento esperado
556,178943,Marcos Soares,UNIÃO,RJ,Alimentação,Fornecimento De Alimentação Do Parlamentar,0,Sem indício cadastral crítico,FOUND,ATIVA,106,152,14055.65,5314.154545,11413.915891543053,0.7659,Comportamento esperado
6,221328,Adilson Barroso,PL,SP,Combustível,Combustíveis E Lubrificantes.,1,Situação cadastral não ativa: BAIXADA,FOUND,BAIXADA,2,2,511.95,42192.750821,64034.19773844777,-0.6509,Fornecedor com CNPJ suspeito
469,178832,Leandre,PSD,PR,Hotéis,"Hospedagem ,exceto Do Parlamentar No Distrito Federal.",0,Sem indício cadastral crítico,FOUND,ATIVA,38,87,12840.79,18419.328649,34024.43115299299,-0.164,Comportamento esperado
62,160553,Antonio Brito,PSD,BA,Comunicação,Telefonia,0,Sem indício cadastral crítico,FOUND,ATIVA,3,43,78078.60,23153.030698,23468.568952979214,2.3404,Possível anomalia financeira
765,220644,Rosangela Moro,PL,SP,Comunicação,Telefonia,0,Sem indício cadastral crítico,FOUND,ATIVA,4,58,11114.38,19889.940211,25751.500071775903,-0.3408,Comportamento esperado
185,220659,Dayany Bittencourt,UNIÃO,CE,Outros,Manutenção De Escritório De Apoio À Atividade Parlamentar,0,Sem indício cadastral crítico,FOUND,ATIVA,5,65,119739.18,68348.775082,105244.60317209057,0.4883,Comportamento esperado
645,180214,Pastor Diniz,UNIÃO,RR,Outros,Manutenção De Escritório De Apoio À Atividade Parlamentar,0,Documento não consultado por não ser CNPJ,NOT_APPLICABLE,,2,38,147500.00,80921.562903,170825.55022261123,0.3897,Comportamento esperado
207,160588,Diego Andrade,PSD,MG,Hotéis,"Hospedagem ,exceto Do Parlamentar No Distrito Federal.",0,Sem indício cadastral crítico,FOUND,ATIVA,9,11,7127.71,17018.453084,26330.369533202334,-0.3756,Comportamento esperado
213,220602,Dimas Gadelha,PT,RJ,Publicidade,Divulgação Da Atividade Parlamentar.,0,Sem indício cadastral crítico,FOUND,ATIVA,14,40,669597.52,226781.355120,259582.44863584734,1.7059,Comportamento esperado
562,178956,Mariana Carvalho,REPUBLICANOS,RO,Comunicação,Telefonia,0,Sem indício cadastral crítico,FOUND,ATIVA,1,9,9962.45,15683.564000,17340.40119270922,-0.3299,Comportamento esperado
257,74075,Elcione Barbalho,MDB,PA,Comunicação,Telefonia,0,Sem indício cadastral crítico,FOUND,ATIVA,7,82,47893.49,14410.800000,15329.862478744984,2.1841,Possível anomalia financeira
681,122974,Pedro Lucas Fernandes,UNIÃO,MA,Locomoção,Locação Ou Fretamento De Veículos Automotores,0,Sem indício cadastral crítico,FOUND,ATIVA,4,51,261307.38,122090.952683,112418.39663710551,1.2384,Comportamento esperado
310,191923,Flávio Nogueira,PT,PI,Hotéis,"Hospedagem ,exceto Do Parlamentar No Distrito Federal.",0,Sem indício cadastral crítico,FOUND,ATIVA,8,18,9924.06,7549.470769,12134.625273294365,0.1957,Comportamento esperado
298,220656,Fernanda Pessoa,PSD,CE,Hotéis,"Hospedagem ,exceto Do Parlamentar No Distrito Federal.",0,Sem indício cadastral crítico,FOUND,ATIVA,12,25,27885.56,14861.399063,17345.750222182687,0.7509,Comportamento esperado
828,219568,Tiago Andrino,PSB,TO,Viagens,Passagem Aérea - Sigepa,,,,,0,32,44789.25,76378.544118,54414.42672468753,-0.5805,Comportamento esperado
209,178929,Diego Garcia,UNIÃO,PR,Comunicação,Telefonia,0,Sem indício cadastral crítico,FOUND,ATIVA,2,52,56865.33,10984.091277,13121.60062975809,3.4966,Anomalia financeira extrema
551,160535,Marcon,PT,RS,Outros,Manutenção De Escritório De Apoio À Atividade Parlamentar,1,Situação cadastral não ativa: BAIXADA,FOUND,BAIXADA,1,1,60.78,109428.142500,149558.61424927576,-0.7313,Fornecedor com CNPJ suspeito
281,178871,Evair Vieira De Melo,PP,ES,Hotéis,"Hospedagem ,exceto Do Parlamentar No Distrito Federal.",0,Sem indício cadastral crítico,FOUND,ATIVA,7,11,2906.13,14136.593684,23816.6886480095,-0.4715,Comportamento esperado
716,221378,Reginete Bispo,PT,RS,Outros,Manutenção De Escritório De Apoio À Atividade Parlamentar,1,Situação cadastral não ativa: BAIXADA,FOUND,BAIXADA,1,4,1837.25,109428.142500,149558.61424927576,-0.7194,Fornecedor com CNPJ suspeito
600,221183,Márcio Dória,PCDOB,SE,Publicidade,Divulgação Da Atividade Parlamentar.,0,Sem indício cadastral crítico,FOUND,ATIVA,3,3,8500.00,230946.483077,301200.1033422071,-0.7385,Comportamento esperado
726,235088,Ribeiro Neto,SOLIDARIEDADE,MA,Locomoção,Locação Ou Fretamento De Veículos Automotores,0,Sem indício cadastral crítico,FOUND,ATIVA,2,4,17206.93,122090.952683,112418.39663710551,-0.933,Comportamento esperado
681,122974,Pedro Lucas Fernandes,UNIÃO,MA,Viagens,Passagem Aérea - Sigepa,,,,,0,278,254888.86,132207.227045,122458.5508602934,1.0018,Comportamento esperado
176,204409,Daniel Trzeciak,PSDB,RS,Hotéis,"Hospedagem ,exceto Do Parlamentar No Distrito Federal.",0,Sem indício cadastral crítico,FOUND,ATIVA,106,343,111095.75,21826.986437,35658.661568585754,2.5034,Possível anomalia financeira
132,204490,Charlles Evangelista,PP,MG,Outros,"Serviço De Táxi, Pedágio E Estacionamento",0,Sem indício cadastral crítico,FOUND,ATIVA,14,145,4430.13,5572.245385,10370.293242628488,-0.1101,Comportamento esperado
741,220588,Roberto Duarte,REPUBLICANOS,AC,Combustível,Combustíveis E Lubrificantes.,0,Sem indício cadastral crítico,FOUND,ATIVA,78,663,201634.17,74559.202308,89345.09325877228,1.4223,Comportamento esperado
467,74856,Laura Carneiro,PSD,RJ,Combustível,Combustíveis E Lubrificantes.,0,Sem indício cadastral crítico,FOUND,ATIVA,172,874,164693.07,44023.319398,62812.667137756165,1.9211,Comportamento esperado
352,107283,Gleisi Hoffmann,PT,PR,Publicidade,Divulgação Da Atividade Parlamentar.,0,Sem indício cadastral crítico,FOUND,ATIVA,12,112,614544.20,263664.052022,329972.5348930845,1.0634,Comportamento esperado
370,178873,Helder Salomão,PT,ES,Comunicação,Telefonia,0,Sem indício cadastral crítico,FOUND,ATIVA,2,63,63533.72,19441.733636,20791.65600073225,2.1207,Possível anomalia financeira
24,160511,Alessandro Molon,PSB,RJ,Outros,"Serviço De Táxi, Pedágio E Estacionamento",0,Sem indício cadastral crítico,FOUND,ATIVA,6,359,26231.00,8455.730411,14321.838989715481,1.2411,Comportamento esperado
804,104552,Socorro Neri,PP,AC,Publicidade,Divulgação Da Atividade Parlamentar.,0,Sem indício cadastral crítico,FOUND,ATIVA,22,225,1075720.65,295132.464706,394989.3569390969,1.9762,Comportamento esperado
865,74044,Wilson Santiago,REPUBLICANOS,PB,Combustível,Combustíveis E Lubrificantes.,0,Sem indício cadastral crítico,FOUND,ATIVA,188,622,150403.96,61582.608974,85760.8839439169,1.0357,Comportamento esperado
531,204471,Mara Rocha,MDB,AC,Viagens,Passagem Aérea - Reembolso,0,Sem indício cadastral crítico,FOUND,ATIVA,1,2,4763.50,9056.415455,5089.4459464667925,-0.8435,Comportamento esperado
297,204407,Fernanda Melchionna,PSOL,RS,Outros,"Passagens Terrestres, Marítimas Ou Fluviais",0,Sem indício cadastral crítico,FOUND,ATIVA,7,60,8740.13,4236.036552,8253.072405382596,0.5457,Comportamento esperado
332,204484,General Peternelli,UNIÃO,SP,Outros,"Serviço De Táxi, Pedágio E Estacionamento",0,Sem indício cadastral crítico,FOUND,ATIVA,2,21,6577.75,11967.060840,16796.655097373645,-0.3209,Comportamento esperado
735,220633,Ricardo Salles,NOVO,SP,Publicidade,Divulgação Da Atividade Parlamentar.,0,Sem indício cadastral crítico,FOUND,ATIVA,5,99,616255.99,243741.226243,313657.1515008437,1.1876,Comportamento esperado
371,220537,Helena Lima,PSD,RR,Outros,Manutenção De Escritório De Apoio À Atividade Parlamentar,1,Situação cadastral não ativa: BAIXADA,FOUND,BAIXADA,1,7,5616.40,80921.562903,170825.55022261123,-0.4408,Fornecedor com CNPJ suspeito
883,123086,Átila Lira,PP,PI,Locomoção,Locação Ou Fretamento De Veículos Automotores,0,Sem indício cadastral crítico,FOUND,ATIVA,4,34,418400.00,264114.661053,215307.58327079436,0.7166,Comportamento esperado
404,74273,Jefferson Campos,PL,SP,Locomoção,Locação Ou Fretamento De Veículos Automotores,1,Situação cadastral não ativa: BAIXADA,FOUND,BAIXADA,5,70,263070.51,147254.510948,139673.23431152088,0.8292,Fornecedor com CNPJ suspeito
749,141531,Rodrigo De Castro,UNIÃO,MG,Comunicação,Telefonia,0,Sem indício cadastral crítico,FOUND,ATIVA,2,56,20681.59,15607.667083,19082.29985422686,0.2659,Comportamento esperado
777,178990,Samuel Moreira,PSDB,SP,Locomoção,Locação Ou Fretamento De Veículos Automotores,0,Sem indício cadastral crítico,FOUND,ATIVA,2,12,37650.00,147254.510948,139673.23431152088,-0.7847,Comportamento esperado
166,74467,Damião Feliciano,UNIÃO,PB,Hotéis,"Hospedagem ,exceto Do Parlamentar No Distrito Federal.",0,Sem indício cadastral crítico,FOUND,ATIVA,6,9,8818.40,9643.162222,20671.000404330745,-0.0399,Comportamento esperado
666,220685,Paulo Litro,UNIÃO,PR,Outros,"Serviço De Táxi, Pedágio E Estacionamento",0,Sem indício cadastral crítico,FOUND,ATIVA,14,56,504.20,5713.999474,13397.131596894355,-0.3889,Comportamento esperado
73,160665,Augusto Coutinho,REPUBLICANOS,PE,Viagens,Passagem Aérea - Rpa,0,Sem indício cadastral crítico,FOUND,ATIVA,3,13,13171.17,15238.795000,22485.76149111043,-0.092,Comportamento esperado
646,160642,Pastor Eurico,PSDB,PE,Hotéis,"Hospedagem ,exceto Do Parlamentar No Distrito Federal.",1,Erro na consulta pública de CNPJ,ERROR,,1,17,15280.67,17089.374528,23447.97906027458,-0.0771,Fornecedor com CNPJ suspeito
511,141487,Luiz Fernando Faria,UNIÃO,MG,Publicidade,Divulgação Da Atividade Parlamentar.,1,Situação cadastral não ativa: BAIXADA,FOUND,BAIXADA,2,40,210480.00,194891.353020,276881.75990132586,0.0563,Fornecedor com CNPJ suspeito
557,220604,Marcos Tavares,PDT,RJ,Combustível,Combustíveis E Lubrificantes.,1,Situação cadastral não ativa: BAIXADA,FOUND,BAIXADA,2,2,361.87,44023.319398,62812.667137756165,-0.6951,Fornecedor com CNPJ suspeito
200,220619,Delegado Ramagem,PL,RJ,Outros,Manutenção De Escritório De Apoio À Atividade Parlamentar,0,Sem indício cadastral crítico,FOUND,ATIVA,15,129,169648.91,80988.593819,134414.71100556676,0.6596,Comportamento esperado
25,178972,Alex Manente,CIDADANIA,SP,Locomoção,Locação Ou Fretamento De Veículos Automotores,0,Sem indício cadastral crítico,FOUND,ATIVA,5,12,39941.17,147254.510948,139673.23431152088,-0.7683,Comportamento esperado
419,218245,Jorielson,PL,AP,Publicidade,Divulgação Da Atividade Parlamentar.,0,Sem indício cadastral crítico,FOUND,ATIVA,1,4,52000.00,282209.245429,388109.6753004129,-0.5932,Comportamento esperado
341,204491,Gilberto Abramo,REPUBLICANOS,MG,Outros,Manutenção De Escritório De Apoio À Atividade Parlamentar,0,Sem indício cadastral crítico,FOUND,ATIVA,4,53,37595.37,123562.947566,162703.54342443834,-0.5284,Comportamento esperado
73,160665,Augusto Coutinho,REPUBLICANOS,PE,Outros,Manutenção De Escritório De Apoio À Atividade Parlamentar,1,Situação cadastral não ativa: BAIXADA,FOUND,BAIXADA,2,14,12378.80,90785.734524,140277.34198893898,-0.5589,Fornecedor com CNPJ suspeito
432,204555,José Ricardo,PT,AM,Publicidade,Assinatura De Publicações,0,Sem indício cadastral crítico,FOUND,ATIVA,4,4,1455.58,960.290000,700.4458353077702,0.7071,Comportamento esperado
882,74459,Átila Lira,PP,PI,Locomoção,Locação Ou Fretamento De Veículos Automotores,0,Sem indício cadastral crítico,FOUND,ATIVA,1,13,165100.00,264114.661053,215307.58327079436,-0.4599,Comportamento esperado
543,204556,Marcelo Ramos,PSD,AM,Serviços profissionais,"Consultorias, Pesquisas E Trabalhos Técnicos.",0,Sem indício cadastral crítico,FOUND,ATIVA,2,14,58600.00,49181.950000,43491.54703575003,0.2165,Comportamento esperado
66,220549,Any Ortiz,PP,RS,Combustível,Combustíveis E Lubrificantes.,1,Situação cadastral não ativa: BAIXADA,FOUND,BAIXADA,3,4,794.05,60520.148547,97388.05968907535,-0.6133,Fornecedor com CNPJ suspeito
292,72442,Felipe Carreras,PSB,PE,Publicidade,Divulgação Da Atividade Parlamentar.,1,Situação cadastral não ativa: BAIXADA,FOUND,BAIXADA,1,1,600.00,241972.708182,301628.5621101344,-0.8002,Fornecedor com CNPJ suspeito
670,133968,Paulo Ramos,PDT,RJ,Viagens,Passagem Aérea - Reembolso,0,Sem indício cadastral crítico,FOUND,ATIVA,2,2,908.29,9840.865893,10669.362639943789,-0.8372,Comportamento esperado
630,204498,Olival Marques,PODE,PA,Viagens,Passagem Aérea - Sigepa,,,,,0,308,450334.90,266111.307931,195578.09309190325,0.9419,Comportamento esperado
687,204406,Pedro Westphalen,PP,RS,Publicidade,Divulgação Da Atividade Parlamentar.,0,Sem indício cadastral crítico,FOUND,ATIVA,75,387,532594.22,215724.063125,265101.600265673,1.1953,Comportamento esperado
212,160599,Dimas Fabiano,PP,MG,Outros,"Serviço De Táxi, Pedágio E Estacionamento",0,Sem indício cadastral crítico,FOUND,ATIVA,60,1990,18463.05,5572.245385,10370.293242628488,1.2431,Comportamento esperado
742,220613,Roberto Monteiro Pai,PL,RJ,Locomoção,Locação Ou Fretamento De Veículos Automotores,0,Sem indício cadastral crítico,FOUND,ATIVA,2,70,458800.00,162239.394390,163272.60476613723,1.8164,Comportamento esperado
154,220608,Cristiane Lopes,PODE,RO,Hotéis,"Hospedagem ,exceto Do Parlamentar No Distrito Federal.",0,Sem indício cadastral crítico,FOUND,ATIVA,46,101,64573.59,15598.613913,18502.405565050612,2.647,Possível anomalia financeira
25,178972,Alex Manente,CIDADANIA,SP,Viagens,Passagem Aérea - Sigepa,,,,,0,282,284699.32,185430.171967,136227.76556134285,0.7287,Comportamento esperado
710,220626,Rafael Simoes,UNIÃO,MG,Outros,Manutenção De Escritório De Apoio À Atividade Parlamentar,0,Documento não consultado por não ser CNPJ,NOT_APPLICABLE,,1,36,236162.85,123562.947566,162703.54342443834,0.6921,Comportamento esperado
680,229112,Pedro Jr,PL,TO,Viagens,Passagem Aérea - Sigepa,,,,,0,7,12965.17,76378.544118,54414.42672468753,-1.1654,Comportamento esperado
153,178963,Covatti Filho,PP,RS,Combustível,Combustíveis E Lubrificantes.,1,Situação cadastral não ativa: BAIXADA,FOUND,BAIXADA,5,8,2762.23,60520.148547,97388.05968907535,-0.5931,Fornecedor com CNPJ suspeito
239,204434,Dra. Vanda Milani,PROS,AC,Combustível,Combustíveis E Lubrificantes.,0,Sem indício cadastral crítico,FOUND,ATIVA,17,38,43722.51,74559.202308,89345.09325877228,-0.3451,Comportamento esperado
840,160610,Valmir Assunção,PT,BA,Locomoção,Locação Ou Fretamento De Veículos Automotores,0,Sem indício cadastral crítico,FOUND,ATIVA,2,54,525900.00,292409.611930,213979.496522466,1.0912,Comportamento esperado
193,220649,Delegado Da Cunha,UNIÃO,SP,Outros,Manutenção De Escritório De Apoio À Atividade Parlamentar,0,Sem indício cadastral crítico,FOUND,ATIVA,9,58,173843.93,98538.487659,143509.98800071477,0.5247,Comportamento esperado
24,160511,Alessandro Molon,PSB,RJ,Comunicação,Telefonia,0,Sem indício cadastral crítico,FOUND,ATIVA,3,53,10925.41,11897.719661,18918.17939394703,-0.0514,Comportamento esperado
93,160538,Bohn Gass,PT,RS,Viagens,Passagem Aérea - Rpa,0,Sem indício cadastral crítico,FOUND,ATIVA,1,4,9822.49,23263.014545,27193.710295909314,-0.4943,Comportamento esperado
705,204467,Professora Rosa Neide,PT,MT,Viagens,Passagem Aérea - Rpa,0,Sem indício cadastral crítico,FOUND,ATIVA,1,1,918.90,21401.345000,46787.60669383069,-0.4378,Comportamento esperado
329,160669,Genecias Noronha,PL,CE,Serviços profissionais,"Consultorias, Pesquisas E Trabalhos Técnicos.",0,Sem indício cadastral crítico,FOUND,ATIVA,2,10,127500.00,67459.660000,60466.2251856053,0.993,Comportamento esperado
632,178987,Orlando Silva,PCDOB,SP,Hotéis,"Hospedagem ,exceto Do Parlamentar No Distrito Federal.",0,Sem indício cadastral crítico,FOUND,ATIVA,8,9,8159.66,10014.789189,11435.329101648113,-0.1622,Comportamento esperado
225,220688,Dr. Francisco,PT,PI,Publicidade,Divulgação Da Atividade Parlamentar.,0,Sem indício cadastral crítico,FOUND,ATIVA,11,128,438210.00,255170.175556,326071.87108703476,0.5613,Comportamento esperado
535,205863,Marcelo Brum,REPUBLICANOS,RS,Locomoção,Locação Ou Fretamento De Veículos Automotores,0,Sem indício cadastral crítico,FOUND,ATIVA,2,6,21685.65,182736.733051,177547.8783363845,-0.9071,Comportamento esperado
797,204360,Silvia Cristina,PL,RO,Viagens,Passagem Aérea - Sigepa,,,,,0,40,60336.45,146544.061250,69636.83718620405,-1.238,Comportamento esperado
756,204480,Rogério Correia,PT,MG,Publicidade,Divulgação Da Atividade Parlamentar.,0,Sem indício cadastral crítico,FOUND,ATIVA,19,78,401776.32,194891.353020,276881.75990132586,0.7472,Comportamento esperado
681,122974,Pedro Lucas Fernandes,UNIÃO,MA,Viagens,Passagem Aérea - Rpa,0,Sem indício cadastral crítico,FOUND,ATIVA,2,14,21634.70,17893.360952,34179.698738222214,0.1095,Comportamento esperado
552,204431,Marcos Aurélio Sampaio,PSD,PI,Hotéis,"Hospedagem ,exceto Do Parlamentar No Distrito Federal.",0,Sem indício cadastral crítico,FOUND,ATIVA,3,6,1390.00,7549.470769,12134.625273294365,-0.5076,Comportamento esperado
739,152610,Roberto Alves,REPUBLICANOS,SP,Viagens,Passagem Aérea - Sigepa,,,,,0,42,60370.32,185430.171967,136227.76556134285,-0.918,Comportamento esperado
504,204410,Luisa Canziani,UNIÃO,PR,Outros,"Passagens Terrestres, Marítimas Ou Fluviais",0,Sem indício cadastral crítico,FOUND,ATIVA,1,1,113.99,1895.154815,2124.8795888027494,-0.8382,Comportamento esperado
296,204477,Felício Laterça,PP,RJ,Publicidade,Divulgação Da Atividade Parlamentar.,0,Sem indício cadastral crítico,FOUND,ATIVA,3,10,169325.80,226781.355120,259582.44863584734,-0.2213,Comportamento esperado
84,204358,Beto Pereira,PSDB,MS,Comunicação,Telefonia,0,Sem indício cadastral crítico,FOUND,ATIVA,4,23,9792.51,12463.390000,16925.10623218233,-0.1578,Comportamento esperado
865,74044,Wilson Santiago,REPUBLICANOS,PB,Serviços profissionais,"Consultorias, Pesquisas E Trabalhos Técnicos.",0,Sem indício cadastral crítico,FOUND,ATIVA,3,7,93320.00,52901.666667,54299.06776921737,0.7444,Comportamento esperado
260,160532,Eli Corrêa Filho,UNIÃO,SP,Publicidade,Divulgação Da Atividade Parlamentar.,0,Sem indício cadastral crítico,FOUND,ATIVA,1,8,99193.50,243741.226243,313657.1515008437,-0.4608,Comportamento esperado
16,204549,Aj Albuquerque,PP,CE,Combustível,Combustíveis E Lubrificantes.,1,Situação cadastral não ativa: BAIXADA,FOUND,BAIXADA,2,2,708.43,41977.960833,76764.60304100714,-0.5376,Fornecedor com CNPJ suspeito
407,160531,Jhonatan De Jesus,REPUBLICANOS,RR,Viagens,Passagem Aérea - Sigepa,,,,,0,133,196437.66,163783.293125,88161.1731168696,0.3704,Comportamento esperado
33,204516,Alexis Fonteyne,NOVO,SP,Combustível,Combustíveis E Lubrificantes.,0,Sem indício cadastral crítico,FOUND,ATIVA,20,23,3773.87,42192.750821,64034.19773844777,-0.6,Comportamento esperado
334,178966,Geovania De Sá,PSDB,SC,Viagens,Passagem Aérea - Sigepa,,,,,0,67,80836.99,213397.721034,170101.01243018164,-0.7793,Comportamento esperado
276,220645,Erika Hilton,PSOL,SP,Alimentação,Fornecimento De Alimentação Do Parlamentar,0,Sem indício cadastral crítico,FOUND,ATIVA,17,30,2082.38,3366.001170,5609.697337170304,-0.2288,Comportamento esperado
188,220625,Delegada Ione,AVANTE,MG,Combustível,Combustíveis E Lubrificantes.,0,Sem indício cadastral crítico,FOUND,ATIVA,163,1088,249101.21,65306.104375,92314.0005265802,1.991,Comportamento esperado
356,198197,Greyce Elias,AVANTE,MG,Outros,"Serviço De Táxi, Pedágio E Estacionamento",0,Sem indício cadastral crítico,FOUND,ATIVA,11,171,4248.10,5572.245385,10370.293242628488,-0.1277,Comportamento esperado
387,220563,Icaro De Valmir,REPUBLICANOS,SE,Outros,Manutenção De Escritório De Apoio À Atividade Parlamentar,0,Sem indício cadastral crítico,FOUND,ATIVA,7,68,37935.95,43647.935652,66268.36061748704,-0.0862,Comportamento esperado
444,204420,Julian Lemos,UNIÃO,PB,Viagens,Passagem Aérea - Sigepa,,,,,0,169,239584.24,168235.151250,151254.20824234045,0.4717,Comportamento esperado
121,141398,Carlos Zarattini,PT,SP,Outros,Serviços Postais,0,Sem indício cadastral crítico,FOUND,ATIVA,2,39,6313.05,1015.584878,1403.5425598127083,3.7744,Anomalia financeira extrema
99,220635,Bruno Ganem,PODE,SP,Outros,Manutenção De Escritório De Apoio À Atividade Parlamentar,0,Sem indício cadastral crítico,FOUND,ATIVA,20,251,236954.25,98538.487659,143509.98800071477,0.9645,Comportamento esperado
759,160629,Romero Rodrigues,PODE,PB,Viagens,Passagem Aérea - Sigepa,,,,,0,148,122640.46,168235.151250,151254.20824234045,-0.3014,Comportamento esperado
245,228272,Délio Pinheiro,PDT,MG,Publicidade,Divulgação Da Atividade Parlamentar.,0,Sem indício cadastral crítico,FOUND,ATIVA,2,4,31837.80,194891.353020,276881.75990132586,-0.5889,Comportamento esperado
305,141434,Flaviano Melo,MDB,AC,Viagens,Passagem Aérea - Sigepa,,,,,0,56,89327.94,131556.873333,92765.04055863072,-0.4552,Comportamento esperado
800,204425,Silvio Costa Filho,REPUBLICANOS,PE,Comunicação,Telefonia,0,Sem indício cadastral crítico,FOUND,ATIVA,3,10,6936.66,10941.974167,12252.099914667077,-0.3269,Comportamento esperado
429,204391,José Nelto,PP,GO,Hotéis,"Hospedagem ,exceto Do Parlamentar No Distrito Federal.",0,Sem indício cadastral crítico,FOUND,ATIVA,8,17,3882.70,7024.380500,8737.204954294128,-0.3596,Comportamento esperado
826,220597,Thiago Flores,UNIÃO,RO,Outros,Manutenção De Escritório De Apoio À Atividade Parlamentar,0,Sem indício cadastral crítico,FOUND,ATIVA,7,153,79482.54,40149.183103,63678.43736701476,0.6177,Comportamento esperado
508,73778,Luiz Carlos Hauly,PODE,PR,Locomoção,Locação Ou Fretamento De Veículos Automotores,0,Sem indício cadastral crítico,FOUND,ATIVA,3,35,142417.19,113439.957419,130977.93601797776,0.2212,Comportamento esperado
700,204565,Professora Dayane Pimentel,UNIÃO,BA,Viagens,Passagem Aérea - Sigepa,,,,,0,15,25365.41,219376.223091,157819.4558803826,-1.2293,Comportamento esperado
53,178831,André Abdon,PP,AP,Outros,"Serviço De Táxi, Pedágio E Estacionamento",0,Sem indício cadastral crítico,FOUND,ATIVA,12,81,4483.30,3695.458571,4756.467110816699,0.1656,Comportamento esperado
372,204444,Helio Lopes,PL,RJ,Outros,Manutenção De Escritório De Apoio À Atividade Parlamentar,0,Sem indício cadastral crítico,FOUND,ATIVA,1,17,7455.30,80988.593819,134414.71100556676,-0.5471,Comportamento esperado
47,220596,Amália Barros,PL,MT,Outros,"Serviço De Táxi, Pedágio E Estacionamento",0,Sem indício cadastral crítico,FOUND,ATIVA,9,34,1453.47,3540.579286,11648.42981256765,-0.1792,Comportamento esperado
129,204496,Celso Sabino,UNIÃO,PA,Viagens,Passagem Aérea - Rpa,0,Sem indício cadastral crítico,FOUND,ATIVA,2,12,7067.40,40638.794706,54559.71826891466,-0.6153,Comportamento esperado
314,204494,Fred Costa,PATRIOTA,MG,Locomoção,Locação Ou Fretamento De Veículos Automotores,0,Sem indício cadastral crítico,FOUND,ATIVA,1,14,49158.57,199358.988889,190617.58878325575,-0.788,Comportamento esperado
59,204515,André Janones,AVANTE,MG,Locomoção,Locação Ou Fretamento De Veículos Automotores,0,Sem indício cadastral crítico,FOUND,ATIVA,3,13,60847.50,199358.988889,190617.58878325575,-0.7266,Comportamento esperado
269,198783,Emanuel Pinheiro Neto,PSD,MT,Viagens,Passagem Aérea - Reembolso,0,Sem indício cadastral crítico,FOUND,ATIVA,3,7,14439.51,36104.208462,85065.80718840551,-0.2547,Comportamento esperado
175,204454,Daniel Silveira,PTB,RJ,Outros,"Serviço De Táxi, Pedágio E Estacionamento",0,Sem indício cadastral crítico,FOUND,ATIVA,19,371,12519.35,8455.730411,14321.838989715481,0.2837,Comportamento esperado
532,220648,Marangoni,PODE,SP,Outros,Manutenção De Escritório De Apoio À Atividade Parlamentar,0,Sem indício cadastral crítico,FOUND,ATIVA,8,81,60143.87,98538.487659,143509.98800071477,-0.2675,Comportamento esperado
173,204367,Daniel Freitas,PL,SC,Publicidade,Divulgação Da Atividade Parlamentar.,1,Situação cadastral não ativa: BAIXADA,FOUND,BAIXADA,1,5,30000.00,148561.773265,217765.15459275612,-0.5444,Fornecedor com CNPJ suspeito
290,66828,Fausto Pinato,PP,SP,Viagens,Passagem Aérea - Sigepa,,,,,0,86,132987.29,185430.171967,136227.76556134285,-0.385,Comportamento esperado
427,141470,José Guimarães,PT,CE,Publicidade,Divulgação Da Atividade Parlamentar.,0,Sem indício cadastral crítico,FOUND,ATIVA,18,210,454309.69,263931.285395,366906.3702021798,0.5189,Comportamento esperado
675,90201,Pedro Augusto Bezerra,PDT,CE,Hotéis,"Hospedagem ,exceto Do Parlamentar No Distrito Federal.",0,Sem indício cadastral crítico,FOUND,ATIVA,9,36,16395.45,14861.399063,17345.750222182687,0.0884,Comportamento esperado
316,204393,Frei Anastacio Ribeiro,PT,PB,Serviços profissionais,"Consultorias, Pesquisas E Trabalhos Técnicos.",0,Sem indício cadastral crítico,FOUND,ATIVA,1,12,49200.00,52901.666667,54299.06776921737,-0.0682,Comportamento esperado
614,204415,Nereu Crispim,PSD,RS,Outros,Manutenção De Escritório De Apoio À Atividade Parlamentar,1,Situação cadastral não ativa: BAIXADA,FOUND,BAIXADA,2,22,1638.66,109428.142500,149558.61424927576,-0.7207,Fornecedor com CNPJ suspeito
780,204416,Sanderson,PL,RS,Outros,"Serviço De Táxi, Pedágio E Estacionamento",0,Sem indício cadastral crítico,FOUND,ATIVA,2,7,595.60,10192.084923,16137.89190584743,-0.5947,Comportamento esperado
206,220689,Detinha,PL,MA,Publicidade,Divulgação Da Atividade Parlamentar.,0,Sem indício cadastral crítico,FOUND,ATIVA,4,65,820000.00,299945.123175,386285.4495039867,1.3463,Comportamento esperado
447,66385,Julio Arcoverde,PP,PI,Publicidade,Divulgação Da Atividade Parlamentar.,0,Sem indício cadastral crítico,FOUND,ATIVA,4,49,258955.90,255170.175556,326071.87108703476,0.0116,Comportamento esperado
75,160512,Aureo Ribeiro,SOLIDARIEDADE,RJ,Viagens,Passagem Aérea - Reembolso,0,Sem indício cadastral crítico,FOUND,ATIVA,3,6,14141.96,9840.865893,10669.362639943789,0.4031,Comportamento esperado
673,171617,Paulão,PT,AL,Locomoção,Locação Ou Fretamento De Veículos Automotores,0,Sem indício cadastral crítico,FOUND,ATIVA,4,104,552486.00,233502.585833,195708.62456859284,1.6299,Comportamento esperado
359,204531,Guilherme Derrite,PL,SP,Outros,"Serviço De Táxi, Pedágio E Estacionamento",0,Sem indício cadastral crítico,FOUND,ATIVA,15,78,9515.85,11967.060840,16796.655097373645,-0.1459,Comportamento esperado
832,197438,Tito,AVANTE,BA,Viagens,Passagem Aérea - Sigepa,,,,,0,46,80652.84,219376.223091,157819.4558803826,-0.879,Comportamento esperado
359,204531,Guilherme Derrite,PL,SP,Locomoção,Locação Ou Fretamento De Veículos Automotores,1,Situação cadastral não ativa: BAIXADA,FOUND,BAIXADA,3,26,72580.55,147254.510948,139673.23431152088,-0.5346,Fornecedor com CNPJ suspeito
466,98057,Lafayette De Andrada,REPUBLICANOS,MG,Hotéis,"Hospedagem ,exceto Do Parlamentar No Distrito Federal.",0,Sem indício cadastral crítico,FOUND,ATIVA,3,4,1700.02,17018.453084,26330.369533202334,-0.5818,Comportamento esperado
787,226837,Saulo Pedroso,PSD,SP,Hotéis,"Hospedagem ,exceto Do Parlamentar No Distrito Federal.",0,Sem indício cadastral crítico,FOUND,ATIVA,18,22,18925.78,10014.789189,11435.329101648113,0.7793,Comportamento esperado
130,204504,Cezinha De Madureira,PL,SP,Outros,Manutenção De Escritório De Apoio À Atividade Parlamentar,0,Documento não consultado por não ser CNPJ,NOT_APPLICABLE,,2,15,108205.72,98538.487659,143509.98800071477,0.0674,Comportamento esperado
652,74160,Patrus Ananias,PT,MG,Combustível,Combustíveis E Lubrificantes.,1,Situação cadastral não ativa: BAIXADA,FOUND,BAIXADA,6,15,3035.20,65306.104375,92314.0005265802,-0.6746,Fornecedor com CNPJ suspeito
558,204430,Margarete Coelho,PP,PI,Outros,Manutenção De Escritório De Apoio À Atividade Parlamentar,0,Sem indício cadastral crítico,FOUND,ATIVA,6,62,24774.05,64892.367419,74159.10998309037,-0.541,Comportamento esperado
209,178929,Diego Garcia,UNIÃO,PR,Outros,Serviço De Segurança Prestado Por Empresa Especializada.,0,Sem indício cadastral crítico,FOUND,ATIVA,1,24,12312.00,39044.515556,83285.32824636553,-0.321,Comportamento esperado
191,220642,Delegado Bruno Lima,PODE,SP,Locomoção,Locação Ou Fretamento De Veículos Automotores,0,Sem indício cadastral crítico,FOUND,ATIVA,1,36,244400.00,147254.510948,139673.23431152088,0.6955,Comportamento esperado
842,74376,Vander Loubet,PT,MS,Viagens,Passagem Aérea - Rpa,0,Sem indício cadastral crítico,FOUND,ATIVA,2,17,19692.99,17942.155000,19044.285855017733,0.0919,Comportamento esperado
546,221147,Marcia Scherer,MDB,RS,Outros,Manutenção De Escritório De Apoio À Atividade Parlamentar,0,Sem indício cadastral crítico,FOUND,ATIVA,1,1,3838.18,109428.142500,149558.61424927576,-0.706,Comportamento esperado
59,204515,André Janones,AVANTE,MG,Serviços profissionais,"Consultorias, Pesquisas E Trabalhos Técnicos.",0,Sem indício cadastral crítico,FOUND,ATIVA,2,16,279518.16,50370.301935,57079.85828457048,4.0145,Anomalia financeira extrema
551,160535,Marcon,PT,RS,Alimentação,Fornecimento De Alimentação Do Parlamentar,0,Sem indício cadastral crítico,FOUND,ATIVA,184,479,21474.86,7368.085075,13657.337051272762,1.0329,Comportamento esperado
797,204360,Silvia Cristina,PP,RO,Viagens,Passagem Aérea - Sigepa,,,,,0,220,169077.20,146544.061250,69636.83718620405,0.3236,Comportamento esperado
148,220595,Coronel Fernanda,PL,MT,Viagens,Passagem Aérea - Sigepa,,,,,0,277,352866.52,116334.207895,92091.32039496631,2.5685,Possível anomalia financeira
33,204516,Alexis Fonteyne,NOVO,SP,Outros,"Serviço De Táxi, Pedágio E Estacionamento",0,Sem indício cadastral crítico,FOUND,ATIVA,1,140,4366.74,11967.060840,16796.655097373645,-0.4525,Comportamento esperado
667,74574,Paulo Magalhães,PSD,BA,Locomoção,Locação Ou Fretamento De Veículos Automotores,0,Sem indício cadastral crítico,FOUND,ATIVA,2,47,511450.00,292409.611930,213979.496522466,1.0237,Comportamento esperado
527,166402,Magda Mofatto,PL,GO,Outros,Manutenção De Escritório De Apoio À Atividade Parlamentar,0,Sem indício cadastral crítico,FOUND,ATIVA,10,149,863454.47,100447.486545,162486.21407041358,4.6958,Anomalia financeira extrema
160,178876,Célio Silveira,MDB,GO,Hotéis,"Hospedagem ,exceto Do Parlamentar No Distrito Federal.",0,Sem indício cadastral crítico,FOUND,ATIVA,8,40,7802.63,7024.380500,8737.204954294128,0.0891,Comportamento esperado
480,74585,Lincoln Portela,PL,MG,Comunicação,Telefonia,0,Sem indício cadastral crítico,FOUND,ATIVA,5,51,5924.18,15607.667083,19082.29985422686,-0.5075,Comportamento esperado
123,220704,Carol Dartora,PT,PR,Publicidade,Divulgação Da Atividade Parlamentar.,0,Sem indício cadastral crítico,FOUND,ATIVA,21,88,430409.00,263664.052022,329972.5348930845,0.5053,Comportamento esperado
474,80815,Leo Prates,REPUBLICANOS,BA,Outros,Manutenção De Escritório De Apoio À Atividade Parlamentar,0,Sem indício cadastral crítico,FOUND,ATIVA,6,233,337959.50,98257.521290,134321.8726415135,1.7845,Comportamento esperado
198,220652,Delegado Palumbo,PODE,SP,Comunicação,Telefonia,0,Sem indício cadastral crítico,FOUND,ATIVA,2,39,15680.80,19889.940211,25751.500071775903,-0.1635,Comportamento esperado
184,204511,David Soares,UNIÃO,SP,Combustível,Combustíveis E Lubrificantes.,0,Sem indício cadastral crítico,FOUND,ATIVA,59,87,17623.47,42192.750821,64034.19773844777,-0.3837,Comportamento esperado
167,220629,Dandara,PT,MG,Hotéis,"Hospedagem ,exceto Do Parlamentar No Distrito Federal.",0,Sem indício cadastral crítico,FOUND,ATIVA,20,24,14990.85,17018.453084,26330.369533202334,-0.077,Comportamento esperado
112,213762,Carla Dickson,PL,RN,Outros,Manutenção De Escritório De Apoio À Atividade Parlamentar,0,Sem indício cadastral crítico,FOUND,ATIVA,5,26,31178.67,114159.151154,175330.5134804051,-0.4733,Comportamento esperado
787,226837,Saulo Pedroso,PSD,SP,Outros,"Serviço De Táxi, Pedágio E Estacionamento",0,Sem indício cadastral crítico,FOUND,ATIVA,10,62,18694.33,11967.060840,16796.655097373645,0.4005,Comportamento esperado
466,98057,Lafayette De Andrada,PL,MG,Outros,Serviços Postais,0,Sem indício cadastral crítico,FOUND,ATIVA,1,8,5784.88,2049.065200,4121.470694655126,0.9064,Comportamento esperado
171,220582,Daniel Barbosa,PP,AL,Locomoção,Locação Ou Fretamento De Veículos Automotores,1,Situação cadastral não ativa: BAIXADA,FOUND,BAIXADA,1,1,2159.21,233502.585833,195708.62456859284,-1.1821,Fornecedor com CNPJ suspeito
213,220602,Dimas Gadelha,PT,RJ,Outros,Manutenção De Escritório De Apoio À Atividade Parlamentar,1,Situação cadastral não ativa: BAIXADA,FOUND,BAIXADA,1,4,33600.00,80988.593819,134414.71100556676,-0.3526,Fornecedor com CNPJ suspeito
473,178825,Leo De Brito,PT,AC,Alimentação,Fornecimento De Alimentação Do Parlamentar,0,Sem indício cadastral crítico,FOUND,ATIVA,3,11,271.50,3506.161818,10352.10370735419,-0.3125,Comportamento esperado
752,74693,Rodrigo Maia,PSDB,RJ,Combustível,Combustíveis E Lubrificantes.,0,Sem indício cadastral crítico,FOUND,ATIVA,6,9,1915.28,44023.319398,62812.667137756165,-0.6704,Comportamento esperado
752,74693,Rodrigo Maia,PSDB,RJ,Viagens,Passagem Aérea - Sigepa,,,,,0,32,52692.94,213577.740357,175550.75566941444,-0.9165,Comportamento esperado
624,178986,Nilto Tatto,PT,SP,Serviços profissionais,"Consultorias, Pesquisas E Trabalhos Técnicos.",1,Situação cadastral não ativa: BAIXADA,FOUND,BAIXADA,1,6,3154.17,42478.291429,47664.49520078613,-0.825,Fornecedor com CNPJ suspeito
731,234310,Ricardo Galvão,REDE,SP,Alimentação,Fornecimento De Alimentação Do Parlamentar,0,Sem indício cadastral crítico,FOUND,ATIVA,1,1,70.17,3366.001170,5609.697337170304,-0.5875,Comportamento esperado
254,141421,Eduardo Da Fonte,PP,PE,Publicidade,Divulgação Da Atividade Parlamentar.,0,Sem indício cadastral crítico,FOUND,ATIVA,37,547,869049.94,241972.708182,301628.5621101344,2.079,Possível anomalia financeira
343,220529,Gilson Daniel,PODE,ES,Combustível,Combustíveis E Lubrificantes.,0,Sem indício cadastral crítico,FOUND,ATIVA,223,598,117898.80,49148.417879,67749.62213949014,1.0148,Comportamento esperado
800,204425,Silvio Costa Filho,REPUBLICANOS,PE,Viagens,Passagem Aérea - Rpa,0,Sem indício cadastral crítico,FOUND,ATIVA,2,16,9399.55,15238.795000,22485.76149111043,-0.2597,Comportamento esperado
701,160639,Professora Dorinha Seabra Rezende,UNIÃO,TO,Combustível,Combustíveis E Lubrificantes.,0,Sem indício cadastral crítico,FOUND,ATIVA,12,37,35003.89,73777.441071,109277.9364585353,-0.3548,Comportamento esperado
439,141459,João Maia,PP,RN,Viagens,Passagem Aérea - Sigepa,,,,,0,151,158435.42,162797.373750,139730.51949096413,-0.0312,Comportamento esperado
84,204358,Beto Pereira,PSDB,MS,Locomoção,Locação Ou Fretamento De Veículos Automotores,0,Sem indício cadastral crítico,FOUND,ATIVA,1,10,101000.00,208841.042857,176263.8077260953,-0.6118,Comportamento esperado
302,204427,Fernando Rodolfo,PL,PE,Serviços profissionais,"Consultorias, Pesquisas E Trabalhos Técnicos.",0,Sem indício cadastral crítico,FOUND,ATIVA,4,12,78500.00,33394.939474,25891.938420366478,1.7421,Comportamento esperado
260,160532,Eli Corrêa Filho,UNIÃO,SP,Outros,Manutenção De Escritório De Apoio À Atividade Parlamentar,0,Sem indício cadastral crítico,FOUND,ATIVA,1,8,7320.00,98538.487659,143509.98800071477,-0.6356,Comportamento esperado
783,204387,Sargento Fahur,PSD,PR,Outros,Manutenção De Escritório De Apoio À Atividade Parlamentar,0,Sem indício cadastral crítico,FOUND,ATIVA,9,67,42093.94,86193.122500,116860.66498214444,-0.3774,Comportamento esperado
301,92699,Fernando Monteiro,PSD,PE,Hotéis,"Hospedagem ,exceto Do Parlamentar No Distrito Federal.",0,Sem indício cadastral crítico,FOUND,ATIVA,36,141,68807.05,17089.374528,23447.97906027458,2.2056,Possível anomalia financeira
93,160538,Bohn Gass,PT,RS,Outros,"Serviço De Táxi, Pedágio E Estacionamento",1,Situação cadastral não ativa: INAPTA,FOUND,INAPTA,4,6,239.00,10192.084923,16137.89190584743,-0.6168,Fornecedor com CNPJ suspeito
323,160587,Fábio Trad,PSD,MS,Viagens,Passagem Aérea - Rpa,0,Sem indício cadastral crítico,FOUND,ATIVA,2,44,61433.60,17942.155000,19044.285855017733,2.2837,Possível anomalia financeira
119,74262,Carlos Sampaio,PSDB,SP,Outros,Serviço De Segurança Prestado Por Empresa Especializada.,0,Sem indício cadastral crítico,FOUND,ATIVA,1,13,3408.27,57471.443333,111341.01915358497,-0.4856,Comportamento esperado
112,213762,Carla Dickson,UNIÃO,RN,Outros,Manutenção De Escritório De Apoio À Atividade Parlamentar,0,Documento não consultado por não ser CNPJ,NOT_APPLICABLE,,1,10,27356.67,114159.151154,175330.5134804051,-0.4951,Comportamento esperado
685,160604,Pedro Uczai,PT,SC,Publicidade,Divulgação Da Atividade Parlamentar.,1,Situação cadastral não ativa: BAIXADA,FOUND,BAIXADA,1,1,1900.00,148561.773265,217765.15459275612,-0.6735,Fornecedor com CNPJ suspeito
145,204376,Coronel Armando,PP,SC,Locomoção,Locação Ou Fretamento De Veículos Automotores,0,Sem indício cadastral crítico,FOUND,ATIVA,2,7,27500.00,154711.621212,151032.92349497412,-0.8423,Comportamento esperado
710,220626,Rafael Simoes,UNIÃO,MG,Publicidade,Divulgação Da Atividade Parlamentar.,0,Sem indício cadastral crítico,FOUND,ATIVA,3,46,549830.00,194891.353020,276881.75990132586,1.2819,Comportamento esperado
437,178970,João Daniel,PT,SE,Locomoção,Locação Ou Fretamento De Veículos Automotores,0,Sem indício cadastral crítico,FOUND,ATIVA,2,49,567200.00,212589.297222,162975.5333971958,2.1759,Possível anomalia financeira
272,230765,Enfermeira Rejane,PCDOB,RJ,Locomoção,Locação Ou Fretamento De Veículos Automotores,0,Sem indício cadastral crítico,FOUND,ATIVA,1,13,97500.00,162239.394390,163272.60476613723,-0.3965,Comportamento esperado
744,204489,Robério Monteiro,PSB,CE,Combustível,Combustíveis E Lubrificantes.,0,Sem indício cadastral crítico,FOUND,ATIVA,43,158,22814.61,41977.960833,76764.60304100714,-0.2496,Comportamento esperado
841,141552,Valtenir Pereira,MDB,MT,Viagens,Passagem Aérea - Reembolso,0,Sem indício cadastral crítico,FOUND,ATIVA,2,3,3078.01,36104.208462,85065.80718840551,-0.3882,Comportamento esperado
712,74084,Raimundo Santos,PSD,PA,Outros,Serviços Postais,0,Sem indício cadastral crítico,FOUND,ATIVA,2,7,18737.85,18737.850000,,,Comportamento esperado
685,160604,Pedro Uczai,PT,SC,Outros,"Serviço De Táxi, Pedágio E Estacionamento",1,Situação cadastral não ativa: BAIXADA,FOUND,BAIXADA,1,5,60.56,2658.067742,3431.982973130558,-0.7569,Fornecedor com CNPJ suspeito
679,217330,Pedro Dalua,PSC,AP,Serviços profissionais,"Consultorias, Pesquisas E Trabalhos Técnicos.",0,Sem indício cadastral crítico,FOUND,ATIVA,2,2,29600.00,74193.690909,67500.34505342109,-0.6606,Comportamento esperado
863,74043,Wellington Roberto,PSD,PB,Outros,Serviço De Segurança Prestado Por Empresa Especializada.,0,Sem indício cadastral crítico,FOUND,ATIVA,2,8,68871.81,23461.340000,30668.444494610416,1.4807,Comportamento esperado
177,204459,Daniela Do Waguinho,REPUBLICANOS,RJ,Outros,Manutenção De Escritório De Apoio À Atividade Parlamentar,0,Sem indício cadastral crítico,FOUND,ATIVA,4,12,4284.79,80988.593819,134414.71100556676,-0.5707,Comportamento esperado
663,204461,Paulo Ganime,NOVO,RJ,Publicidade,Divulgação Da Atividade Parlamentar.,0,Sem indício cadastral crítico,FOUND,ATIVA,4,22,8288.57,226781.355120,259582.44863584734,-0.8417,Comportamento esperado
492,138286,Luciano Alves,PSD,PR,Viagens,Passagem Aérea - Reembolso,0,Sem indício cadastral crítico,FOUND,ATIVA,3,5,8782.88,17801.644063,39455.64199846602,-0.2286,Comportamento esperado
826,220597,Thiago Flores,UNIÃO,RO,Viagens,Passagem Aérea - Reembolso,0,Sem indício cadastral crítico,FOUND,ATIVA,1,1,2633.54,7101.265556,5024.360135719054,-0.8892,Comportamento esperado
792,167614,Severino Ninho,PSB,PE,Viagens,Passagem Aérea - Sigepa,,,,,0,12,14769.15,221741.150682,163177.94412569836,-1.2684,Comportamento esperado
443,220559,Julia Zanatta,PL,SC,Viagens,Passagem Aérea - Sigepa,,,,,0,249,184261.85,213397.721034,170101.01243018164,-0.1713,Comportamento esperado
840,160610,Valmir Assunção,PT,BA,Combustível,Combustíveis E Lubrificantes.,0,Sem indício cadastral crítico,FOUND,ATIVA,93,491,169080.21,76280.976842,110667.4963849575,0.8385,Comportamento esperado
608,204453,Natália Bonavides,PT,RN,Hotéis,"Hospedagem ,exceto Do Parlamentar No Distrito Federal.",0,Sem indício cadastral crítico,FOUND,ATIVA,23,38,29540.78,10401.272857,14188.915930464025,1.3489,Comportamento esperado
51,220676,Andreia Siqueira,PSB,PA,Hotéis,"Hospedagem ,exceto Do Parlamentar No Distrito Federal.",0,Sem indício cadastral crítico,FOUND,ATIVA,1,6,1450.00,12723.705217,19811.362899516178,-0.5691,Comportamento esperado
290,66828,Fausto Pinato,UNIÃO,SP,Combustível,Combustíveis E Lubrificantes.,0,Sem indício cadastral crítico,FOUND,ATIVA,165,582,312327.55,42192.750821,64034.19773844777,4.2186,Anomalia financeira extrema
858,91228,Waldemar Oliveira,AVANTE,PE,Viagens,Passagem Aérea - Sigepa,,,,,0,285,220569.87,221741.150682,163177.94412569836,-0.0072,Comportamento esperado
589,171786,Miguel Ângelo,PT,MG,Outros,Manutenção De Escritório De Apoio À Atividade Parlamentar,0,Sem indício cadastral crítico,FOUND,ATIVA,16,177,134131.20,123562.947566,162703.54342443834,0.065,Comportamento esperado
62,160553,Antonio Brito,PSD,BA,Hotéis,"Hospedagem ,exceto Do Parlamentar No Distrito Federal.",0,Sem indício cadastral crítico,FOUND,ATIVA,2,3,918.00,14559.116889,26542.375379101115,-0.5139,Comportamento esperado
522,141480,Lázaro Botelho,PP,TO,Comunicação,Telefonia,0,Sem indício cadastral crítico,FOUND,ATIVA,1,2,199.31,6929.241333,13569.93291877454,-0.4959,Comportamento esperado
56,204423,André Ferreira,PL,PE,Outros,Manutenção De Escritório De Apoio À Atividade Parlamentar,0,Sem indício cadastral crítico,FOUND,ATIVA,10,370,204817.84,90785.734524,140277.34198893898,0.8129,Comportamento esperado
21,160559,Alceu Moreira,MDB,RS,Publicidade,Divulgação Da Atividade Parlamentar.,0,Sem indício cadastral crítico,FOUND,ATIVA,28,229,538667.75,215724.063125,265101.600265673,1.2182,Comportamento esperado
579,220609,Maurício Carvalho,UNIÃO,RO,Viagens,Passagem Aérea - Sigepa,,,,,0,308,307346.00,146544.061250,69636.83718620405,2.3092,Possível anomalia financeira
96,204502,Bozzella,UNIÃO,SP,Outros,"Serviço De Táxi, Pedágio E Estacionamento",0,Sem indício cadastral crítico,FOUND,ATIVA,1,12,2930.94,11967.060840,16796.655097373645,-0.538,Comportamento esperado
520,204418,Luizão Goulart,SOLIDARIEDADE,PR,Alimentação,Fornecimento De Alimentação Do Parlamentar,0,Sem indício cadastral crítico,FOUND,ATIVA,14,59,2495.50,4173.948542,8441.04850518495,-0.1988,Comportamento esperado
898,,,,NA,Viagens,Passagem Aérea - Reembolso,0,Sem indício cadastral crítico,FOUND,ATIVA,6,18,31866.14,15179.464000,13450.537474399676,1.2406,Comportamento esperado
608,204453,Natália Bonavides,PT,RN,Locomoção,Locação Ou Fretamento De Veículos Automotores,0,Sem indício cadastral crítico,FOUND,ATIVA,14,177,198651.39,157542.546842,185025.17121572056,0.2222,Comportamento esperado
597,220584,Murilo Galdino,REPUBLICANOS,PB,Viagens,Passagem Aérea - Sigepa,,,,,0,172,157411.69,168235.151250,151254.20824234045,-0.0716,Comportamento esperado
724,73801,Renildo Calheiros,PCDOB,PE,Hotéis,"Hospedagem ,exceto Do Parlamentar No Distrito Federal.",0,Sem indício cadastral crítico,FOUND,ATIVA,18,32,18742.90,17089.374528,23447.97906027458,0.0705,Comportamento esperado
703,221338,Professora Luciene Cavalcante,PSOL,SP,Combustível,Combustíveis E Lubrificantes.,0,Sem indício cadastral crítico,FOUND,ATIVA,8,20,3015.19,42192.750821,64034.19773844777,-0.6118,Comportamento esperado
341,204491,Gilberto Abramo,REPUBLICANOS,MG,Locomoção,Locação Ou Fretamento De Veículos Automotores,0,Sem indício cadastral crítico,FOUND,ATIVA,3,9,21312.17,199358.988889,190617.58878325575,-0.9341,Comportamento esperado
313,204510,Franco Cartafina,PP,MG,Hotéis,"Hospedagem ,exceto Do Parlamentar No Distrito Federal.",0,Sem indício cadastral crítico,FOUND,ATIVA,35,51,17552.48,17018.453084,26330.369533202334,0.0203,Comportamento esperado
826,220597,Thiago Flores,UNIÃO,RO,Locomoção,Locação Ou Fretamento De Veículos Automotores,0,Sem indício cadastral crítico,FOUND,ATIVA,2,38,473158.40,233590.273571,213347.19250523738,1.1229,Comportamento esperado
195,204512,Delegado Marcelo Freitas,UNIÃO,MG,Publicidade,Divulgação Da Atividade Parlamentar.,0,Sem indício cadastral crítico,FOUND,ATIVA,32,97,408122.62,194891.353020,276881.75990132586,0.7701,Comportamento esperado
309,160598,Flávia Morais,MDB,GO,Outros,Manutenção De Escritório De Apoio À Atividade Parlamentar,0,Documento não consultado por não ser CNPJ,NOT_APPLICABLE,,2,37,247420.00,100447.486545,162486.21407041358,0.9045,Comportamento esperado
433,74554,José Rocha,UNIÃO,BA,Combustível,Combustíveis E Lubrificantes.,1,Situação cadastral não ativa: SUSPENSA,FOUND,SUSPENSA,1,4,802.23,76280.976842,110667.4963849575,-0.682,Fornecedor com CNPJ suspeito
734,220694,Ricardo Maia,MDB,BA,Viagens,Passagem Aérea - Rpa,0,Sem indício cadastral crítico,FOUND,ATIVA,1,1,185.00,31763.658913,54219.86604798766,-0.5824,Comportamento esperado
702,220580,Professora Goreth,PDT,AP,Outros,Manutenção De Escritório De Apoio À Atividade Parlamentar,0,Sem indício cadastral crítico,FOUND,ATIVA,1,15,8519.15,30123.933200,30290.240248736845,-0.7133,Comportamento esperado
561,204540,Maria Rosas,REPUBLICANOS,SP,Hotéis,"Hospedagem ,exceto Do Parlamentar No Distrito Federal.",0,Sem indício cadastral crítico,FOUND,ATIVA,8,11,9073.99,10014.789189,11435.329101648113,-0.0823,Comportamento esperado
498,220616,Luciano Vieira,PSDB,RJ,Combustível,Combustíveis E Lubrificantes.,1,Situação cadastral não ativa: BAIXADA,FOUND,BAIXADA,2,2,653.99,44023.319398,62812.667137756165,-0.6905,Fornecedor com CNPJ suspeito
862,160518,Weliton Prado,PROS,MG,Viagens,Passagem Aérea - Reembolso,0,Sem indício cadastral crítico,FOUND,ATIVA,2,5,5139.43,7020.191961,10297.188894597206,-0.1826,Comportamento esperado
197,204569,Delegado Pablo,UNIÃO,AM,Outros,Manutenção De Escritório De Apoio À Atividade Parlamentar,0,Documento não consultado por não ser CNPJ,NOT_APPLICABLE,,1,6,24000.00,35177.838000,53399.12696043168,-0.2093,Comportamento esperado
374,220672,Henderson Pinto,UNIÃO,PA,Locomoção,Locação Ou Fretamento De Embarcações,0,Sem indício cadastral crítico,FOUND,ATIVA,1,2,42000.00,190567.000000,349438.6303143944,-0.4252,Comportamento esperado
425,215043,Josivaldo Jp,PSD,MA,Combustível,Combustíveis E Lubrificantes.,1,Situação cadastral não ativa: BAIXADA,FOUND,BAIXADA,3,11,2170.69,34895.172615,52384.05405357016,-0.6247,Fornecedor com CNPJ suspeito
10,141372,Aelton Freitas,PP,MG,Alimentação,Fornecimento De Alimentação Do Parlamentar,1,Situação cadastral não ativa: BAIXADA,FOUND,BAIXADA,5,7,608.36,3421.773553,6721.942950865462,-0.4185,Fornecedor com CNPJ suspeito
342,74270,Gilberto Nascimento,PSC,SP,Serviços profissionais,"Consultorias, Pesquisas E Trabalhos Técnicos.",0,Sem indício cadastral crítico,FOUND,ATIVA,1,13,130000.00,42478.291429,47664.49520078613,1.8362,Comportamento esperado
221,213854,Dr. Agripino Magalhães,UNIÃO,CE,Serviços profissionais,"Consultorias, Pesquisas E Trabalhos Técnicos.",0,Sem indício cadastral crítico,FOUND,ATIVA,2,5,67000.00,67459.660000,60466.2251856053,-0.0076,Comportamento esperado
518,74784,Luiza Erundina,PSOL,SP,Comunicação,Telefonia,0,Sem indício cadastral crítico,FOUND,ATIVA,3,339,128408.40,19889.940211,25751.500071775903,4.2141,Anomalia financeira extrema
177,204459,Daniela Do Waguinho,UNIÃO,RJ,Publicidade,Divulgação Da Atividade Parlamentar.,0,Sem indício cadastral crítico,FOUND,ATIVA,4,20,136492.47,226781.355120,259582.44863584734,-0.3478,Comportamento esperado
57,133439,André Figueiredo,PDT,CE,Viagens,Passagem Aérea - Sigepa,,,,,0,428,529035.11,190828.457826,170630.5409255439,1.9821,Comportamento esperado
450,204457,Juninho Do Pneu,PSDB,RJ,Outros,"Serviço De Táxi, Pedágio E Estacionamento",0,Sem indício cadastral crítico,FOUND,ATIVA,6,58,6637.38,8455.730411,14321.838989715481,-0.127,Comportamento esperado
735,220633,Ricardo Salles,NOVO,SP,Viagens,Passagem Aérea - Reembolso,0,Sem indício cadastral crítico,FOUND,ATIVA,3,9,8533.72,9758.571000,11443.414965885137,-0.107,Comportamento esperado
113,204507,Carla Zambelli,PL,SP,Publicidade,Divulgação Da Atividade Parlamentar.,1,Situação cadastral não ativa: BAIXADA,FOUND,BAIXADA,7,19,55829.81,243741.226243,313657.1515008437,-0.5991,Fornecedor com CNPJ suspeito
154,220608,Cristiane Lopes,PODE,RO,Combustível,Combustíveis E Lubrificantes.,1,Situação cadastral não ativa: BAIXADA,FOUND,BAIXADA,3,6,1608.46,64922.175357,86632.41303886044,-0.7308,Fornecedor com CNPJ suspeito
664,204492,Paulo Guedes,PT,MG,Hotéis,"Hospedagem ,exceto Do Parlamentar No Distrito Federal.",0,Sem indício cadastral crítico,FOUND,ATIVA,10,29,12037.81,17018.453084,26330.369533202334,-0.1892,Comportamento esperado
688,73943,Perpétua Almeida,PCDOB,AC,Outros,Manutenção De Escritório De Apoio À Atividade Parlamentar,0,Documento não consultado por não ser CNPJ,NOT_APPLICABLE,,1,13,16680.00,29735.132000,50394.769544197494,-0.2591,Comportamento esperado
269,198783,Emanuel Pinheiro Neto,PSD,MT,Combustível,Combustíveis E Lubrificantes.,1,Situação cadastral não ativa: INAPTA,FOUND,INAPTA,1,1,50.01,34330.305532,57340.29977264771,-0.5978,Fornecedor com CNPJ suspeito
472,231911,Lenir De Assis,PT,PR,Outros,"Serviço De Táxi, Pedágio E Estacionamento",0,Sem indício cadastral crítico,FOUND,ATIVA,23,339,10391.30,5713.999474,13397.131596894355,0.3491,Comportamento esperado
452,204574,Junior Lourenço,MDB,MA,Publicidade,Divulgação Da Atividade Parlamentar.,0,Sem indício cadastral crítico,FOUND,ATIVA,4,14,177500.00,299945.123175,386285.4495039867,-0.317,Comportamento esperado
876,220536,Zé Haroldo Cathedral,UNIÃO,RR,Comunicação,Telefonia,0,Sem indício cadastral crítico,FOUND,ATIVA,2,30,9943.33,7507.576000,8511.707827192691,0.2862,Comportamento esperado
647,204570,Pastor Gil,PL,MA,Locomoção,Locação Ou Fretamento De Veículos Automotores,1,Situação cadastral não ativa: BAIXADA,FOUND,BAIXADA,2,5,16471.92,122090.952683,112418.39663710551,-0.9395,Fornecedor com CNPJ suspeito
368,204548,Heitor Freire,UNIÃO,CE,Outros,Manutenção De Escritório De Apoio À Atividade Parlamentar,0,Sem indício cadastral crítico,FOUND,ATIVA,3,20,132433.76,68348.775082,105244.60317209057,0.6089,Comportamento esperado
668,128760,Paulo Marinho Jr,PL,MA,Locomoção,Locação Ou Fretamento De Veículos Automotores,0,Sem indício cadastral crítico,FOUND,ATIVA,2,6,66533.34,122090.952683,112418.39663710551,-0.4942,Comportamento esperado
507,141485,Luiz Carlos Busato,UNIÃO,RS,Outros,"Passagens Terrestres, Marítimas Ou Fluviais",0,Sem indício cadastral crítico,FOUND,ATIVA,2,2,98.00,4236.036552,8253.072405382596,-0.5014,Comportamento esperado
544,118594,Marcelo Squassoni,REPUBLICANOS,SP,Publicidade,Divulgação Da Atividade Parlamentar.,0,Sem indício cadastral crítico,FOUND,ATIVA,1,4,34686.24,243741.226243,313657.1515008437,-0.6665,Comportamento esperado
316,204393,Frei Anastacio Ribeiro,PT,PB,Outros,"Serviço De Táxi, Pedágio E Estacionamento",0,Sem indício cadastral crítico,FOUND,ATIVA,1,15,464.79,3622.532000,6817.7985828616265,-0.4632,Comportamento esperado
717,220606,Reimont,PT,RJ,Viagens,Passagem Aérea - Reembolso,0,Sem indício cadastral crítico,FOUND,ATIVA,1,1,2590.83,9840.865893,10669.362639943789,-0.6795,Comportamento esperado
605,150418,Márcio Marinho,REPUBLICANOS,BA,Publicidade,Divulgação Da Atividade Parlamentar.,0,Sem indício cadastral crítico,FOUND,ATIVA,7,24,585840.60,317318.910361,328157.1355142384,0.8183,Comportamento esperado
166,74467,Damião Feliciano,UNIÃO,PB,Serviços profissionais,"Consultorias, Pesquisas E Trabalhos Técnicos.",0,Sem indício cadastral crítico,FOUND,ATIVA,2,3,102000.00,52901.666667,54299.06776921737,0.9042,Comportamento esperado
458,204497,Júnior Ferrari,PSD,PA,Viagens,Passagem Aérea - Reembolso,0,Sem indício cadastral crítico,FOUND,ATIVA,3,3,10633.87,8897.662500,8393.75284614814,0.2068,Comportamento esperado
490,204404,Lucas Redecker,PSDB,RS,Outros,"Serviço De Táxi, Pedágio E Estacionamento",0,Sem indício cadastral crítico,FOUND,ATIVA,9,183,5854.22,10192.084923,16137.89190584743,-0.2688,Comportamento esperado
526,139285,Lídice Da Mata,PSB,BA,Alimentação,Fornecimento De Alimentação Do Parlamentar,0,Sem indício cadastral crítico,FOUND,ATIVA,39,60,5489.17,5334.958511,10548.888785765435,0.0146,Comportamento esperado
556,178943,Marcos Soares,PSDB,RJ,Viagens,Passagem Aérea - Sigepa,,,,,0,515,410522.99,213577.740357,175550.75566941444,1.1219,Comportamento esperado
211,220671,Dilvanda Faro,PT,PA,Viagens,Passagem Aérea - Sigepa,,,,,0,199,210995.14,266111.307931,195578.09309190325,-0.2818,Comportamento esperado
144,98148,Cobalchini,MDB,SC,Combustível,Combustíveis E Lubrificantes.,1,Situação cadastral não ativa: BAIXADA,FOUND,BAIXADA,4,209,30941.81,63943.250339,85631.6159933909,-0.3854,Fornecedor com CNPJ suspeito
154,220608,Cristiane Lopes,PODE,RO,Publicidade,Divulgação Da Atividade Parlamentar.,1,Situação cadastral não ativa: BAIXADA,FOUND,BAIXADA,3,28,14000.00,289552.191071,359934.1329827757,-0.7656,Fornecedor com CNPJ suspeito
45,204356,Amaro Neto,REPUBLICANOS,ES,Combustível,Combustíveis E Lubrificantes.,0,Sem indício cadastral crítico,FOUND,ATIVA,35,99,21964.45,49148.417879,67749.62213949014,-0.4012,Comportamento esperado
325,224117,Gabriel Mota,UNIÃO,RR,Publicidade,Divulgação Da Atividade Parlamentar.,0,Sem indício cadastral crítico,FOUND,ATIVA,1,38,836032.30,302008.159333,364968.0243701814,1.4632,Comportamento esperado
252,204500,Eduardo Costa,PSD,PA,Viagens,Passagem Aérea - Sigepa,,,,,0,114,154895.67,266111.307931,195578.09309190325,-0.5687,Comportamento esperado
615,146307,Neri Geller,PP,MT,Combustível,Combustíveis E Lubrificantes.,0,Sem indício cadastral crítico,FOUND,ATIVA,31,108,37999.43,34330.305532,57340.29977264771,0.064,Comportamento esperado
728,220543,Ricardo Ayres,REPUBLICANOS,TO,Comunicação,Telefonia,0,Sem indício cadastral crítico,FOUND,ATIVA,4,82,12925.13,6929.241333,13569.93291877454,0.4419,Comportamento esperado
371,220537,Helena Lima,PSD,RR,Hotéis,"Hospedagem ,exceto Do Parlamentar No Distrito Federal.",0,Sem indício cadastral crítico,FOUND,ATIVA,6,13,11122.16,7824.586667,5971.354875629707,0.5522,Comportamento esperado
390,204508,Igor Timo,PODE,MG,Outros,Serviços Postais,0,Sem indício cadastral crítico,FOUND,ATIVA,1,1,44.68,2049.065200,4121.470694655126,-0.4863,Comportamento esperado
347,160673,Giovani Cherini,PL,RS,Outros,"Passagens Terrestres, Marítimas Ou Fluviais",0,Sem indício cadastral crítico,FOUND,ATIVA,3,13,1057.75,4236.036552,8253.072405382596,-0.3851,Comportamento esperado
185,220659,Dayany Bittencourt,UNIÃO,CE,Viagens,Passagem Aérea - Rpa,0,Sem indício cadastral crítico,FOUND,ATIVA,1,1,2766.65,32586.001200,51600.505956913454,-0.5779,Comportamento esperado
835,157130,Túlio Gadêlha,PSD,PE,Combustível,Combustíveis E Lubrificantes.,1,CNPJ não encontrado na API pública,NOT_FOUND,,3,4,400.00,53506.291935,82942.380015203,-0.6403,Fornecedor com CNPJ suspeito
293,204398,Felipe Francischini,PODE,PR,Viagens,Passagem Aérea - Rpa,0,Sem indício cadastral crítico,FOUND,ATIVA,2,3,2662.57,26722.504474,58025.433845182,-0.4146,Comportamento esperado
356,198197,Greyce Elias,PL,MG,Combustível,Combustíveis E Lubrificantes.,1,Situação cadastral não ativa: BAIXADA,FOUND,BAIXADA,4,6,1237.52,65306.104375,92314.0005265802,-0.694,Fornecedor com CNPJ suspeito
157,204499,Cássio Andrade,PSB,PA,Comunicação,Telefonia,0,Sem indício cadastral crítico,FOUND,ATIVA,1,4,659.60,14410.800000,15329.862478744984,-0.897,Comportamento esperado
817,230177,Tadeu Oliveira,PL,CE,Combustível,Combustíveis E Lubrificantes.,0,Sem indício cadastral crítico,FOUND,ATIVA,8,14,3311.83,41977.960833,76764.60304100714,-0.5037,Comportamento esperado
808,92776,Stefano Aguiar,PSD,MG,Publicidade,Divulgação Da Atividade Parlamentar.,1,Situação cadastral não ativa: BAIXADA,FOUND,BAIXADA,1,1,2500.00,194891.353020,276881.75990132586,-0.6949,Fornecedor com CNPJ suspeito
498,220616,Luciano Vieira,PSDB,RJ,Viagens,Passagem Aérea - Reembolso,0,Sem indício cadastral crítico,FOUND,ATIVA,2,10,29122.86,9840.865893,10669.362639943789,1.8072,Comportamento esperado
903,,,,NA,Outros,Manutenção De Escritório De Apoio À Atividade Parlamentar,1,Erro na consulta pública de CNPJ,ERROR,,1,4,323.03,15500.143182,23430.81961523477,-0.6477,Fornecedor com CNPJ suspeito
125,220699,Castro Neto,MDB,PI,Combustível,Combustíveis E Lubrificantes.,0,Sem indício cadastral crítico,FOUND,ATIVA,146,568,133135.87,73929.545357,101552.42380940972,0.583,Comportamento esperado
800,204425,Silvio Costa Filho,REPUBLICANOS,PE,Viagens,Passagem Aérea - Sigepa,,,,,0,136,172660.37,221741.150682,163177.94412569836,-0.3008,Comportamento esperado
608,204453,Natália Bonavides,PT,RN,Viagens,Passagem Aérea - Sigepa,,,,,0,506,524983.21,162797.373750,139730.51949096413,2.592,Possível anomalia financeira
30,160545,Alexandre Leite,UNIÃO,SP,Comunicação,Telefonia,0,Sem indício cadastral crítico,FOUND,ATIVA,1,96,23385.99,19889.940211,25751.500071775903,0.1358,Comportamento esperado
62,160553,Antonio Brito,PSD,BA,Viagens,Passagem Aérea - Rpa,0,Sem indício cadastral crítico,FOUND,ATIVA,3,137,150508.42,31763.658913,54219.86604798766,2.1901,Possível anomalia financeira
330,204473,General Girão,PL,RN,Comunicação,Telefonia,0,Sem indício cadastral crítico,FOUND,ATIVA,4,59,14096.45,11248.557143,12531.88934725156,0.2273,Comportamento esperado
72,160600,Arthur Oliveira Maia,UNIÃO,BA,Outros,Manutenção De Escritório De Apoio À Atividade Parlamentar,0,Sem indício cadastral crítico,FOUND,ATIVA,8,166,442002.56,98257.521290,134321.8726415135,2.5591,Possível anomalia financeira
13,178835,Afonso Motta,PDT,RS,Comunicação,Telefonia,0,Sem indício cadastral crítico,FOUND,ATIVA,6,102,31724.29,19321.830435,18898.364290143905,0.6563,Comportamento esperado
341,204491,Gilberto Abramo,REPUBLICANOS,MG,Outros,"Serviço De Táxi, Pedágio E Estacionamento",0,Sem indício cadastral crítico,FOUND,ATIVA,5,45,8378.75,5572.245385,10370.293242628488,0.2706,Comportamento esperado
508,73778,Luiz Carlos Hauly,PODE,PR,Hotéis,"Hospedagem ,exceto Do Parlamentar No Distrito Federal.",0,Sem indício cadastral crítico,FOUND,ATIVA,8,24,16964.60,18419.328649,34024.43115299299,-0.0428,Comportamento esperado
176,204409,Daniel Trzeciak,PSDB,RS,Comunicação,Telefonia,0,Sem indício cadastral crítico,FOUND,ATIVA,4,59,5886.82,19321.830435,18898.364290143905,-0.7109,Comportamento esperado
571,204428,Marília Arraes,SOLIDARIEDADE,PE,Hotéis,"Hospedagem ,exceto Do Parlamentar No Distrito Federal.",0,Sem indício cadastral crítico,FOUND,ATIVA,3,6,2258.20,17089.374528,23447.97906027458,-0.6325,Comportamento esperado
747,204366,Rodrigo Coelho,PODE,SC,Combustível,Combustíveis E Lubrificantes.,0,Sem indício cadastral crítico,FOUND,ATIVA,39,198,40946.70,63943.250339,85631.6159933909,-0.2686,Comportamento esperado
421,209189,Joseildo Ramos,PT,BA,Outros,Manutenção De Escritório De Apoio À Atividade Parlamentar,0,Documento não consultado por não ser CNPJ,NOT_APPLICABLE,,4,81,285863.71,98257.521290,134321.8726415135,1.3967,Comportamento esperado
153,178963,Covatti Filho,PP,RS,Publicidade,Divulgação Da Atividade Parlamentar.,0,Sem indício cadastral crítico,FOUND,ATIVA,11,145,858596.74,215724.063125,265101.600265673,2.425,Possível anomalia financeira
47,220596,Amália Barros,PL,MT,Alimentação,Fornecimento De Alimentação Do Parlamentar,1,Situação cadastral não ativa: BAIXADA,FOUND,BAIXADA,4,5,273.70,2273.261250,4466.178507118996,-0.4477,Fornecedor com CNPJ suspeito
303,204411,Filipe Barros,PL,PR,Outros,Serviços Postais,0,Sem indício cadastral crítico,FOUND,ATIVA,1,2,938.25,2362.262000,4411.055170390342,-0.3228,Comportamento esperado
111,229106,Carla Ayres,PT,SC,Alimentação,Fornecimento De Alimentação Do Parlamentar,0,Sem indício cadastral crítico,FOUND,ATIVA,17,25,1075.15,5345.501750,9873.801589562949,-0.4325,Comportamento esperado
859,160569,Waldenor Pereira,PT,BA,Viagens,Passagem Aérea - Rpa,0,Sem indício cadastral crítico,FOUND,ATIVA,3,7,4953.34,31763.658913,54219.86604798766,-0.4945,Comportamento esperado
74,220577,Augusto Puppio,MDB,AP,Hotéis,"Hospedagem ,exceto Do Parlamentar No Distrito Federal.",0,Sem indício cadastral crítico,FOUND,ATIVA,3,4,4346.34,5136.092500,6592.979949253359,-0.1198,Comportamento esperado
516,162332,Luiz Nishimori,PSD,PR,Viagens,Passagem Aérea - Reembolso,0,Sem indício cadastral crítico,FOUND,ATIVA,1,2,1834.20,17801.644063,39455.64199846602,-0.4047,Comportamento esperado
863,74043,Wellington Roberto,PSD,PB,Viagens,Passagem Aérea - Rpa,0,Sem indício cadastral crítico,FOUND,ATIVA,2,2,3454.94,6222.055333,8497.227830281614,-0.3256,Comportamento esperado
573,220628,Mauricio Do Vôlei,PL,MG,Hotéis,"Hospedagem ,exceto Do Parlamentar No Distrito Federal.",0,Sem indício cadastral crítico,FOUND,ATIVA,10,14,6002.30,17018.453084,26330.369533202334,-0.4184,Comportamento esperado
123,220704,Carol Dartora,PT,PR,Comunicação,Telefonia,0,Sem indício cadastral crítico,FOUND,ATIVA,3,6,1234.49,10984.091277,13121.60062975809,-0.743,Comportamento esperado
345,220526,Gilvan Da Federal,PL,ES,Combustível,Combustíveis E Lubrificantes.,1,Situação cadastral não ativa: BAIXADA,FOUND,BAIXADA,3,5,640.36,49148.417879,67749.62213949014,-0.716,Fornecedor com CNPJ suspeito
129,204496,Celso Sabino,UNIÃO,PA,Publicidade,Divulgação Da Atividade Parlamentar.,0,Sem indício cadastral crítico,FOUND,ATIVA,6,21,116245.15,319971.475333,323849.5425991789,-0.6291,Comportamento esperado
359,204531,Guilherme Derrite,PP,SP,Hotéis,"Hospedagem ,exceto Do Parlamentar No Distrito Federal.",0,Sem indício cadastral crítico,FOUND,ATIVA,1,1,738.15,10014.789189,11435.329101648113,-0.8112,Comportamento esperado
179,160528,Danilo Cabral,PSB,PE,Hotéis,"Hospedagem ,exceto Do Parlamentar No Distrito Federal.",0,Sem indício cadastral crítico,FOUND,ATIVA,5,8,3130.02,17089.374528,23447.97906027458,-0.5953,Comportamento esperado
217,227433,Douglas Viegas,UNIÃO,SP,Outros,Manutenção De Escritório De Apoio À Atividade Parlamentar,0,Sem indício cadastral crítico,FOUND,ATIVA,1,1,591.50,98538.487659,143509.98800071477,-0.6825,Comportamento esperado
818,220682,Tadeu Veneri,PT,PR,Alimentação,Fornecimento De Alimentação Do Parlamentar,0,Sem indício cadastral crítico,FOUND,ATIVA,146,403,17547.81,4173.948542,8441.04850518495,1.5844,Comportamento esperado
140,220665,Clarissa Tércio,PP,PE,Viagens,Passagem Aérea - Sigepa,,,,,0,164,102099.97,221741.150682,163177.94412569836,-0.7332,Comportamento esperado
277,160575,Erika Kokay,PT,DF,Outros,"Serviço De Táxi, Pedágio E Estacionamento",0,Sem indício cadastral crítico,FOUND,ATIVA,3,1246,27802.61,5858.386000,12275.443917982357,1.7877,Comportamento esperado
489,220662,Lucas Ramos,PSB,PE,Outros,Manutenção De Escritório De Apoio À Atividade Parlamentar,0,Sem indício cadastral crítico,FOUND,ATIVA,4,81,247520.24,90785.734524,140277.34198893898,1.1173,Comportamento esperado
859,160569,Waldenor Pereira,PT,BA,Publicidade,Divulgação Da Atividade Parlamentar.,0,Sem indício cadastral crítico,FOUND,ATIVA,49,525,941223.53,317318.910361,328157.1355142384,1.9012,Comportamento esperado
281,178871,Evair Vieira De Melo,PP,ES,Publicidade,Divulgação Da Atividade Parlamentar.,1,Situação cadastral não ativa: BAIXADA,FOUND,BAIXADA,4,16,82950.00,254942.876552,301625.34822291706,-0.5702,Fornecedor com CNPJ suspeito
658,178860,Paulo Azi,UNIÃO,BA,Combustível,Combustíveis E Lubrificantes.,0,Sem indício cadastral crítico,FOUND,ATIVA,85,474,143833.86,76280.976842,110667.4963849575,0.6104,Comportamento esperado
405,160570,Jerônimo Goergen,PP,RS,Alimentação,Fornecimento De Alimentação Do Parlamentar,0,Sem indício cadastral crítico,FOUND,ATIVA,49,61,2697.77,7368.085075,13657.337051272762,-0.342,Comportamento esperado
269,198783,Emanuel Pinheiro Neto,MDB,MT,Outros,Manutenção De Escritório De Apoio À Atividade Parlamentar,0,Sem indício cadastral crítico,FOUND,ATIVA,4,33,9751.70,55063.669706,75019.05976556618,-0.604,Comportamento esperado
218,204450,Doutor Luizinho,PP,RJ,Combustível,Combustíveis E Lubrificantes.,0,Sem indício cadastral crítico,FOUND,ATIVA,103,348,145323.15,44023.319398,62812.667137756165,1.6127,Comportamento esperado
324,160666,Félix Mendonça Júnior,PDT,BA,Outros,Manutenção De Escritório De Apoio À Atividade Parlamentar,0,Sem indício cadastral crítico,FOUND,ATIVA,7,122,46686.02,98257.521290,134321.8726415135,-0.3839,Comportamento esperado
581,220607,Max Lemos,PDT,RJ,Publicidade,Divulgação Da Atividade Parlamentar.,0,Sem indício cadastral crítico,FOUND,ATIVA,4,37,820794.94,226781.355120,259582.44863584734,2.2883,Possível anomalia financeira
445,220640,Juliana Cardoso,PT,SP,Viagens,Passagem Aérea - Sigepa,,,,,0,176,176068.67,185430.171967,136227.76556134285,-0.0687,Comportamento esperado
226,204518,Dr. Frederico,PATRIOTA,MG,Viagens,Passagem Aérea - Sigepa,,,,,0,75,76813.11,195216.599630,167832.49260588933,-0.7055,Comportamento esperado
205,220553,Denise Pessôa,PT,RS,Viagens,Passagem Aérea - Sigepa,,,,,0,225,300715.71,223297.576531,126627.95953182003,0.6114,Comportamento esperado
195,204512,Delegado Marcelo Freitas,UNIÃO,MG,Hotéis,"Hospedagem ,exceto Do Parlamentar No Distrito Federal.",0,Sem indício cadastral crítico,FOUND,ATIVA,28,83,29780.07,17018.453084,26330.369533202334,0.4847,Comportamento esperado
61,220544,Antonio Andrade,PSDB,TO,Alimentação,Fornecimento De Alimentação Do Parlamentar,0,Sem indício cadastral crítico,FOUND,ATIVA,5,10,1062.83,977.828571,1259.2622814625577,0.0675,Comportamento esperado
345,220526,Gilvan Da Federal,PL,ES,Viagens,Passagem Aérea - Rpa,0,Sem indício cadastral crítico,FOUND,ATIVA,1,1,1789.75,13452.752000,24537.48964332959,-0.4753,Comportamento esperado
506,160645,Luiz Carlos,PSDB,AP,Publicidade,Divulgação Da Atividade Parlamentar.,0,Sem indício cadastral crítico,FOUND,ATIVA,2,6,83000.00,282209.245429,388109.6753004129,-0.5133,Comportamento esperado
436,230957,João Cury,MDB,SP,Alimentação,Fornecimento De Alimentação Do Parlamentar,0,Sem indício cadastral crítico,FOUND,ATIVA,78,113,6780.75,3366.001170,5609.697337170304,0.6087,Comportamento esperado
745,220546,Rodolfo Nogueira,PL,MS,Outros,"Serviço De Táxi, Pedágio E Estacionamento",0,Sem indício cadastral crítico,FOUND,ATIVA,2,6,149.04,766.408000,769.6696611663995,-0.8021,Comportamento esperado
863,74043,Wellington Roberto,PSD,PB,Combustível,Combustíveis E Lubrificantes.,1,Situação cadastral não ativa: BAIXADA,FOUND,BAIXADA,1,1,230.05,61582.608974,85760.8839439169,-0.7154,Fornecedor com CNPJ suspeito
825,220560,Thiago De Joaldo,REPUBLICANOS,SE,Comunicação,Telefonia,0,Sem indício cadastral crítico,FOUND,ATIVA,1,31,4851.04,10940.770000,16435.398849269677,-0.3705,Comportamento esperado
279,204482,Euclydes Pettersen,PSC,MG,Hotéis,"Hospedagem ,exceto Do Parlamentar No Distrito Federal.",0,Sem indício cadastral crítico,FOUND,ATIVA,3,3,3348.65,17018.453084,26330.369533202334,-0.5192,Comportamento esperado
59,204515,André Janones,REDE,MG,Outros,"Serviço De Táxi, Pedágio E Estacionamento",0,Sem indício cadastral crítico,FOUND,ATIVA,1,7,5566.68,5572.245385,10370.293242628488,-5.0E-4,Comportamento esperado
556,178943,Marcos Soares,UNIÃO,RJ,Hotéis,"Hospedagem ,exceto Do Parlamentar No Distrito Federal.",0,Sem indício cadastral crítico,FOUND,ATIVA,10,12,7794.92,13016.628636,21468.959145470457,-0.2432,Comportamento esperado
279,204482,Euclydes Pettersen,REPUBLICANOS,MG,Publicidade,Divulgação Da Atividade Parlamentar.,0,Sem indício cadastral crítico,FOUND,ATIVA,14,51,488827.40,194891.353020,276881.75990132586,1.0616,Comportamento esperado
21,160559,Alceu Moreira,MDB,RS,Alimentação,Fornecimento De Alimentação Do Parlamentar,1,Situação cadastral não ativa: BAIXADA,FOUND,BAIXADA,4,4,213.20,7368.085075,13657.337051272762,-0.5239,Fornecedor com CNPJ suspeito
177,204459,Daniela Do Waguinho,REPUBLICANOS,RJ,Publicidade,Divulgação Da Atividade Parlamentar.,0,Sem indício cadastral crítico,FOUND,ATIVA,2,37,310000.00,226781.355120,259582.44863584734,0.3206,Comportamento esperado
654,141518,Paulinho Da Força,SOLIDARIEDADE,SP,Locomoção,Locação Ou Fretamento De Veículos Automotores,0,Sem indício cadastral crítico,FOUND,ATIVA,3,36,183390.00,147254.510948,139673.23431152088,0.2587,Comportamento esperado
143,88256,Clodoaldo Magalhães,PV,PE,Combustível,Combustíveis E Lubrificantes.,1,Situação cadastral não ativa: BAIXADA,FOUND,BAIXADA,2,5,937.07,53506.291935,82942.380015203,-0.6338,Fornecedor com CNPJ suspeito
608,204453,Natália Bonavides,PT,RN,Comunicação,Telefonia,1,Situação cadastral não ativa: BAIXADA,FOUND,BAIXADA,1,3,331.49,11248.557143,12531.88934725156,-0.8711,Fornecedor com CNPJ suspeito
635,73692,Osmar Terra,PL,RS,Outros,"Passagens Terrestres, Marítimas Ou Fluviais",0,Sem indício cadastral crítico,FOUND,ATIVA,1,1,283.55,4236.036552,8253.072405382596,-0.4789,Comportamento esperado
107,178829,Capitão Augusto,PL,SP,Alimentação,Fornecimento De Alimentação Do Parlamentar,0,Sem indício cadastral crítico,FOUND,ATIVA,58,230,16428.48,3366.001170,5609.697337170304,2.3286,Possível anomalia financeira
829,143084,Tiago Dimas,PODE,TO,Publicidade,Divulgação Da Atividade Parlamentar.,0,Sem indício cadastral crítico,FOUND,ATIVA,26,93,311874.42,260231.601071,329408.0872597135,0.1568,Comportamento esperado
645,180214,Pastor Diniz,UNIÃO,RR,Combustível,Combustíveis E Lubrificantes.,0,Sem indício cadastral crítico,FOUND,ATIVA,23,80,315409.89,70971.916364,102686.34049821323,2.3804,Possível anomalia financeira
579,220609,Maurício Carvalho,UNIÃO,RO,Hotéis,"Hospedagem ,exceto Do Parlamentar No Distrito Federal.",0,Sem indício cadastral crítico,FOUND,ATIVA,22,60,35529.59,15598.613913,18502.405565050612,1.0772,Comportamento esperado
73,160665,Augusto Coutinho,REPUBLICANOS,PE,Hotéis,"Hospedagem ,exceto Do Parlamentar No Distrito Federal.",0,Sem indício cadastral crítico,FOUND,ATIVA,19,52,31396.16,17089.374528,23447.97906027458,0.6102,Comportamento esperado
699,204446,Professor Joziel,PATRIOTA,RJ,Hotéis,"Hospedagem ,exceto Do Parlamentar No Distrito Federal.",0,Sem indício cadastral crítico,FOUND,ATIVA,6,8,4146.38,13016.628636,21468.959145470457,-0.4132,Comportamento esperado
307,220700,Florentino Neto,PT,PI,Outros,"Serviço De Táxi, Pedágio E Estacionamento",0,Sem indício cadastral crítico,FOUND,ATIVA,2,9,2840.88,1131.130000,1001.0474213292796,1.708,Comportamento esperado
490,204404,Lucas Redecker,PSDB,RS,Outros,Manutenção De Escritório De Apoio À Atividade Parlamentar,1,Situação cadastral não ativa: BAIXADA,FOUND,BAIXADA,2,2,81.99,109428.142500,149558.61424927576,-0.7311,Fornecedor com CNPJ suspeito
369,178964,Heitor Schuch,PSD,RS,Publicidade,Divulgação Da Atividade Parlamentar.,0,Sem indício cadastral crítico,FOUND,ATIVA,38,510,641835.07,215724.063125,265101.600265673,1.6073,Comportamento esperado
259,204364,Eli Borges,PL,TO,Publicidade,Divulgação Da Atividade Parlamentar.,1,Situação cadastral não ativa: BAIXADA,FOUND,BAIXADA,4,14,42300.00,260231.601071,329408.0872597135,-0.6616,Fornecedor com CNPJ suspeito
324,160666,Félix Mendonça Júnior,PDT,BA,Locomoção,Locação Ou Fretamento De Veículos Automotores,0,Sem indício cadastral crítico,FOUND,ATIVA,4,86,498078.53,292409.611930,213979.496522466,0.9612,Comportamento esperado
658,178860,Paulo Azi,UNIÃO,BA,Locomoção,Locação Ou Fretamento De Veículos Automotores,0,Sem indício cadastral crítico,FOUND,ATIVA,2,45,581908.71,292409.611930,213979.496522466,1.3529,Comportamento esperado
859,160569,Waldenor Pereira,PT,BA,Hotéis,"Hospedagem ,exceto Do Parlamentar No Distrito Federal.",0,Sem indício cadastral crítico,FOUND,ATIVA,3,10,22529.60,14559.116889,26542.375379101115,0.3003,Comportamento esperado
144,98148,Cobalchini,MDB,SC,Alimentação,Fornecimento De Alimentação Do Parlamentar,1,Situação cadastral não ativa: BAIXADA,FOUND,BAIXADA,2,3,142.50,5345.501750,9873.801589562949,-0.527,Fornecedor com CNPJ suspeito
548,204522,Marco Bertaiolli,PSD,SP,Viagens,Passagem Aérea - Sigepa,,,,,0,129,51489.06,185430.171967,136227.76556134285,-0.9832,Comportamento esperado
685,160604,Pedro Uczai,PT,SC,Alimentação,Fornecimento De Alimentação Do Parlamentar,1,Situação cadastral não ativa: BAIXADA,FOUND,BAIXADA,8,10,477.97,5345.501750,9873.801589562949,-0.493,Fornecedor com CNPJ suspeito
762,163321,Ronaldo Nogueira,REPUBLICANOS,RS,Outros,"Serviço De Táxi, Pedágio E Estacionamento",0,Sem indício cadastral crítico,FOUND,ATIVA,11,442,3049.88,10192.084923,16137.89190584743,-0.4426,Comportamento esperado
633,204363,Osires Damaso,PSC,TO,Comunicação,Telefonia,0,Sem indício cadastral crítico,FOUND,ATIVA,2,6,636.69,6929.241333,13569.93291877454,-0.4637,Comportamento esperado
725,175765,Ribamar Silva,PODE,SP,Combustível,Combustíveis E Lubrificantes.,0,Sem indício cadastral crítico,FOUND,ATIVA,46,202,48569.43,42192.750821,64034.19773844777,0.0996,Comportamento esperado
314,204494,Fred Costa,PATRIOTA,MG,Outros,"Serviço De Táxi, Pedágio E Estacionamento",0,Sem indício cadastral crítico,FOUND,ATIVA,2,49,317.80,5572.245385,10370.293242628488,-0.5067,Comportamento esperado
301,92699,Fernando Monteiro,PSD,PE,Publicidade,Divulgação Da Atividade Parlamentar.,0,Sem indício cadastral crítico,FOUND,ATIVA,2,13,42969.90,241972.708182,301628.5621101344,-0.6598,Comportamento esperado
208,220691,Diego Coronel,REPUBLICANOS,BA,Locomoção,Locação Ou Fretamento De Veículos Automotores,0,Sem indício cadastral crítico,FOUND,ATIVA,2,49,469780.00,292409.611930,213979.496522466,0.8289,Comportamento esperado
106,220690,Capitão Alden,PL,BA,Outros,Manutenção De Escritório De Apoio À Atividade Parlamentar,0,Sem indício cadastral crítico,FOUND,ATIVA,3,12,4581.55,98257.521290,134321.8726415135,-0.6974,Comportamento esperado
705,204467,Professora Rosa Neide,PT,MT,Viagens,Passagem Aérea - Reembolso,0,Sem indício cadastral crítico,FOUND,ATIVA,2,2,2867.36,36104.208462,85065.80718840551,-0.3907,Comportamento esperado
576,204486,Mauro Benevides Filho,UNIÃO,CE,Locomoção,Locação Ou Fretamento De Aeronaves,0,Sem indício cadastral crítico,FOUND,ATIVA,1,2,40800.00,46678.600000,38881.59920573464,-0.1512,Comportamento esperado
383,141450,Hugo Leal,PSD,RJ,Outros,"Passagens Terrestres, Marítimas Ou Fluviais",0,Sem indício cadastral crítico,FOUND,ATIVA,1,3,384.28,1539.978571,2924.304901002727,-0.3952,Comportamento esperado
808,92776,Stefano Aguiar,PSD,MG,Viagens,Passagem Aérea - Reembolso,0,Sem indício cadastral crítico,FOUND,ATIVA,2,4,10687.71,7020.191961,10297.188894597206,0.3562,Comportamento esperado
650,205535,Patricia Ferraz,PL,AP,Outros,"Serviço De Táxi, Pedágio E Estacionamento",0,Sem indício cadastral crítico,FOUND,ATIVA,1,22,1108.24,3695.458571,4756.467110816699,-0.5439,Comportamento esperado
742,220613,Roberto Monteiro Pai,PL,RJ,Viagens,Passagem Aérea - Reembolso,0,Sem indício cadastral crítico,FOUND,ATIVA,2,6,11437.88,9840.865893,10669.362639943789,0.1497,Comportamento esperado
384,160674,Hugo Motta,REPUBLICANOS,PB,Comunicação,Telefonia,0,Sem indício cadastral crítico,FOUND,ATIVA,1,5,2880.00,7288.602667,11193.533001502294,-0.3939,Comportamento esperado
676,215045,Pedro Augusto Palareti,PP,RJ,Outros,Manutenção De Escritório De Apoio À Atividade Parlamentar,0,Sem indício cadastral crítico,FOUND,ATIVA,14,105,263585.62,80988.593819,134414.71100556676,1.3585,Comportamento esperado
715,74161,Reginaldo Lopes,PT,MG,Viagens,Passagem Aérea - Sigepa,,,,,0,769,971405.46,195216.599630,167832.49260588933,4.6248,Anomalia financeira extrema
692,73486,Pompeo De Mattos,PDT,RS,Viagens,Passagem Aérea - Sigepa,,,,,0,200,252853.50,223297.576531,126627.95953182003,0.2334,Comportamento esperado
715,74161,Reginaldo Lopes,PT,MG,Combustível,Combustíveis E Lubrificantes.,0,Sem indício cadastral crítico,FOUND,ATIVA,210,546,89782.00,65306.104375,92314.0005265802,0.2651,Comportamento esperado
58,178882,André Fufuca,PP,MA,Viagens,Passagem Aérea - Sigepa,,,,,0,372,407402.77,132207.227045,122458.5508602934,2.2473,Possível anomalia financeira
215,160758,Domingos Sávio,PL,MG,Combustível,Combustíveis E Lubrificantes.,1,Situação cadastral não ativa: SUSPENSA,FOUND,SUSPENSA,1,1,100.00,65306.104375,92314.0005265802,-0.7064,Fornecedor com CNPJ suspeito
685,160604,Pedro Uczai,PT,SC,Locomoção,Locação Ou Fretamento De Veículos Automotores,0,Sem indício cadastral crítico,FOUND,ATIVA,16,115,244563.39,154711.621212,151032.92349497412,0.5949,Comportamento esperado
732,204362,Ricardo Guidi,PSD,SC,Combustível,Combustíveis E Lubrificantes.,1,Situação cadastral não ativa: BAIXADA,FOUND,BAIXADA,4,13,3625.41,63943.250339,85631.6159933909,-0.7044,Fornecedor com CNPJ suspeito
85,220698,Beto Preto,PSD,PR,Alimentação,Fornecimento De Alimentação Do Parlamentar,0,Sem indício cadastral crítico,FOUND,ATIVA,35,59,5216.72,4173.948542,8441.04850518495,0.1235,Comportamento esperado
398,220670,Iza Arruda,MDB,PE,Combustível,Combustíveis E Lubrificantes.,0,Sem indício cadastral crítico,FOUND,ATIVA,87,300,274335.23,53506.291935,82942.380015203,2.6624,Possível anomalia financeira
654,141518,Paulinho Da Força,SOLIDARIEDADE,SP,Combustível,Combustíveis E Lubrificantes.,0,Sem indício cadastral crítico,FOUND,ATIVA,27,199,67754.53,42192.750821,64034.19773844777,0.3992,Comportamento esperado
835,157130,Túlio Gadêlha,PSD,PE,Viagens,Passagem Aérea - Sigepa,,,,,0,169,223408.57,221741.150682,163177.94412569836,0.0102,Comportamento esperado
432,204555,José Ricardo,PT,AM,Combustível,Combustíveis E Lubrificantes.,0,Sem indício cadastral crítico,FOUND,ATIVA,12,44,56688.43,27982.215263,36043.55549981074,0.7964,Comportamento esperado
369,178964,Heitor Schuch,PSD,RS,Outros,Manutenção De Escritório De Apoio À Atividade Parlamentar,0,Documento não consultado por não ser CNPJ,NOT_APPLICABLE,,1,36,84417.33,109428.142500,149558.61424927576,-0.1672,Comportamento esperado
652,74160,Patrus Ananias,PT,MG,Serviços profissionais,"Consultorias, Pesquisas E Trabalhos Técnicos.",0,Sem indício cadastral crítico,FOUND,ATIVA,1,5,10000.00,50370.301935,57079.85828457048,-0.7073,Comportamento esperado
199,220654,Delegado Paulo Bilynskyj,PL,SP,Alimentação,Fornecimento De Alimentação Do Parlamentar,0,Sem indício cadastral crítico,FOUND,ATIVA,7,95,8309.36,3366.001170,5609.697337170304,0.8812,Comportamento esperado
293,204398,Felipe Francischini,UNIÃO,PR,Publicidade,Divulgação Da Atividade Parlamentar.,1,Situação cadastral não ativa: INAPTA,FOUND,INAPTA,1,11,95299.36,263664.052022,329972.5348930845,-0.5102,Fornecedor com CNPJ suspeito
533,156190,Marcel Van Hattem,NOVO,RS,Publicidade,Divulgação Da Atividade Parlamentar.,0,Sem indício cadastral crítico,FOUND,ATIVA,6,52,92431.86,215724.063125,265101.600265673,-0.4651,Comportamento esperado
856,178992,Vitor Lippi,PSD,SP,Viagens,Passagem Aérea - Rpa,0,Sem indício cadastral crítico,FOUND,ATIVA,3,14,11371.88,24943.515352,36157.13967829913,-0.3754,Comportamento esperado
801,220569,Silvye Alves,UNIÃO,GO,Outros,"Passagens Terrestres, Marítimas Ou Fluviais",0,Sem indício cadastral crítico,FOUND,ATIVA,4,6,386.63,449.695000,701.2740362155153,-0.0899,Comportamento esperado
199,220654,Delegado Paulo Bilynskyj,PL,SP,Locomoção,Locação Ou Fretamento De Veículos Automotores,0,Sem indício cadastral crítico,FOUND,ATIVA,5,65,241310.00,147254.510948,139673.23431152088,0.6734,Comportamento esperado
751,220641,Rodrigo Gambale,PODE,SP,Publicidade,Divulgação Da Atividade Parlamentar.,1,Situação cadastral não ativa: BAIXADA,FOUND,BAIXADA,1,5,31500.00,243741.226243,313657.1515008437,-0.6767,Fornecedor com CNPJ suspeito
554,204506,Marcos Pereira,REPUBLICANOS,SP,Publicidade,Divulgação Da Atividade Parlamentar.,0,Sem indício cadastral crítico,FOUND,ATIVA,5,76,1624000.00,243741.226243,313657.1515008437,4.4005,Anomalia financeira extrema
535,205863,Marcelo Brum,REPUBLICANOS,RS,Combustível,Combustíveis E Lubrificantes.,1,Situação cadastral não ativa: BAIXADA,FOUND,BAIXADA,2,2,574.09,60520.148547,97388.05968907535,-0.6155,Fornecedor com CNPJ suspeito
717,220606,Reimont,PT,RJ,Combustível,Combustíveis E Lubrificantes.,1,Situação cadastral não ativa: BAIXADA,FOUND,BAIXADA,1,2,418.04,44023.319398,62812.667137756165,-0.6942,Fornecedor com CNPJ suspeito
33,204516,Alexis Fonteyne,NOVO,SP,Publicidade,Divulgação Da Atividade Parlamentar.,0,Sem indício cadastral crítico,FOUND,ATIVA,1,1,5700.00,243741.226243,313657.1515008437,-0.7589,Comportamento esperado
343,220529,Gilson Daniel,PODE,ES,Viagens,Passagem Aérea - Rpa,0,Sem indício cadastral crítico,FOUND,ATIVA,1,2,3719.95,13452.752000,24537.48964332959,-0.3967,Comportamento esperado
810,204535,Sâmia Bomfim,PSOL,SP,Viagens,Passagem Aérea - Rpa,0,Sem indício cadastral crítico,FOUND,ATIVA,3,18,25845.50,24943.515352,36157.13967829913,0.0249,Comportamento esperado
119,74262,Carlos Sampaio,PSDB,SP,Outros,Manutenção De Escritório De Apoio À Atividade Parlamentar,0,Sem indício cadastral crítico,FOUND,ATIVA,6,43,73196.27,98538.487659,143509.98800071477,-0.1766,Comportamento esperado
835,157130,Túlio Gadêlha,PSD,PE,Viagens,Passagem Aérea - Reembolso,0,Sem indício cadastral crítico,FOUND,ATIVA,1,1,3454.99,7471.163333,10016.291980131698,-0.401,Comportamento esperado
614,204415,Nereu Crispim,PSD,RS,Combustível,Combustíveis E Lubrificantes.,1,Situação cadastral não ativa: INAPTA,FOUND,INAPTA,1,1,150.00,60520.148547,97388.05968907535,-0.6199,Fornecedor com CNPJ suspeito
628,216198,Norma Pereira,PSDB,SC,Viagens,Passagem Aérea - Sigepa,,,,,0,3,4250.37,213397.721034,170101.01243018164,-1.2295,Comportamento esperado
123,220704,Carol Dartora,PT,PR,Outros,"Serviço De Táxi, Pedágio E Estacionamento",0,Sem indício cadastral crítico,FOUND,ATIVA,31,1393,84290.78,5713.999474,13397.131596894355,5.8652,Anomalia financeira extrema
320,178969,Fábio Mitidieri,PSD,SE,Combustível,Combustíveis E Lubrificantes.,0,Sem indício cadastral crítico,FOUND,ATIVA,22,86,30615.35,53493.520741,82556.56454059949,-0.2771,Comportamento esperado
229,204481,Dr. Jaziel,PL,CE,Viagens,Passagem Aérea - Sigepa,,,,,0,388,604881.28,190828.457826,170630.5409255439,2.4266,Possível anomalia financeira
390,204508,Igor Timo,PODE,MG,Outros,Manutenção De Escritório De Apoio À Atividade Parlamentar,0,Sem indício cadastral crítico,FOUND,ATIVA,16,89,187380.42,123562.947566,162703.54342443834,0.3922,Comportamento esperado
182,116379,Darci De Matos,PSD,SC,Outros,"Serviço De Táxi, Pedágio E Estacionamento",0,Sem indício cadastral crítico,FOUND,ATIVA,5,15,3676.73,2658.067742,3431.982973130558,0.2968,Comportamento esperado
48,107970,Ana Paula Leão,PP,MG,Alimentação,Fornecimento De Alimentação Do Parlamentar,0,Sem indício cadastral crítico,FOUND,ATIVA,94,426,35779.63,3421.773553,6721.942950865462,4.8138,Anomalia financeira extrema
673,171617,Paulão,PT,AL,Viagens,Passagem Aérea - Sigepa,,,,,0,244,282845.33,198077.580000,173709.55138656954,0.488,Comportamento esperado
333,204527,Geninho Zuliani,UNIÃO,SP,Alimentação,Fornecimento De Alimentação Do Parlamentar,0,Sem indício cadastral crítico,FOUND,ATIVA,21,28,1623.66,3366.001170,5609.697337170304,-0.3106,Comportamento esperado
608,204453,Natália Bonavides,PT,RN,Comunicação,Telefonia,0,Sem indício cadastral crítico,FOUND,ATIVA,3,174,36463.50,11248.557143,12531.88934725156,2.0121,Possível anomalia financeira
640,204573,Otto Alencar Filho,PSD,BA,Alimentação,Fornecimento De Alimentação Do Parlamentar,0,Sem indício cadastral crítico,FOUND,ATIVA,125,368,38629.52,5334.958511,10548.888785765435,3.1562,Anomalia financeira extrema
610,218879,Nelho Bezerra,UNIÃO,CE,Publicidade,Divulgação Da Atividade Parlamentar.,0,Sem indício cadastral crítico,FOUND,ATIVA,4,5,12000.00,263931.285395,366906.3702021798,-0.6866,Comportamento esperado
686,178844,Pedro Vilela,PSDB,AL,Viagens,Passagem Aérea - Sigepa,,,,,0,94,114658.42,198077.580000,173709.55138656954,-0.4802,Comportamento esperado
182,116379,Darci De Matos,PSD,SC,Outros,Manutenção De Escritório De Apoio À Atividade Parlamentar,0,Sem indício cadastral crítico,FOUND,ATIVA,5,26,7973.60,70964.571200,106769.4367602354,-0.59,Comportamento esperado
719,178925,Rejane Dias,PT,PI,Comunicação,Telefonia,0,Sem indício cadastral crítico,FOUND,ATIVA,2,18,5335.35,15912.685455,14251.787111607697,-0.7422,Comportamento esperado
369,178964,Heitor Schuch,PSB,RS,Publicidade,Assinatura De Publicações,0,Sem indício cadastral crítico,FOUND,ATIVA,5,16,1734.00,4387.790000,5356.19612339018,-0.4955,Comportamento esperado
19,74696,Alberto Mourão,MDB,SP,Outros,Manutenção De Escritório De Apoio À Atividade Parlamentar,0,Sem indício cadastral crítico,FOUND,ATIVA,1,2,1166.45,98538.487659,143509.98800071477,-0.6785,Comportamento esperado
815,178922,Tadeu Alencar,PSB,PE,Publicidade,Assinatura De Publicações,0,Sem indício cadastral crítico,FOUND,ATIVA,2,2,212.30,1262.036000,1247.3031245157156,-0.8416,Comportamento esperado
381,178884,Hildo Rocha,MDB,MA,Viagens,Passagem Aérea - Rpa,0,Sem indício cadastral crítico,FOUND,ATIVA,3,39,56533.30,17893.360952,34179.698738222214,1.1305,Comportamento esperado
580,75431,Maurício Dziedricki,PODE,RS,Comunicação,Telefonia,0,Sem indício cadastral crítico,FOUND,ATIVA,6,32,14935.73,19321.830435,18898.364290143905,-0.2321,Comportamento esperado
480,74585,Lincoln Portela,PL,MG,Outros,Serviço De Segurança Prestado Por Empresa Especializada.,0,Sem indício cadastral crítico,FOUND,ATIVA,2,35,12446.41,6910.803333,5568.322882362166,0.9941,Comportamento esperado
8,204528,Adriana Ventura,NOVO,SP,Hotéis,"Hospedagem ,exceto Do Parlamentar No Distrito Federal.",0,Sem indício cadastral crítico,FOUND,ATIVA,7,18,19933.68,10014.789189,11435.329101648113,0.8674,Comportamento esperado
248,204421,Edna Henrique,REPUBLICANOS,PB,Serviços profissionais,"Consultorias, Pesquisas E Trabalhos Técnicos.",0,Sem indício cadastral crítico,FOUND,ATIVA,1,6,27000.00,52901.666667,54299.06776921737,-0.477,Comportamento esperado
842,74376,Vander Loubet,PT,MS,Publicidade,Assinatura De Publicações,0,Sem indício cadastral crítico,FOUND,ATIVA,1,2,649.00,525.333333,187.99024797401947,0.6578,Comportamento esperado
852,141555,Vinicius Carvalho,REPUBLICANOS,SP,Hotéis,"Hospedagem ,exceto Do Parlamentar No Distrito Federal.",1,Situação cadastral não ativa: BAIXADA,FOUND,BAIXADA,1,2,344.76,10014.789189,11435.329101648113,-0.8456,Fornecedor com CNPJ suspeito
584,188097,Merlong Solano,PT,PI,Combustível,Combustíveis E Lubrificantes.,0,Sem indício cadastral crítico,FOUND,ATIVA,191,977,222232.08,73929.545357,101552.42380940972,1.4604,Comportamento esperado
99,220635,Bruno Ganem,PODE,SP,Locomoção,Locação Ou Fretamento De Veículos Automotores,0,Sem indício cadastral crítico,FOUND,ATIVA,4,30,19691.21,147254.510948,139673.23431152088,-0.9133,Comportamento esperado
881,74090,Átila Lins,PSD,AM,Viagens,Passagem Aérea - Rpa,0,Sem indício cadastral crítico,FOUND,ATIVA,3,238,535428.48,88728.821429,197712.15903932907,2.2593,Possível anomalia financeira
241,220686,Duarte Jr.,AVANTE,MA,Viagens,Passagem Aérea - Sigepa,,,,,0,188,234716.10,132207.227045,122458.5508602934,0.8371,Comportamento esperado
148,220595,Coronel Fernanda,PL,MT,Alimentação,Fornecimento De Alimentação Do Parlamentar,0,Sem indício cadastral crítico,FOUND,ATIVA,26,30,2531.70,2273.261250,4466.178507118996,0.0579,Comportamento esperado
207,160588,Diego Andrade,PSD,MG,Publicidade,Divulgação Da Atividade Parlamentar.,0,Sem indício cadastral crítico,FOUND,ATIVA,8,52,448560.00,194891.353020,276881.75990132586,0.9162,Comportamento esperado
29,220542,Alexandre Guimarães,MDB,TO,Publicidade,Divulgação Da Atividade Parlamentar.,0,Sem indício cadastral crítico,FOUND,ATIVA,31,350,1131239.33,260231.601071,329408.0872597135,2.6442,Possível anomalia financeira
260,160532,Eli Corrêa Filho,UNIÃO,SP,Locomoção,Locação Ou Fretamento De Veículos Automotores,0,Sem indício cadastral crítico,FOUND,ATIVA,1,7,27650.00,147254.510948,139673.23431152088,-0.8563,Comportamento esperado
405,160570,Jerônimo Goergen,PP,RS,Combustível,Combustíveis E Lubrificantes.,0,Sem indício cadastral crítico,FOUND,ATIVA,70,216,59121.75,60520.148547,97388.05968907535,-0.0144,Comportamento esperado
357,204513,Guiga Peixoto,PSC,SP,Locomoção,Locação Ou Fretamento De Veículos Automotores,0,Sem indício cadastral crítico,FOUND,ATIVA,4,15,54805.16,147254.510948,139673.23431152088,-0.6619,Comportamento esperado
300,204445,Fernando Mineiro,PT,RN,Outros,Manutenção De Escritório De Apoio À Atividade Parlamentar,0,Sem indício cadastral crítico,FOUND,ATIVA,6,71,112875.38,114159.151154,175330.5134804051,-0.0073,Comportamento esperado
117,178993,Carlos Henrique Gaguim,UNIÃO,TO,Comunicação,Telefonia,0,Sem indício cadastral crítico,FOUND,ATIVA,2,46,53229.98,6929.241333,13569.93291877454,3.412,Anomalia financeira extrema
516,162332,Luiz Nishimori,PSD,PR,Combustível,Combustíveis E Lubrificantes.,0,Sem indício cadastral crítico,FOUND,ATIVA,10,61,137639.46,57944.345500,82353.4495793919,0.9677,Comportamento esperado
567,204403,Marlon Santos,PL,RS,Combustível,Combustíveis E Lubrificantes.,0,Sem indício cadastral crítico,FOUND,ATIVA,46,162,44402.14,60520.148547,97388.05968907535,-0.1655,Comportamento esperado
825,220560,Thiago De Joaldo,REPUBLICANOS,SE,Viagens,Passagem Aérea - Sigepa,,,,,0,124,123811.89,155702.681579,99733.68864426478,-0.3198,Comportamento esperado
583,74428,Mendonça Filho,PL,PE,Locomoção,Locação Ou Fretamento De Veículos Automotores,0,Sem indício cadastral crítico,FOUND,ATIVA,1,54,302280.00,220869.240392,185976.71020526288,0.4377,Comportamento esperado
226,204518,Dr. Frederico,PRD,MG,Publicidade,Divulgação Da Atividade Parlamentar.,0,Sem indício cadastral crítico,FOUND,ATIVA,11,208,751620.00,194891.353020,276881.75990132586,2.0107,Possível anomalia financeira
532,220648,Marangoni,PODE,SP,Viagens,Passagem Aérea - Sigepa,,,,,0,342,150043.65,185430.171967,136227.76556134285,-0.2598,Comportamento esperado
795,204557,Sidney Leite,PSD,AM,Viagens,Passagem Aérea - Rpa,0,Sem indício cadastral crítico,FOUND,ATIVA,3,29,26225.86,88728.821429,197712.15903932907,-0.3161,Comportamento esperado
168,220603,Dani Cunha,PL,RJ,Comunicação,Telefonia,0,Sem indício cadastral crítico,FOUND,ATIVA,2,26,13431.18,11897.719661,18918.17939394703,0.0811,Comportamento esperado
132,204490,Charlles Evangelista,PP,MG,Outros,Serviço De Segurança Prestado Por Empresa Especializada.,0,Sem indício cadastral crítico,FOUND,ATIVA,1,9,2281.12,6910.803333,5568.322882362166,-0.8314,Comportamento esperado
632,178987,Orlando Silva,PCDOB,SP,Outros,Manutenção De Escritório De Apoio À Atividade Parlamentar,1,Situação cadastral não ativa: BAIXADA,FOUND,BAIXADA,2,44,68321.40,98538.487659,143509.98800071477,-0.2106,Fornecedor com CNPJ suspeito
492,138286,Luciano Alves,PSD,PR,Publicidade,Divulgação Da Atividade Parlamentar.,0,Sem indício cadastral crítico,FOUND,ATIVA,20,71,493282.30,263664.052022,329972.5348930845,0.6959,Comportamento esperado
456,73586,Júlio Delgado,PV,MG,Combustível,Combustíveis E Lubrificantes.,1,Situação cadastral não ativa: BAIXADA,FOUND,BAIXADA,2,13,1820.00,65306.104375,92314.0005265802,-0.6877,Fornecedor com CNPJ suspeito
40,226708,Allan Garcês,PP,MA,Locomoção,Locação Ou Fretamento De Veículos Automotores,0,Sem indício cadastral crítico,FOUND,ATIVA,5,23,150020.58,122090.952683,112418.39663710551,0.2484,Comportamento esperado
638,204441,Otoni De Paula,PSD,RJ,Outros,Manutenção De Escritório De Apoio À Atividade Parlamentar,0,Sem indício cadastral crítico,FOUND,ATIVA,3,39,32363.50,80988.593819,134414.71100556676,-0.3618,Comportamento esperado
433,74554,José Rocha,UNIÃO,BA,Outros,"Serviço De Táxi, Pedágio E Estacionamento",0,Sem indício cadastral crítico,FOUND,ATIVA,5,62,1733.83,7947.726552,12451.86965129915,-0.499,Comportamento esperado
78,178975,Baleia Rossi,MDB,SP,Viagens,Passagem Aérea - Rpa,0,Sem indício cadastral crítico,FOUND,ATIVA,2,21,12993.79,24943.515352,36157.13967829913,-0.3305,Comportamento esperado
659,204538,Paulo Bengtson,PTB,PA,Serviços profissionais,"Consultorias, Pesquisas E Trabalhos Técnicos.",0,Sem indício cadastral crítico,FOUND,ATIVA,1,5,125000.00,71687.224615,51239.3397316542,1.0405,Comportamento esperado
213,220602,Dimas Gadelha,PT,RJ,Outros,Manutenção De Escritório De Apoio À Atividade Parlamentar,0,Documento não consultado por não ser CNPJ,NOT_APPLICABLE,,1,8,20000.00,80988.593819,134414.71100556676,-0.4537,Comportamento esperado
357,204513,Guiga Peixoto,PSC,SP,Hotéis,"Hospedagem ,exceto Do Parlamentar No Distrito Federal.",0,Sem indício cadastral crítico,FOUND,ATIVA,4,5,2283.15,10014.789189,11435.329101648113,-0.6761,Comportamento esperado
748,230767,Rodrigo Da Zaeli,PL,MT,Outros,"Serviço De Táxi, Pedágio E Estacionamento",0,Sem indício cadastral crítico,FOUND,ATIVA,3,22,149.90,3540.579286,11648.42981256765,-0.2911,Comportamento esperado
158,206018,Célia Xakriabá,PSOL,MG,Viagens,Passagem Aérea - Reembolso,0,Sem indício cadastral crítico,FOUND,ATIVA,1,1,3295.82,7020.191961,10297.188894597206,-0.3617,Comportamento esperado
120,204426,Carlos Veras,PT,PE,Locomoção,Locação Ou Fretamento De Veículos Automotores,0,Sem indício cadastral crítico,FOUND,ATIVA,7,36,407293.87,220869.240392,185976.71020526288,1.0024,Comportamento esperado
236,220674,Dra. Alessandra Haber,PODE,PA,Hotéis,"Hospedagem ,exceto Do Parlamentar No Distrito Federal.",0,Sem indício cadastral crítico,FOUND,ATIVA,5,7,7148.65,12723.705217,19811.362899516178,-0.2814,Comportamento esperado
156,135054,Cristiano Vale,PP,PA,Viagens,Passagem Aérea - Sigepa,,,,,0,45,66741.43,266111.307931,195578.09309190325,-1.0194,Comportamento esperado
589,171786,Miguel Ângelo,PT,MG,Outros,"Serviço De Táxi, Pedágio E Estacionamento",0,Sem indício cadastral crítico,FOUND,ATIVA,24,196,2139.38,5572.245385,10370.293242628488,-0.331,Comportamento esperado
796,74356,Silas Câmara,REPUBLICANOS,AM,Publicidade,Divulgação Da Atividade Parlamentar.,0,Sem indício cadastral crítico,FOUND,ATIVA,9,26,696080.00,309286.770000,323174.1425425514,1.1969,Comportamento esperado
712,74084,Raimundo Santos,PSD,PA,Combustível,Combustíveis E Lubrificantes.,0,Sem indício cadastral crítico,FOUND,ATIVA,12,41,8135.20,39488.928400,62234.56368268833,-0.5038,Comportamento esperado
538,76874,Marcelo Freixo,PSB,RJ,Combustível,Combustíveis E Lubrificantes.,0,Sem indício cadastral crítico,FOUND,ATIVA,30,106,30545.01,44023.319398,62812.667137756165,-0.2146,Comportamento esperado
37,178927,Aliel Machado,PV,PR,Publicidade,Divulgação Da Atividade Parlamentar.,0,Sem indício cadastral crítico,FOUND,ATIVA,39,234,673488.80,263664.052022,329972.5348930845,1.242,Comportamento esperado
301,92699,Fernando Monteiro,PSD,PE,Viagens,Passagem Aérea - Sigepa,,,,,0,297,329821.43,221741.150682,163177.94412569836,0.6623,Comportamento esperado
718,205865,Reinhold Stephanes,PSD,PR,Publicidade,Divulgação Da Atividade Parlamentar.,0,Sem indício cadastral crítico,FOUND,ATIVA,2,5,14333.33,263664.052022,329972.5348930845,-0.7556,Comportamento esperado
835,157130,Túlio Gadêlha,REDE,PE,Publicidade,Divulgação Da Atividade Parlamentar.,0,Sem indício cadastral crítico,FOUND,ATIVA,6,14,104706.70,241972.708182,301628.5621101344,-0.4551,Comportamento esperado
119,74262,Carlos Sampaio,PSD,SP,Outros,Manutenção De Escritório De Apoio À Atividade Parlamentar,0,Sem indício cadastral crítico,FOUND,ATIVA,7,131,303761.62,98538.487659,143509.98800071477,1.43,Comportamento esperado
270,161550,Emidinho Madeira,PL,MG,Combustível,Combustíveis E Lubrificantes.,0,Sem indício cadastral crítico,FOUND,ATIVA,60,134,241182.37,65306.104375,92314.0005265802,1.9052,Comportamento esperado
557,220604,Marcos Tavares,PDT,RJ,Locomoção,Locação Ou Fretamento De Veículos Automotores,0,Sem indício cadastral crítico,FOUND,ATIVA,1,34,209980.00,162239.394390,163272.60476613723,0.2924,Comportamento esperado
454,178839,Jéssica Sales,MDB,AC,Viagens,Passagem Aérea - Rpa,0,Sem indício cadastral crítico,FOUND,ATIVA,3,51,68968.92,17368.935000,20856.5816470984,2.474,Possível anomalia financeira
846,204505,Vavá Martins,REPUBLICANOS,PA,Outros,Manutenção De Escritório De Apoio À Atividade Parlamentar,0,Sem indício cadastral crítico,FOUND,ATIVA,6,40,19971.54,42888.542571,70113.4772677672,-0.3269,Comportamento esperado
55,220657,André Fernandes,PL,CE,Alimentação,Fornecimento De Alimentação Do Parlamentar,0,Sem indício cadastral crítico,FOUND,ATIVA,3,15,1147.14,4778.337742,9185.089924635726,-0.3953,Comportamento esperado
249,74655,Eduardo Barbosa,PSDB,MG,Publicidade,Assinatura De Publicações,0,Sem indício cadastral crítico,FOUND,ATIVA,2,2,589.00,1596.091765,1698.0009011232714,-0.5931,Comportamento esperado
584,188097,Merlong Solano,PT,PI,Alimentação,Fornecimento De Alimentação Do Parlamentar,1,Situação cadastral não ativa: BAIXADA,FOUND,BAIXADA,2,50,674.00,3231.855000,6522.778260515771,-0.3921,Fornecedor com CNPJ suspeito
379,73772,Hermes Parcianello,MDB,PR,Outros,Manutenção De Escritório De Apoio À Atividade Parlamentar,0,Sem indício cadastral crítico,FOUND,ATIVA,7,28,59949.92,86193.122500,116860.66498214444,-0.2246,Comportamento esperado
402,108338,Jaqueline Cassol,PP,RO,Publicidade,Divulgação Da Atividade Parlamentar.,1,Situação cadastral não ativa: INAPTA,FOUND,INAPTA,1,7,6800.00,289552.191071,359934.1329827757,-0.7856,Fornecedor com CNPJ suspeito
610,218879,Nelho Bezerra,UNIÃO,CE,Alimentação,Fornecimento De Alimentação Do Parlamentar,0,Sem indício cadastral crítico,FOUND,ATIVA,12,19,1445.49,4778.337742,9185.089924635726,-0.3629,Comportamento esperado
309,160598,Flávia Morais,MDB,GO,Comunicação,Telefonia,0,Sem indício cadastral crítico,FOUND,ATIVA,5,69,51686.67,16840.076000,26049.85234640615,1.3377,Comportamento esperado
188,220625,Delegada Ione,AVANTE,MG,Viagens,Passagem Aérea - Reembolso,0,Sem indício cadastral crítico,FOUND,ATIVA,3,3,2540.59,7020.191961,10297.188894597206,-0.435,Comportamento esperado
330,204473,General Girão,PL,RN,Outros,"Serviço De Táxi, Pedágio E Estacionamento",1,Situação cadastral não ativa: BAIXADA,FOUND,BAIXADA,2,5,224.60,8284.906667,15407.736715157096,-0.5231,Fornecedor com CNPJ suspeito
15,204495,Airton Faleiro,PT,PA,Publicidade,Divulgação Da Atividade Parlamentar.,1,Situação cadastral não ativa: BAIXADA,FOUND,BAIXADA,3,14,85440.00,319971.475333,323849.5425991789,-0.7242,Fornecedor com CNPJ suspeito
188,220625,Delegada Ione,AVANTE,MG,Outros,Manutenção De Escritório De Apoio À Atividade Parlamentar,1,Situação cadastral não ativa: BAIXADA,FOUND,BAIXADA,1,9,2520.00,123562.947566,162703.54342443834,-0.7439,Fornecedor com CNPJ suspeito
303,204411,Filipe Barros,PL,PR,Serviços profissionais,"Consultorias, Pesquisas E Trabalhos Técnicos.",0,Sem indício cadastral crítico,FOUND,ATIVA,2,6,89000.00,58752.690645,58141.82428785019,0.5202,Comportamento esperado
233,178830,Dr. Sinval Malheiros,PODE,SP,Combustível,Combustíveis E Lubrificantes.,0,Sem indício cadastral crítico,FOUND,ATIVA,7,9,1019.34,42192.750821,64034.19773844777,-0.643,Comportamento esperado
195,204512,Delegado Marcelo Freitas,UNIÃO,MG,Outros,Manutenção De Escritório De Apoio À Atividade Parlamentar,0,Documento não consultado por não ser CNPJ,NOT_APPLICABLE,,1,9,40500.00,123562.947566,162703.54342443834,-0.5105,Comportamento esperado
313,204510,Franco Cartafina,PP,MG,Viagens,Passagem Aérea - Sigepa,,,,,0,16,24243.12,195216.599630,167832.49260588933,-1.0187,Comportamento esperado
235,204412,Dr. Zacharias Calil,MDB,GO,Alimentação,Fornecimento De Alimentação Do Parlamentar,0,Sem indício cadastral crítico,FOUND,ATIVA,54,591,29593.66,3293.239000,7032.529544734017,3.7398,Anomalia financeira extrema
815,178922,Tadeu Alencar,PSB,PE,Outros,Manutenção De Escritório De Apoio À Atividade Parlamentar,1,Situação cadastral não ativa: BAIXADA,FOUND,BAIXADA,2,6,5129.00,90785.734524,140277.34198893898,-0.6106,Fornecedor com CNPJ suspeito
482,204405,Liziane Bayer,REPUBLICANOS,RS,Combustível,Combustíveis E Lubrificantes.,1,Situação cadastral não ativa: BAIXADA,FOUND,BAIXADA,5,5,1436.57,60520.148547,97388.05968907535,-0.6067,Fornecedor com CNPJ suspeito
30,160545,Alexandre Leite,UNIÃO,SP,Viagens,Passagem Aérea - Sigepa,,,,,0,317,312987.92,185430.171967,136227.76556134285,0.9364,Comportamento esperado
209,178929,Diego Garcia,UNIÃO,PR,Outros,"Serviço De Táxi, Pedágio E Estacionamento",0,Sem indício cadastral crítico,FOUND,ATIVA,47,1643,40156.45,5713.999474,13397.131596894355,2.5709,Possível anomalia financeira
570,178843,Marx Beltrão,UNIÃO,AL,Publicidade,Divulgação Da Atividade Parlamentar.,0,Sem indício cadastral crítico,FOUND,ATIVA,5,76,1326410.00,358459.172381,402499.84210100886,2.4048,Possível anomalia financeira
481,74858,Lindbergh Farias,PT,RJ,Combustível,Combustíveis E Lubrificantes.,0,Sem indício cadastral crítico,FOUND,ATIVA,46,158,40970.22,44023.319398,62812.667137756165,-0.0486,Comportamento esperado
667,74574,Paulo Magalhães,PSD,BA,Hotéis,"Hospedagem ,exceto Do Parlamentar No Distrito Federal.",0,Sem indício cadastral crítico,FOUND,ATIVA,6,71,15486.78,14559.116889,26542.375379101115,0.035,Comportamento esperado
554,204506,Marcos Pereira,REPUBLICANOS,SP,Combustível,Combustíveis E Lubrificantes.,0,Sem indício cadastral crítico,FOUND,ATIVA,2,88,37097.96,42192.750821,64034.19773844777,-0.0796,Comportamento esperado
176,204409,Daniel Trzeciak,PSDB,RS,Outros,Manutenção De Escritório De Apoio À Atividade Parlamentar,1,Erro na consulta pública de CNPJ,ERROR,,1,59,13279.28,109428.142500,149558.61424927576,-0.6429,Fornecedor com CNPJ suspeito
666,220685,Paulo Litro,UNIÃO,PR,Combustível,Combustíveis E Lubrificantes.,1,Situação cadastral não ativa: BAIXADA,FOUND,BAIXADA,3,6,2566.27,57944.345500,82353.4495793919,-0.6724,Fornecedor com CNPJ suspeito
610,218879,Nelho Bezerra,UNIÃO,CE,Locomoção,Locação Ou Fretamento De Veículos Automotores,0,Sem indício cadastral crítico,FOUND,ATIVA,1,3,14100.00,139651.247778,143531.8586124825,-0.8747,Comportamento esperado
851,204483,Vilson Da Fetaemg,PSB,MG,Locomoção,Locação Ou Fretamento De Veículos Automotores,0,Sem indício cadastral crítico,FOUND,ATIVA,2,23,78130.96,199358.988889,190617.58878325575,-0.636,Comportamento esperado
318,68720,Fábio Henrique,UNIÃO,SE,Combustível,Combustíveis E Lubrificantes.,1,Situação cadastral não ativa: BAIXADA,FOUND,BAIXADA,1,1,435.04,53493.520741,82556.56454059949,-0.6427,Fornecedor com CNPJ suspeito
632,178987,Orlando Silva,PCDOB,SP,Publicidade,Divulgação Da Atividade Parlamentar.,0,Sem indício cadastral crítico,FOUND,ATIVA,8,79,897449.30,243741.226243,313657.1515008437,2.0841,Possível anomalia financeira
43,204545,Alê Silva,REPUBLICANOS,MG,Outros,"Serviço De Táxi, Pedágio E Estacionamento",0,Sem indício cadastral crítico,FOUND,ATIVA,4,32,2005.90,5572.245385,10370.293242628488,-0.3439,Comportamento esperado
750,223128,Rodrigo Estacho,PSD,PR,Outros,"Serviço De Táxi, Pedágio E Estacionamento",0,Sem indício cadastral crítico,FOUND,ATIVA,8,154,10574.47,5713.999474,13397.131596894355,0.3628,Comportamento esperado
12,136811,Afonso Hamm,PP,RS,Publicidade,Divulgação Da Atividade Parlamentar.,1,Situação cadastral não ativa: INAPTA,FOUND,INAPTA,1,5,20000.00,215724.063125,265101.600265673,-0.7383,Fornecedor com CNPJ suspeito
584,188097,Merlong Solano,PT,PI,Hotéis,"Hospedagem ,exceto Do Parlamentar No Distrito Federal.",0,Sem indício cadastral crítico,FOUND,ATIVA,8,13,3151.30,7549.470769,12134.625273294365,-0.3624,Comportamento esperado
893,,,,NA,Alimentação,Fornecimento De Alimentação Do Parlamentar,1,Situação cadastral não ativa: BAIXADA,FOUND,BAIXADA,1,14,9975.00,76824.316875,122514.48277202321,-0.5456,Fornecedor com CNPJ suspeito
806,220575,Sonize Barbosa,PL,AP,Combustível,Combustíveis E Lubrificantes.,1,Situação cadastral não ativa: INAPTA,FOUND,INAPTA,1,1,150.00,24571.047667,39205.554475113444,-0.6229,Fornecedor com CNPJ suspeito
859,160569,Waldenor Pereira,PT,BA,Alimentação,Fornecimento De Alimentação Do Parlamentar,0,Sem indício cadastral crítico,FOUND,ATIVA,3,5,392.08,5334.958511,10548.888785765435,-0.4686,Comportamento esperado
756,204480,Rogério Correia,PT,MG,Viagens,Passagem Aérea - Reembolso,0,Sem indício cadastral crítico,FOUND,ATIVA,1,1,2550.59,7020.191961,10297.188894597206,-0.4341,Comportamento esperado
704,160641,Professora Marcivania,PCDOB,AP,Publicidade,Divulgação Da Atividade Parlamentar.,0,Sem indício cadastral crítico,FOUND,ATIVA,8,20,497820.00,282209.245429,388109.6753004129,0.5555,Comportamento esperado
36,74057,Alice Portugal,PCDOB,BA,Outros,Manutenção De Escritório De Apoio À Atividade Parlamentar,0,Sem indício cadastral crítico,FOUND,ATIVA,5,27,52449.44,98257.521290,134321.8726415135,-0.341,Comportamento esperado
313,204510,Franco Cartafina,PP,MG,Outros,"Serviço De Táxi, Pedágio E Estacionamento",0,Sem indício cadastral crítico,FOUND,ATIVA,5,46,3032.89,5572.245385,10370.293242628488,-0.2449,Comportamento esperado
871,160592,Zeca Dirceu,PT,PR,Serviços profissionais,"Consultorias, Pesquisas E Trabalhos Técnicos.",0,Sem indício cadastral crítico,FOUND,ATIVA,1,2,20000.00,58752.690645,58141.82428785019,-0.6665,Comportamento esperado
541,204558,Marcelo Nilo,REPUBLICANOS,BA,Outros,Manutenção De Escritório De Apoio À Atividade Parlamentar,0,Documento não consultado por não ser CNPJ,NOT_APPLICABLE,,1,13,71500.00,98257.521290,134321.8726415135,-0.1992,Comportamento esperado
571,204428,Marília Arraes,SOLIDARIEDADE,PE,Serviços profissionais,"Consultorias, Pesquisas E Trabalhos Técnicos.",0,Sem indício cadastral crítico,FOUND,ATIVA,1,11,55000.00,33394.939474,25891.938420366478,0.8344,Comportamento esperado
200,220619,Delegado Ramagem,PL,RJ,Viagens,Passagem Aérea - Rpa,0,Sem indício cadastral crítico,FOUND,ATIVA,1,1,3199.85,24365.871064,36425.48190750471,-0.5811,Comportamento esperado
823,204466,Tereza Nelma,PSD,AL,Outros,Serviço De Segurança Prestado Por Empresa Especializada.,0,Sem indício cadastral crítico,FOUND,ATIVA,1,10,51900.00,51900.000000,,,Comportamento esperado
665,233592,Paulo Lemos,PT,AP,Locomoção,Locação Ou Fretamento De Veículos Automotores,0,Sem indício cadastral crítico,FOUND,ATIVA,1,1,1210.06,118873.802381,121389.286590239,-0.9693,Comportamento esperado
791,204438,Sergio Toledo,PV,AL,Comunicação,Telefonia,0,Sem indício cadastral crítico,FOUND,ATIVA,1,11,1393.35,4087.430000,3910.7833872298947,-0.6889,Comportamento esperado
352,107283,Gleisi Hoffmann,PT,PR,Combustível,Combustíveis E Lubrificantes.,0,Sem indício cadastral crítico,FOUND,ATIVA,262,985,205226.41,57944.345500,82353.4495793919,1.7884,Comportamento esperado
153,178963,Covatti Filho,PP,RS,Combustível,Combustíveis E Lubrificantes.,0,Sem indício cadastral crítico,FOUND,ATIVA,149,274,88993.51,60520.148547,97388.05968907535,0.2924,Comportamento esperado
208,220691,Diego Coronel,REPUBLICANOS,BA,Viagens,Passagem Aérea - Rpa,0,Sem indício cadastral crítico,FOUND,ATIVA,2,14,28016.37,31763.658913,54219.86604798766,-0.0691,Comportamento esperado
783,204387,Sargento Fahur,PL,PR,Viagens,Passagem Aérea - Sigepa,,,,,0,282,179671.63,173223.575536,125997.34942419773,0.0512,Comportamento esperado
877,204559,Zé Neto,PT,BA,Outros,"Serviço De Táxi, Pedágio E Estacionamento",0,Sem indício cadastral crítico,FOUND,ATIVA,4,84,16845.35,7947.726552,12451.86965129915,0.7146,Comportamento esperado
57,133439,André Figueiredo,PDT,CE,Locomoção,Locação Ou Fretamento De Veículos Automotores,0,Sem indício cadastral crítico,FOUND,ATIVA,2,65,546264.56,139651.247778,143531.8586124825,2.8329,Possível anomalia financeira
478,92102,Leur Lomanto Júnior,UNIÃO,BA,Publicidade,Divulgação Da Atividade Parlamentar.,0,Sem indício cadastral crítico,FOUND,ATIVA,5,57,547641.64,317318.910361,328157.1355142384,0.7019,Comportamento esperado
80,220612,Bebeto,PP,RJ,Alimentação,Fornecimento De Alimentação Do Parlamentar,0,Sem indício cadastral crítico,FOUND,ATIVA,6,10,814.06,5314.154545,11413.915891543053,-0.3943,Comportamento esperado
732,204362,Ricardo Guidi,PSD,SC,Locomoção,Locação Ou Fretamento De Veículos Automotores,1,Situação cadastral não ativa: BAIXADA,FOUND,BAIXADA,1,2,551.26,154711.621212,151032.92349497412,-1.0207,Fornecedor com CNPJ suspeito
266,178854,Elmar Nascimento,UNIÃO,BA,Outros,Manutenção De Escritório De Apoio À Atividade Parlamentar,0,Documento não consultado por não ser CNPJ,NOT_APPLICABLE,,1,46,248767.75,98257.521290,134321.8726415135,1.1205,Comportamento esperado
690,204524,Pinheirinho,PP,MG,Viagens,Passagem Aérea - Reembolso,0,Sem indício cadastral crítico,FOUND,ATIVA,2,4,9546.31,7020.191961,10297.188894597206,0.2453,Comportamento esperado
378,204539,Hercílio Coelho Diniz,MDB,MG,Combustível,Combustíveis E Lubrificantes.,0,Sem indício cadastral crítico,FOUND,ATIVA,99,294,93454.23,65306.104375,92314.0005265802,0.3049,Comportamento esperado
150,204514,Coronel Tadeu,PL,SP,Comunicação,Telefonia,0,Sem indício cadastral crítico,FOUND,ATIVA,2,24,12030.58,19889.940211,25751.500071775903,-0.3052,Comportamento esperado
199,220654,Delegado Paulo Bilynskyj,PL,SP,Hotéis,"Hospedagem ,exceto Do Parlamentar No Distrito Federal.",0,Sem indício cadastral crítico,FOUND,ATIVA,38,68,42467.42,10014.789189,11435.329101648113,2.8379,Possível anomalia financeira
309,160598,Flávia Morais,PDT,GO,Publicidade,Divulgação Da Atividade Parlamentar.,0,Sem indício cadastral crítico,FOUND,ATIVA,2,10,148440.00,294423.402917,352090.0693215526,-0.4146,Comportamento esperado
674,220630,Pedro Aihara,PP,MG,Outros,Manutenção De Escritório De Apoio À Atividade Parlamentar,1,Erro na consulta pública de CNPJ,ERROR,,1,1,111.17,123562.947566,162703.54342443834,-0.7588,Fornecedor com CNPJ suspeito
176,204409,Daniel Trzeciak,PSDB,RS,Outros,Manutenção De Escritório De Apoio À Atividade Parlamentar,0,Documento não consultado por não ser CNPJ,NOT_APPLICABLE,,2,17,55750.00,109428.142500,149558.61424927576,-0.3589,Comportamento esperado
223,220614,Dr. Daniel Soranz,PSD,RJ,Locomoção,Locação Ou Fretamento De Veículos Automotores,0,Sem indício cadastral crítico,FOUND,ATIVA,2,3,19165.00,162239.394390,163272.60476613723,-0.8763,Comportamento esperado
4,204379,Acácio Favacho,MDB,AP,Publicidade,Divulgação Da Atividade Parlamentar.,1,Situação cadastral não ativa: BAIXADA,FOUND,BAIXADA,2,3,10500.00,282209.245429,388109.6753004129,-0.7001,Fornecedor com CNPJ suspeito
631,74399,Onyx Lorenzoni,PL,RS,Combustível,Combustíveis E Lubrificantes.,1,Situação cadastral não ativa: BAIXADA,FOUND,BAIXADA,3,7,1542.10,60520.148547,97388.05968907535,-0.6056,Fornecedor com CNPJ suspeito
132,204490,Charlles Evangelista,PP,MG,Hotéis,"Hospedagem ,exceto Do Parlamentar No Distrito Federal.",1,CNPJ não encontrado na API pública,NOT_FOUND,,1,2,200.00,17018.453084,26330.369533202334,-0.6387,Fornecedor com CNPJ suspeito
180,62881,Danilo Forte,UNIÃO,CE,Hotéis,"Hospedagem ,exceto Do Parlamentar No Distrito Federal.",0,Sem indício cadastral crítico,FOUND,ATIVA,11,27,21857.45,14861.399063,17345.750222182687,0.4033,Comportamento esperado
59,204515,André Janones,AVANTE,MG,Outros,Serviço De Segurança Prestado Por Empresa Especializada.,0,Sem indício cadastral crítico,FOUND,ATIVA,3,4,7875.00,6910.803333,5568.322882362166,0.1732,Comportamento esperado
685,160604,Pedro Uczai,PT,SC,Viagens,Passagem Aérea - Reembolso,0,Sem indício cadastral crítico,FOUND,ATIVA,2,2,3562.47,9023.088750,8047.509872572903,-0.6785,Comportamento esperado
47,220596,Amália Barros,PL,MT,Alimentação,Fornecimento De Alimentação Do Parlamentar,0,Sem indício cadastral crítico,FOUND,ATIVA,106,217,18169.18,2273.261250,4466.178507118996,3.5592,Anomalia financeira extrema
304,220545,Filipe Martins,PL,TO,Combustível,Combustíveis E Lubrificantes.,0,Sem indício cadastral crítico,FOUND,ATIVA,149,490,156529.39,73777.441071,109277.9364585353,0.7573,Comportamento esperado
89,204374,Bia Kicis,PL,DF,Publicidade,Divulgação Da Atividade Parlamentar.,1,Situação cadastral não ativa: INAPTA,FOUND,INAPTA,1,5,7200.00,274983.723704,375023.4293293225,-0.714,Fornecedor com CNPJ suspeito
262,204389,Elias Vaz,PSB,GO,Publicidade,Divulgação Da Atividade Parlamentar.,0,Sem indício cadastral crítico,FOUND,ATIVA,3,15,133449.36,294423.402917,352090.0693215526,-0.4572,Comportamento esperado
244,178994,Dulce Miranda,MDB,TO,Viagens,Passagem Aérea - Rpa,0,Sem indício cadastral crítico,FOUND,ATIVA,1,16,17706.63,21219.852500,34392.862425376974,-0.1021,Comportamento esperado
312,204392,Francisco Jr.,PSD,GO,Combustível,Combustíveis E Lubrificantes.,0,Sem indício cadastral crítico,FOUND,ATIVA,87,175,43336.39,65044.277593,95738.05404592726,-0.2267,Comportamento esperado
781,160621,Sandro Alex,PSD,PR,Hotéis,"Hospedagem ,exceto Do Parlamentar No Distrito Federal.",0,Sem indício cadastral crítico,FOUND,ATIVA,14,28,5358.71,18419.328649,34024.43115299299,-0.3839,Comportamento esperado
557,220604,Marcos Tavares,PDT,RJ,Viagens,Passagem Aérea - Sigepa,,,,,0,363,315345.09,213577.740357,175550.75566941444,0.5797,Comportamento esperado
716,221378,Reginete Bispo,PT,RS,Outros,"Serviço De Táxi, Pedágio E Estacionamento",0,Sem indício cadastral crítico,FOUND,ATIVA,14,130,12929.78,10192.084923,16137.89190584743,0.1696,Comportamento esperado
19,74696,Alberto Mourão,MDB,SP,Comunicação,Telefonia,0,Sem indício cadastral crítico,FOUND,ATIVA,1,21,4335.90,19889.940211,25751.500071775903,-0.604,Comportamento esperado
519,178866,Luizianne Lins,PT,CE,Publicidade,Divulgação Da Atividade Parlamentar.,1,Situação cadastral não ativa: BAIXADA,FOUND,BAIXADA,1,9,79271.00,263931.285395,366906.3702021798,-0.5033,Fornecedor com CNPJ suspeito
363,73460,Gustavo Fruet,PDT,PR,Comunicação,Telefonia,0,Sem indício cadastral crítico,FOUND,ATIVA,3,10,4098.29,10984.091277,13121.60062975809,-0.5248,Comportamento esperado
388,204533,Idilvan Alencar,PSB,CE,Combustível,Combustíveis E Lubrificantes.,1,Situação cadastral não ativa: BAIXADA,FOUND,BAIXADA,1,3,617.85,41977.960833,76764.60304100714,-0.5388,Fornecedor com CNPJ suspeito
388,204533,Idilvan Alencar,PDT,CE,Combustível,Combustíveis E Lubrificantes.,1,Situação cadastral não ativa: BAIXADA,FOUND,BAIXADA,6,7,1386.80,41977.960833,76764.60304100714,-0.5288,Fornecedor com CNPJ suspeito
584,188097,Merlong Solano,PT,PI,Comunicação,Telefonia,0,Sem indício cadastral crítico,FOUND,ATIVA,3,106,28301.80,15912.685455,14251.787111607697,0.8693,Comportamento esperado
629,74159,Odair Cunha,PT,MG,Viagens,Passagem Aérea - Rpa,0,Sem indício cadastral crítico,FOUND,ATIVA,3,32,63824.96,40253.940526,63478.97879162227,0.3713,Comportamento esperado
269,198783,Emanuel Pinheiro Neto,PSD,MT,Combustível,Combustíveis E Lubrificantes.,1,Situação cadastral não ativa: BAIXADA,FOUND,BAIXADA,4,4,440.72,34330.305532,57340.29977264771,-0.591,Fornecedor com CNPJ suspeito
124,204369,Caroline De Toni,PL,SC,Locomoção,Locação Ou Fretamento De Veículos Automotores,0,Sem indício cadastral crítico,FOUND,ATIVA,4,55,231114.00,154711.621212,151032.92349497412,0.5059,Comportamento esperado
269,198783,Emanuel Pinheiro Neto,MDB,MT,Locomoção,Locação Ou Fretamento De Veículos Automotores,0,Sem indício cadastral crítico,FOUND,ATIVA,3,17,63935.27,134358.602609,119146.49353274485,-0.5911,Comportamento esperado
669,74400,Paulo Pimenta,PT,RS,Viagens,Passagem Aérea - Reembolso,1,Erro na consulta pública de CNPJ,ERROR,,1,1,5834.59,7846.026333,10735.105702213965,-0.1874,Fornecedor com CNPJ suspeito
381,178884,Hildo Rocha,MDB,MA,Combustível,Combustíveis E Lubrificantes.,1,Situação cadastral não ativa: BAIXADA,FOUND,BAIXADA,4,12,3137.36,34895.172615,52384.05405357016,-0.6062,Fornecedor com CNPJ suspeito
23,204501,Alencar Santana,PT,SP,Outros,Manutenção De Escritório De Apoio À Atividade Parlamentar,0,Documento não consultado por não ser CNPJ,NOT_APPLICABLE,,1,49,308775.89,98538.487659,143509.98800071477,1.465,Comportamento esperado
145,204376,Coronel Armando,PP,SC,Publicidade,Divulgação Da Atividade Parlamentar.,0,Sem indício cadastral crítico,FOUND,ATIVA,4,9,45890.61,148561.773265,217765.15459275612,-0.4715,Comportamento esperado
367,204465,Haroldo Cathedral,PSD,RR,Publicidade,Divulgação Da Atividade Parlamentar.,0,Sem indício cadastral crítico,FOUND,ATIVA,11,61,250700.00,302008.159333,364968.0243701814,-0.1406,Comportamento esperado
811,73808,Sérgio Brito,PSD,BA,Serviços profissionais,"Consultorias, Pesquisas E Trabalhos Técnicos.",0,Sem indício cadastral crítico,FOUND,ATIVA,1,5,72069.00,64386.903226,47821.13506693795,0.1606,Comportamento esperado
327,74200,Gastão Vieira,PROS,MA,Publicidade,Divulgação Da Atividade Parlamentar.,0,Sem indício cadastral crítico,FOUND,ATIVA,3,7,35500.00,299945.123175,386285.4495039867,-0.6846,Comportamento esperado
690,204524,Pinheirinho,PP,MG,Outros,"Serviço De Táxi, Pedágio E Estacionamento",1,Situação cadastral não ativa: BAIXADA,FOUND,BAIXADA,2,4,346.30,5572.245385,10370.293242628488,-0.5039,Fornecedor com CNPJ suspeito
197,204569,Delegado Pablo,UNIÃO,AM,Locomoção,Locação Ou Fretamento De Veículos Automotores,0,Sem indício cadastral crítico,FOUND,ATIVA,3,16,66038.93,152696.895000,125499.30922769064,-0.6905,Comportamento esperado
638,204441,Otoni De Paula,PSD,RJ,Combustível,Combustíveis E Lubrificantes.,1,Situação cadastral não ativa: BAIXADA,FOUND,BAIXADA,1,9,2180.03,44023.319398,62812.667137756165,-0.6662,Fornecedor com CNPJ suspeito
348,178996,Giovani Feltes,MDB,RS,Comunicação,Telefonia,0,Sem indício cadastral crítico,FOUND,ATIVA,4,19,3739.25,19321.830435,18898.364290143905,-0.8245,Comportamento esperado
345,220526,Gilvan Da Federal,PL,ES,Outros,Manutenção De Escritório De Apoio À Atividade Parlamentar,0,Documento não consultado por não ser CNPJ,NOT_APPLICABLE,,1,14,6007.57,101936.796563,164857.25422120074,-0.5819,Comportamento esperado
846,204505,Vavá Martins,REPUBLICANOS,PA,Hotéis,"Hospedagem ,exceto Do Parlamentar No Distrito Federal.",0,Sem indício cadastral crítico,FOUND,ATIVA,4,8,9577.00,12723.705217,19811.362899516178,-0.1588,Comportamento esperado
644,230762,Pastor Claudio Mariano,UNIÃO,PA,Outros,"Serviço De Táxi, Pedágio E Estacionamento",0,Sem indício cadastral crítico,FOUND,ATIVA,2,2,100.00,357.850000,369.23795491525516,-0.6983,Comportamento esperado
366,204456,Gutemberg Reis,MDB,RJ,Hotéis,"Hospedagem ,exceto Do Parlamentar No Distrito Federal.",0,Sem indício cadastral crítico,FOUND,ATIVA,2,2,4491.10,13016.628636,21468.959145470457,-0.3971,Comportamento esperado
235,204412,Dr. Zacharias Calil,UNIÃO,GO,Outros,"Serviço De Táxi, Pedágio E Estacionamento",0,Sem indício cadastral crítico,FOUND,ATIVA,4,25,1678.81,4054.328571,5832.390128543895,-0.4073,Comportamento esperado
92,204561,Bira Do Pindaré,PSB,MA,Serviços profissionais,"Consultorias, Pesquisas E Trabalhos Técnicos.",0,Sem indício cadastral crítico,FOUND,ATIVA,1,3,60000.00,73247.500000,60193.25778602398,-0.2201,Comportamento esperado
569,220572,Marussa Boldrin,REPUBLICANOS,GO,Locomoção,Locação Ou Fretamento De Veículos Automotores,0,Sem indício cadastral crítico,FOUND,ATIVA,4,16,155190.82,189142.637500,142661.57624064668,-0.238,Comportamento esperado
788,178921,Sebastião Oliveira,AVANTE,PE,Combustível,Combustíveis E Lubrificantes.,1,Situação cadastral não ativa: BAIXADA,FOUND,BAIXADA,2,3,1099.10,53506.291935,82942.380015203,-0.6319,Fornecedor com CNPJ suspeito
878,160632,Zé Silva,UNIÃO,MG,Combustível,Combustíveis E Lubrificantes.,0,Sem indício cadastral crítico,FOUND,ATIVA,151,431,226473.61,65306.104375,92314.0005265802,1.7459,Comportamento esperado
22,204413,Alcides Rodrigues,PATRIOTA,GO,Combustível,Combustíveis E Lubrificantes.,0,Sem indício cadastral crítico,FOUND,ATIVA,37,87,22734.48,65044.277593,95738.05404592726,-0.4419,Comportamento esperado
151,222142,Coronel Telhada,PP,SP,Alimentação,Fornecimento De Alimentação Do Parlamentar,0,Sem indício cadastral crítico,FOUND,ATIVA,60,192,11115.39,3366.001170,5609.697337170304,1.3814,Comportamento esperado
851,204483,Vilson Da Fetaemg,PSB,MG,Combustível,Combustíveis E Lubrificantes.,0,Sem indício cadastral crítico,FOUND,ATIVA,57,97,23428.12,65306.104375,92314.0005265802,-0.4536,Comportamento esperado
728,220543,Ricardo Ayres,REPUBLICANOS,TO,Outros,Manutenção De Escritório De Apoio À Atividade Parlamentar,0,Sem indício cadastral crítico,FOUND,ATIVA,14,519,292250.56,60332.404118,100110.53801139936,2.3166,Possível anomalia financeira
68,73433,Arlindo Chinaglia,PT,SP,Outros,Manutenção De Escritório De Apoio À Atividade Parlamentar,0,Sem indício cadastral crítico,FOUND,ATIVA,7,171,309407.41,98538.487659,143509.98800071477,1.4694,Comportamento esperado
270,161550,Emidinho Madeira,PL,MG,Outros,Manutenção De Escritório De Apoio À Atividade Parlamentar,0,Documento não consultado por não ser CNPJ,NOT_APPLICABLE,,4,152,302744.00,123562.947566,162703.54342443834,1.1013,Comportamento esperado
81,73701,Benedita Da Silva,PT,RJ,Alimentação,Fornecimento De Alimentação Do Parlamentar,0,Sem indício cadastral crítico,FOUND,ATIVA,17,72,7035.36,5314.154545,11413.915891543053,0.1508,Comportamento esperado
229,204481,Dr. Jaziel,PL,CE,Outros,Manutenção De Escritório De Apoio À Atividade Parlamentar,0,Sem indício cadastral crítico,FOUND,ATIVA,1,1,1187.80,68348.775082,105244.60317209057,-0.6381,Comportamento esperado
400,220697,Jadyel Alencar,REPUBLICANOS,PI,Outros,Manutenção De Escritório De Apoio À Atividade Parlamentar,1,Situação cadastral não ativa: BAIXADA,FOUND,BAIXADA,2,21,19628.38,64892.367419,74159.10998309037,-0.6104,Fornecedor com CNPJ suspeito
418,178857,Jorge Solla,PT,BA,Combustível,Combustíveis E Lubrificantes.,1,Situação cadastral não ativa: SUSPENSA,FOUND,SUSPENSA,1,2,132.32,76280.976842,110667.4963849575,-0.6881,Fornecedor com CNPJ suspeito
566,220655,Mario Frias,PL,SP,Hotéis,"Hospedagem ,exceto Do Parlamentar No Distrito Federal.",0,Sem indício cadastral crítico,FOUND,ATIVA,18,52,27686.21,10014.789189,11435.329101648113,1.5453,Comportamento esperado
494,103758,Luciano Azevedo,PSD,RS,Outros,Manutenção De Escritório De Apoio À Atividade Parlamentar,0,Sem indício cadastral crítico,FOUND,ATIVA,1,3,1268.30,109428.142500,149558.61424927576,-0.7232,Comportamento esperado
648,220615,Pastor Henrique Vieira,PSOL,RJ,Outros,"Serviço De Táxi, Pedágio E Estacionamento",1,Situação cadastral não ativa: BAIXADA,FOUND,BAIXADA,1,3,63.00,8455.730411,14321.838989715481,-0.586,Fornecedor com CNPJ suspeito
369,178964,Heitor Schuch,PSB,RS,Comunicação,Telefonia,0,Sem indício cadastral crítico,FOUND,ATIVA,2,39,9614.41,19321.830435,18898.364290143905,-0.5137,Comportamento esperado
555,220547,Marcos Pollon,PL,MS,Publicidade,Divulgação Da Atividade Parlamentar.,1,Situação cadastral não ativa: BAIXADA,FOUND,BAIXADA,3,17,156937.20,244824.753226,352025.1744174792,-0.2497,Fornecedor com CNPJ suspeito
638,204441,Otoni De Paula,PSD,RJ,Locomoção,Locação Ou Fretamento De Veículos Automotores,0,Sem indício cadastral crítico,FOUND,ATIVA,1,24,212000.00,162239.394390,163272.60476613723,0.3048,Comportamento esperado
433,74554,José Rocha,UNIÃO,BA,Outros,"Passagens Terrestres, Marítimas Ou Fluviais",0,Sem indício cadastral crítico,FOUND,ATIVA,3,12,2914.62,3634.349545,9001.916528866017,-0.08,Comportamento esperado
550,133373,Marco Maia,PT,RS,Viagens,Passagem Aérea - Sigepa,,,,,0,11,16296.86,223297.576531,126627.95953182003,-1.6347,Comportamento esperado
770,214477,Rrenato Queiroz,PSD,RR,Viagens,Passagem Aérea - Sigepa,,,,,0,27,36508.84,163783.293125,88161.1731168696,-1.4437,Comportamento esperado
409,178910,Joaquim Passarinho,PL,PA,Viagens,Passagem Aérea - Sigepa,,,,,0,501,534805.50,266111.307931,195578.09309190325,1.3738,Comportamento esperado
835,157130,Túlio Gadêlha,REDE,PE,Outros,Manutenção De Escritório De Apoio À Atividade Parlamentar,0,Sem indício cadastral crítico,FOUND,ATIVA,12,142,224001.44,90785.734524,140277.34198893898,0.9497,Comportamento esperado
146,220594,Coronel Assis,PL,MT,Hotéis,"Hospedagem ,exceto Do Parlamentar No Distrito Federal.",1,Situação cadastral não ativa: BAIXADA,FOUND,BAIXADA,1,2,630.00,20380.542308,35609.06873470771,-0.5546,Fornecedor com CNPJ suspeito
209,178929,Diego Garcia,UNIÃO,PR,Combustível,Combustíveis E Lubrificantes.,0,Sem indício cadastral crítico,FOUND,ATIVA,302,1127,232154.75,57944.345500,82353.4495793919,2.1154,Possível anomalia financeira
115,204361,Carlos Chiodini,MDB,SC,Alimentação,Fornecimento De Alimentação Do Parlamentar,0,Sem indício cadastral crítico,FOUND,ATIVA,68,100,7488.47,5345.501750,9873.801589562949,0.217,Comportamento esperado
103,220548,Camila Jara,PT,MS,Combustível,Combustíveis E Lubrificantes.,0,Sem indício cadastral crítico,FOUND,ATIVA,256,1083,169804.40,73790.692609,89494.27774679432,1.0728,Comportamento esperado
834,178934,Toninho Wandscheer,PP,PR,Viagens,Passagem Aérea - Sigepa,,,,,0,339,229238.98,173223.575536,125997.34942419773,0.4446,Comportamento esperado
745,220546,Rodolfo Nogueira,PL,MS,Comunicação,Telefonia,0,Sem indício cadastral crítico,FOUND,ATIVA,2,69,30439.56,12463.390000,16925.10623218233,1.0621,Comportamento esperado
261,226553,Eliane Braz,PSD,CE,Combustível,Combustíveis E Lubrificantes.,0,Sem indício cadastral crítico,FOUND,ATIVA,16,24,6272.07,41977.960833,76764.60304100714,-0.4651,Comportamento esperado
657,220650,Paulo Alexandre Barbosa,PSDB,SP,Viagens,Passagem Aérea - Sigepa,,,,,0,205,289156.89,185430.171967,136227.76556134285,0.7614,Comportamento esperado
605,150418,Márcio Marinho,REPUBLICANOS,BA,Viagens,Passagem Aérea - Sigepa,,,,,0,331,405423.49,219376.223091,157819.4558803826,1.1789,Comportamento esperado
615,146307,Neri Geller,PP,MT,Hotéis,"Hospedagem ,exceto Do Parlamentar No Distrito Federal.",0,Sem indício cadastral crítico,FOUND,ATIVA,28,73,21719.86,20380.542308,35609.06873470771,0.0376,Comportamento esperado
852,141555,Vinicius Carvalho,PL,SP,Comunicação,Telefonia,0,Sem indício cadastral crítico,FOUND,ATIVA,3,57,8662.97,19889.940211,25751.500071775903,-0.436,Comportamento esperado
632,178987,Orlando Silva,PCDOB,SP,Viagens,Passagem Aérea - Sigepa,,,,,0,288,376673.69,185430.171967,136227.76556134285,1.4039,Comportamento esperado
877,204559,Zé Neto,PT,BA,Publicidade,Divulgação Da Atividade Parlamentar.,0,Sem indício cadastral crítico,FOUND,ATIVA,49,256,721682.32,317318.910361,328157.1355142384,1.2322,Comportamento esperado
622,209787,Nikolas Ferreira,PL,MG,Viagens,Passagem Aérea - Sigepa,,,,,0,164,202335.94,195216.599630,167832.49260588933,0.0424,Comportamento esperado
711,204567,Raimundo Costa,PODE,BA,Viagens,Passagem Aérea - Sigepa,,,,,0,27,38522.92,219376.223091,157819.4558803826,-1.146,Comportamento esperado
434,74366,João Campos,REPUBLICANOS,GO,Locomoção,Locação Ou Fretamento De Veículos Automotores,0,Sem indício cadastral crítico,FOUND,ATIVA,1,10,71766.13,189142.637500,142661.57624064668,-0.8228,Comportamento esperado
28,204544,Alexandre Frota,PROS,SP,Locomoção,Locação Ou Fretamento De Veículos Automotores,0,Sem indício cadastral crítico,FOUND,ATIVA,1,18,128791.52,147254.510948,139673.23431152088,-0.1322,Comportamento esperado
642,160556,Padre João,PT,MG,Outros,Manutenção De Escritório De Apoio À Atividade Parlamentar,0,Documento não consultado por não ser CNPJ,NOT_APPLICABLE,,1,44,208882.00,123562.947566,162703.54342443834,0.5244,Comportamento esperado
644,230762,Pastor Claudio Mariano,UNIÃO,PA,Viagens,Passagem Aérea - Reembolso,0,Sem indício cadastral crítico,FOUND,ATIVA,2,7,18390.03,8897.662500,8393.75284614814,1.1309,Comportamento esperado
371,220537,Helena Lima,PSD,RR,Combustível,Combustíveis E Lubrificantes.,1,Situação cadastral não ativa: BAIXADA,FOUND,BAIXADA,1,27,7089.75,70971.916364,102686.34049821323,-0.6221,Fornecedor com CNPJ suspeito
671,141488,Paulo Teixeira,PT,SP,Comunicação,Telefonia,0,Sem indício cadastral crítico,FOUND,ATIVA,2,58,19304.32,19889.940211,25751.500071775903,-0.0227,Comportamento esperado
472,231911,Lenir De Assis,PT,PR,Outros,Serviço De Segurança Prestado Por Empresa Especializada.,0,Sem indício cadastral crítico,FOUND,ATIVA,1,11,1739.21,39044.515556,83285.32824636553,-0.4479,Comportamento esperado
263,229585,Elisangela Araujo,PT,BA,Alimentação,Fornecimento De Alimentação Do Parlamentar,0,Sem indício cadastral crítico,FOUND,ATIVA,9,10,764.01,5334.958511,10548.888785765435,-0.4333,Comportamento esperado
809,177282,Subtenente Gonzaga,PSD,MG,Outros,"Passagens Terrestres, Marítimas Ou Fluviais",0,Sem indício cadastral crítico,FOUND,ATIVA,5,6,514.17,3858.240000,6358.142634643256,-0.526,Comportamento esperado
614,204415,Nereu Crispim,PSD,RS,Combustível,Combustíveis E Lubrificantes.,1,Situação cadastral não ativa: BAIXADA,FOUND,BAIXADA,9,25,2970.52,60520.148547,97388.05968907535,-0.5909,Fornecedor com CNPJ suspeito
433,74554,José Rocha,UNIÃO,BA,Publicidade,Divulgação Da Atividade Parlamentar.,0,Sem indício cadastral crítico,FOUND,ATIVA,7,28,357555.03,317318.910361,328157.1355142384,0.1226,Comportamento esperado
429,204391,José Nelto,UNIÃO,GO,Combustível,Combustíveis E Lubrificantes.,0,Sem indício cadastral crítico,FOUND,ATIVA,90,433,210347.57,65044.277593,95738.05404592726,1.5177,Comportamento esperado
338,204394,Gervásio Maia,PSB,PB,Combustível,Combustíveis E Lubrificantes.,0,Sem indício cadastral crítico,FOUND,ATIVA,68,178,45476.49,61582.608974,85760.8839439169,-0.1878,Comportamento esperado
520,204418,Luizão Goulart,SOLIDARIEDADE,PR,Combustível,Combustíveis E Lubrificantes.,0,Sem indício cadastral crítico,FOUND,ATIVA,115,267,56196.08,57944.345500,82353.4495793919,-0.0212,Comportamento esperado
771,73466,Rubens Bueno,CIDADANIA,PR,Combustível,Combustíveis E Lubrificantes.,0,Sem indício cadastral crítico,FOUND,ATIVA,40,84,18121.21,57944.345500,82353.4495793919,-0.4836,Comportamento esperado
418,178857,Jorge Solla,PT,BA,Outros,Manutenção De Escritório De Apoio À Atividade Parlamentar,0,Sem indício cadastral crítico,FOUND,ATIVA,12,220,387855.13,98257.521290,134321.8726415135,2.156,Possível anomalia financeira
269,198783,Emanuel Pinheiro Neto,MDB,MT,Viagens,Passagem Aérea - Rpa,0,Sem indício cadastral crítico,FOUND,ATIVA,3,90,116820.91,21401.345000,46787.60669383069,2.0394,Possível anomalia financeira
250,204541,Eduardo Bismarck,PV,CE,Viagens,Passagem Aérea - Sigepa,,,,,0,161,147933.11,190828.457826,170630.5409255439,-0.2514,Comportamento esperado
462,162067,Kiko Celeguim,PT,SP,Combustível,Combustíveis E Lubrificantes.,0,Sem indício cadastral crítico,FOUND,ATIVA,53,140,144724.28,42192.750821,64034.19773844777,1.6012,Comportamento esperado
823,204466,Tereza Nelma,PSD,AL,Combustível,Combustíveis E Lubrificantes.,0,Sem indício cadastral crítico,FOUND,ATIVA,18,35,64264.32,41184.340741,54405.12179897842,0.4242,Comportamento esperado
148,220595,Coronel Fernanda,PL,MT,Outros,"Serviço De Táxi, Pedágio E Estacionamento",1,Situação cadastral não ativa: BAIXADA,FOUND,BAIXADA,2,8,181.17,3540.579286,11648.42981256765,-0.2884,Fornecedor com CNPJ suspeito
269,198783,Emanuel Pinheiro Neto,MDB,MT,Combustível,Combustíveis E Lubrificantes.,1,Situação cadastral não ativa: SUSPENSA,FOUND,SUSPENSA,1,3,587.38,34330.305532,57340.29977264771,-0.5885,Fornecedor com CNPJ suspeito
40,226708,Allan Garcês,PP,MA,Outros,Manutenção De Escritório De Apoio À Atividade Parlamentar,0,Sem indício cadastral crítico,FOUND,ATIVA,3,14,31007.96,64195.130784,109861.24089764054,-0.3021,Comportamento esperado
732,204362,Ricardo Guidi,PSD,SC,Outros,Serviços Postais,0,Sem indício cadastral crítico,FOUND,ATIVA,1,1,85.50,1043.824167,1437.984649529007,-0.6664,Comportamento esperado
6,221328,Adilson Barroso,PL,SP,Outros,Manutenção De Escritório De Apoio À Atividade Parlamentar,0,Sem indício cadastral crítico,FOUND,ATIVA,5,62,177715.28,98538.487659,143509.98800071477,0.5517,Comportamento esperado
696,220533,Prof. Reginaldo Veras,PV,DF,Publicidade,Divulgação Da Atividade Parlamentar.,0,Sem indício cadastral crítico,FOUND,ATIVA,16,61,463380.56,274983.723704,375023.4293293225,0.5024,Comportamento esperado
182,116379,Darci De Matos,PSD,SC,Comunicação,Telefonia,1,Situação cadastral não ativa: BAIXADA,FOUND,BAIXADA,1,5,448.56,7776.667391,7284.093764458291,-1.006,Fornecedor com CNPJ suspeito
556,178943,Marcos Soares,PSDB,RJ,Alimentação,Fornecimento De Alimentação Do Parlamentar,1,Situação cadastral não ativa: BAIXADA,FOUND,BAIXADA,6,6,441.09,5314.154545,11413.915891543053,-0.4269,Fornecedor com CNPJ suspeito
776,160635,Ruy Carneiro,PODE,PB,Hotéis,"Hospedagem ,exceto Do Parlamentar No Distrito Federal.",0,Sem indício cadastral crítico,FOUND,ATIVA,1,2,590.00,9643.162222,20671.000404330745,-0.438,Comportamento esperado
202,178908,Delegado Éder Mauro,PL,PA,Publicidade,Divulgação Da Atividade Parlamentar.,0,Sem indício cadastral crítico,FOUND,ATIVA,3,17,677500.00,319971.475333,323849.5425991789,1.104,Comportamento esperado
798,220579,Silvia Waiãpi,PL,AP,Alimentação,Fornecimento De Alimentação Do Parlamentar,1,Situação cadastral não ativa: BAIXADA,FOUND,BAIXADA,2,2,81.70,2913.228750,3743.7956562078907,-0.7563,Fornecedor com CNPJ suspeito
266,178854,Elmar Nascimento,UNIÃO,BA,Viagens,Passagem Aérea - Rpa,0,Sem indício cadastral crítico,FOUND,ATIVA,2,5,7392.31,31763.658913,54219.86604798766,-0.4495,Comportamento esperado
210,73768,Dilceu Sperafico,PP,PR,Comunicação,Telefonia,0,Sem indício cadastral crítico,FOUND,ATIVA,1,17,2445.70,10984.091277,13121.60062975809,-0.6507,Comportamento esperado
279,204482,Euclydes Pettersen,REPUBLICANOS,MG,Publicidade,Divulgação Da Atividade Parlamentar.,1,Situação cadastral não ativa: BAIXADA,FOUND,BAIXADA,3,18,157366.67,194891.353020,276881.75990132586,-0.1355,Fornecedor com CNPJ suspeito
430,160619,José Nunes,PSD,BA,Outros,Manutenção De Escritório De Apoio À Atividade Parlamentar,0,Documento não consultado por não ser CNPJ,NOT_APPLICABLE,,1,3,15605.24,98257.521290,134321.8726415135,-0.6153,Comportamento esperado
231,204351,Dr. Luiz Ovando,PP,MS,Combustível,Combustíveis E Lubrificantes.,0,Sem indício cadastral crítico,FOUND,ATIVA,133,1323,240174.14,73790.692609,89494.27774679432,1.8592,Comportamento esperado
423,74141,Josias Gomes,PT,BA,Publicidade,Divulgação Da Atividade Parlamentar.,0,Sem indício cadastral crítico,FOUND,ATIVA,6,50,392600.00,317318.910361,328157.1355142384,0.2294,Comportamento esperado
516,162332,Luiz Nishimori,PSD,PR,Publicidade,Divulgação Da Atividade Parlamentar.,0,Sem indício cadastral crítico,FOUND,ATIVA,58,413,905416.00,263664.052022,329972.5348930845,1.9449,Comportamento esperado
136,204462,Chris Tonietto,PL,RJ,Viagens,Passagem Aérea - Sigepa,,,,,0,599,656973.08,213577.740357,175550.75566941444,2.5257,Possível anomalia financeira
798,220579,Silvia Waiãpi,PL,AP,Hotéis,"Hospedagem ,exceto Do Parlamentar No Distrito Federal.",0,Sem indício cadastral crítico,FOUND,ATIVA,22,30,24063.39,5136.092500,6592.979949253359,2.8708,Possível anomalia financeira
369,178964,Heitor Schuch,PSB,RS,Outros,"Serviço De Táxi, Pedágio E Estacionamento",0,Sem indício cadastral crítico,FOUND,ATIVA,8,63,5930.54,10192.084923,16137.89190584743,-0.2641,Comportamento esperado
89,204374,Bia Kicis,PL,DF,Publicidade,Divulgação Da Atividade Parlamentar.,0,Sem indício cadastral crítico,FOUND,ATIVA,5,102,533212.91,274983.723704,375023.4293293225,0.6886,Comportamento esperado
652,74160,Patrus Ananias,PT,MG,Publicidade,Divulgação Da Atividade Parlamentar.,0,Sem indício cadastral crítico,FOUND,ATIVA,7,96,439385.22,194891.353020,276881.75990132586,0.883,Comportamento esperado
134,141439,Chico D'angelo,PDT,RJ,Outros,Manutenção De Escritório De Apoio À Atividade Parlamentar,1,Situação cadastral não ativa: INAPTA,FOUND,INAPTA,1,22,37687.00,80988.593819,134414.71100556676,-0.3221,Fornecedor com CNPJ suspeito
72,160600,Arthur Oliveira Maia,UNIÃO,BA,Publicidade,Divulgação Da Atividade Parlamentar.,0,Sem indício cadastral crítico,FOUND,ATIVA,24,78,250858.35,317318.910361,328157.1355142384,-0.2025,Comportamento esperado
184,204511,David Soares,UNIÃO,SP,Hotéis,"Hospedagem ,exceto Do Parlamentar No Distrito Federal.",0,Sem indício cadastral crítico,FOUND,ATIVA,17,18,5968.57,10014.789189,11435.329101648113,-0.3538,Comportamento esperado
187,220565,Delegada Adriana Accorsi,PT,GO,Publicidade,Divulgação Da Atividade Parlamentar.,0,Sem indício cadastral crítico,FOUND,ATIVA,14,62,591523.68,294423.402917,352090.0693215526,0.8438,Comportamento esperado
292,72442,Felipe Carreras,PSB,PE,Hotéis,"Hospedagem ,exceto Do Parlamentar No Distrito Federal.",0,Sem indício cadastral crítico,FOUND,ATIVA,50,112,77563.65,17089.374528,23447.97906027458,2.5791,Possível anomalia financeira
164,220555,Daiana Santos,PCDOB,RS,Outros,"Passagens Terrestres, Marítimas Ou Fluviais",0,Sem indício cadastral crítico,FOUND,ATIVA,8,25,3631.33,4236.036552,8253.072405382596,-0.0733,Comportamento esperado
385,204373,Hélio Costa,PSD,SC,Comunicação,Telefonia,0,Sem indício cadastral crítico,FOUND,ATIVA,2,28,5172.30,7776.667391,7284.093764458291,-0.3575,Comportamento esperado
787,226837,Saulo Pedroso,PSD,SP,Viagens,Passagem Aérea - Rpa,0,Sem indício cadastral crítico,FOUND,ATIVA,1,2,4255.34,24943.515352,36157.13967829913,-0.5722,Comportamento esperado
159,204370,Célio Moura,PT,TO,Locomoção,Locação Ou Fretamento De Veículos Automotores,0,Sem indício cadastral crítico,FOUND,ATIVA,6,17,52542.39,117209.676500,159137.4356385456,-0.4064,Comportamento esperado
172,178916,Daniel Coelho,CIDADANIA,PE,Locomoção,Locação Ou Fretamento De Veículos Automotores,0,Sem indício cadastral crítico,FOUND,ATIVA,2,20,57279.16,220869.240392,185976.71020526288,-0.8796,Comportamento esperado
448,204372,Julio Cesar Ribeiro,REPUBLICANOS,DF,Viagens,Passagem Aérea - Sigepa,,,,,0,29,67649.54,35467.657000,44918.944493537856,0.7164,Comportamento esperado
343,220529,Gilson Daniel,PODE,ES,Combustível,Combustíveis E Lubrificantes.,1,Situação cadastral não ativa: BAIXADA,FOUND,BAIXADA,3,4,821.73,49148.417879,67749.62213949014,-0.7133,Fornecedor com CNPJ suspeito
443,220559,Julia Zanatta,PL,SC,Alimentação,Fornecimento De Alimentação Do Parlamentar,1,Situação cadastral não ativa: BAIXADA,FOUND,BAIXADA,3,4,268.96,5345.501750,9873.801589562949,-0.5141,Fornecedor com CNPJ suspeito
230,204439,Dr. Leonardo,REPUBLICANOS,MT,Combustível,Combustíveis E Lubrificantes.,1,Situação cadastral não ativa: SUSPENSA,FOUND,SUSPENSA,1,3,429.25,34330.305532,57340.29977264771,-0.5912,Fornecedor com CNPJ suspeito
247,141417,Edio Lopes,PL,RR,Locomoção,Locação Ou Fretamento De Veículos Automotores,0,Sem indício cadastral crítico,FOUND,ATIVA,4,17,80580.00,156360.151875,107532.52503854835,-0.7047,Comportamento esperado
404,74273,Jefferson Campos,PL,SP,Viagens,Passagem Aérea - Rpa,0,Sem indício cadastral crítico,FOUND,ATIVA,1,2,3140.18,24943.515352,36157.13967829913,-0.603,Comportamento esperado
744,204489,Robério Monteiro,PDT,CE,Locomoção,Locação Ou Fretamento De Veículos Automotores,0,Sem indício cadastral crítico,FOUND,ATIVA,3,7,72918.00,139651.247778,143531.8586124825,-0.4649,Comportamento esperado
157,204499,Cássio Andrade,PSB,PA,Publicidade,Divulgação Da Atividade Parlamentar.,0,Sem indício cadastral crítico,FOUND,ATIVA,2,9,235000.00,319971.475333,323849.5425991789,-0.2624,Comportamento esperado
714,141523,Raul Henry,MDB,PE,Comunicação,Telefonia,0,Sem indício cadastral crítico,FOUND,ATIVA,1,13,2363.07,10941.974167,12252.099914667077,-0.7002,Comportamento esperado
517,204526,Luiz Philippe De Orleans E Bragança,PL,SP,Outros,"Passagens Terrestres, Marítimas Ou Fluviais",0,Sem indício cadastral crítico,FOUND,ATIVA,4,6,511.69,996.486667,1138.3419633085512,-0.4259,Comportamento esperado
774,73604,Rui Falcão,PT,SP,Combustível,Combustíveis E Lubrificantes.,0,Sem indício cadastral crítico,FOUND,ATIVA,176,595,113938.02,42192.750821,64034.19773844777,1.1204,Comportamento esperado
121,141398,Carlos Zarattini,PT,SP,Outros,"Serviço De Táxi, Pedágio E Estacionamento",0,Sem indício cadastral crítico,FOUND,ATIVA,11,1231,57001.48,11967.060840,16796.655097373645,2.6812,Possível anomalia financeira
370,178873,Helder Salomão,PT,ES,Outros,"Serviço De Táxi, Pedágio E Estacionamento",0,Sem indício cadastral crítico,FOUND,ATIVA,5,791,13129.31,4193.280000,4516.28138620702,1.9786,Comportamento esperado
5,220714,Adail Filho,MDB,AM,Combustível,Combustíveis E Lubrificantes.,0,Sem indício cadastral crítico,FOUND,ATIVA,105,485,119557.40,27982.215263,36043.55549981074,2.5407,Possível anomalia financeira
312,204392,Francisco Jr.,PSD,GO,Locomoção,Locação Ou Fretamento De Veículos Automotores,0,Sem indício cadastral crítico,FOUND,ATIVA,2,14,100570.00,189142.637500,142661.57624064668,-0.6209,Comportamento esperado
62,160553,Antonio Brito,PSD,BA,Outros,Manutenção De Escritório De Apoio À Atividade Parlamentar,0,Sem indício cadastral crítico,FOUND,ATIVA,12,515,640587.80,98257.521290,134321.8726415135,4.0375,Anomalia financeira extrema
269,198783,Emanuel Pinheiro Neto,PSD,MT,Combustível,Combustíveis E Lubrificantes.,0,Sem indício cadastral crítico,FOUND,ATIVA,224,1129,206922.92,34330.305532,57340.29977264771,3.01,Anomalia financeira extrema
106,220690,Capitão Alden,PL,BA,Viagens,Passagem Aérea - Sigepa,,,,,0,234,224967.37,219376.223091,157819.4558803826,0.0354,Comportamento esperado
692,73486,Pompeo De Mattos,PDT,RS,Outros,Manutenção De Escritório De Apoio À Atividade Parlamentar,0,Sem indício cadastral crítico,FOUND,ATIVA,15,336,177760.04,109428.142500,149558.61424927576,0.4569,Comportamento esperado
771,73466,Rubens Bueno,CIDADANIA,PR,Viagens,Passagem Aérea - Rpa,0,Sem indício cadastral crítico,FOUND,ATIVA,3,199,228696.93,26722.504474,58025.433845182,3.4808,Anomalia financeira extrema
829,143084,Tiago Dimas,PODE,TO,Viagens,Passagem Aérea - Sigepa,,,,,0,68,108209.70,76378.544118,54414.42672468753,0.585,Comportamento esperado
852,141555,Vinicius Carvalho,PL,SP,Hotéis,"Hospedagem ,exceto Do Parlamentar No Distrito Federal.",0,Sem indício cadastral crítico,FOUND,ATIVA,32,93,50988.25,10014.789189,11435.329101648113,3.5831,Anomalia financeira extrema
406,204435,Jesus Sérgio,PDT,AC,Viagens,Passagem Aérea - Sigepa,,,,,0,60,89847.38,131556.873333,92765.04055863072,-0.4496,Comportamento esperado
15,204495,Airton Faleiro,PT,PA,Publicidade,Divulgação Da Atividade Parlamentar.,1,Situação cadastral não ativa: INAPTA,FOUND,INAPTA,1,1,4400.00,319971.475333,323849.5425991789,-0.9744,Fornecedor com CNPJ suspeito
557,220604,Marcos Tavares,PDT,RJ,Alimentação,Fornecimento De Alimentação Do Parlamentar,0,Sem indício cadastral crítico,FOUND,ATIVA,16,45,4037.49,5314.154545,11413.915891543053,-0.1119,Comportamento esperado
86,220683,Beto Richa,PSDB,PR,Locomoção,Locação Ou Fretamento De Veículos Automotores,0,Sem indício cadastral crítico,FOUND,ATIVA,1,43,242542.88,113439.957419,130977.93601797776,0.9857,Comportamento esperado
755,220695,Rogéria Santos,REPUBLICANOS,BA,Outros,Manutenção De Escritório De Apoio À Atividade Parlamentar,0,Documento não consultado por não ser CNPJ,NOT_APPLICABLE,,1,20,30000.00,98257.521290,134321.8726415135,-0.5082,Comportamento esperado
834,178934,Toninho Wandscheer,PP,PR,Publicidade,Divulgação Da Atividade Parlamentar.,0,Sem indício cadastral crítico,FOUND,ATIVA,5,56,967800.00,263664.052022,329972.5348930845,2.1339,Possível anomalia financeira
819,204464,Talíria Petrone,PSOL,RJ,Outros,Manutenção De Escritório De Apoio À Atividade Parlamentar,1,Situação cadastral não ativa: INAPTA,FOUND,INAPTA,1,12,7550.00,80988.593819,134414.71100556676,-0.5464,Fornecedor com CNPJ suspeito
421,209189,Joseildo Ramos,PT,BA,Publicidade,Divulgação Da Atividade Parlamentar.,0,Sem indício cadastral crítico,FOUND,ATIVA,32,174,669261.40,317318.910361,328157.1355142384,1.0725,Comportamento esperado
205,220553,Denise Pessôa,PT,RS,Alimentação,Fornecimento De Alimentação Do Parlamentar,1,Situação cadastral não ativa: BAIXADA,FOUND,BAIXADA,4,10,404.90,7368.085075,13657.337051272762,-0.5098,Fornecedor com CNPJ suspeito
855,204532,Vinicius Poit,NOVO,SP,Outros,"Serviço De Táxi, Pedágio E Estacionamento",0,Sem indício cadastral crítico,FOUND,ATIVA,1,127,3243.17,11967.060840,16796.655097373645,-0.5194,Comportamento esperado
431,74079,José Priante,MDB,PA,Outros,Manutenção De Escritório De Apoio À Atividade Parlamentar,0,Sem indício cadastral crítico,FOUND,ATIVA,7,128,47832.49,42888.542571,70113.4772677672,0.0705,Comportamento esperado
517,204526,Luiz Philippe De Orleans E Bragança,PL,SP,Viagens,Passagem Aérea - Rpa,0,Sem indício cadastral crítico,FOUND,ATIVA,1,13,1610.38,24943.515352,36157.13967829913,-0.6453,Comportamento esperado
209,178929,Diego Garcia,REPUBLICANOS,PR,Publicidade,Divulgação Da Atividade Parlamentar.,1,Situação cadastral não ativa: BAIXADA,FOUND,BAIXADA,3,6,11580.00,263664.052022,329972.5348930845,-0.764,Fornecedor com CNPJ suspeito
745,220546,Rodolfo Nogueira,PL,MS,Locomoção,Locação Ou Fretamento De Veículos Automotores,0,Sem indício cadastral crítico,FOUND,ATIVA,1,74,444300.00,208841.042857,176263.8077260953,1.3358,Comportamento esperado
83,141335,Beto Faro,PT,PA,Viagens,Passagem Aérea - Reembolso,0,Sem indício cadastral crítico,FOUND,ATIVA,3,3,11194.50,8897.662500,8393.75284614814,0.2736,Comportamento esperado
621,204479,Nicoletti,PL,RR,Publicidade,Divulgação Da Atividade Parlamentar.,0,Sem indício cadastral crítico,FOUND,ATIVA,10,107,893988.80,302008.159333,364968.0243701814,1.622,Comportamento esperado
149,220666,Coronel Meira,PL,PE,Outros,"Participação Em Curso, Palestra Ou Evento Similar",0,Sem indício cadastral crítico,FOUND,ATIVA,1,3,19000.00,10723.215000,11705.141599846198,0.7071,Comportamento esperado
257,74075,Elcione Barbalho,MDB,PA,Viagens,Passagem Aérea - Reembolso,1,Erro na consulta pública de CNPJ,ERROR,,1,1,28730.80,8897.662500,8393.75284614814,2.3628,Possível anomalia com fornecedor suspeito
729,73788,Ricardo Barros,PP,PR,Viagens,Passagem Aérea - Rpa,0,Sem indício cadastral crítico,FOUND,ATIVA,2,6,5253.37,26722.504474,58025.433845182,-0.37,Comportamento esperado
332,204484,General Peternelli,UNIÃO,SP,Alimentação,Fornecimento De Alimentação Do Parlamentar,0,Sem indício cadastral crítico,FOUND,ATIVA,12,47,2019.73,3366.001170,5609.697337170304,-0.24,Comportamento esperado
678,178912,Pedro Cunha Lima,PSDB,PB,Viagens,Passagem Aérea - Rpa,0,Sem indício cadastral crítico,FOUND,ATIVA,2,7,11740.62,6222.055333,8497.227830281614,0.6495,Comportamento esperado
674,220630,Pedro Aihara,PP,MG,Outros,"Serviço De Táxi, Pedágio E Estacionamento",1,Situação cadastral não ativa: BAIXADA,FOUND,BAIXADA,3,25,616.36,5572.245385,10370.293242628488,-0.4779,Fornecedor com CNPJ suspeito
307,220700,Florentino Neto,PT,PI,Outros,Serviços Postais,0,Sem indício cadastral crítico,FOUND,ATIVA,1,1,465.20,403.600000,87.11555544218265,0.7071,Comportamento esperado
416,205550,Jorge Braz,REPUBLICANOS,RJ,Outros,Manutenção De Escritório De Apoio À Atividade Parlamentar,0,Sem indício cadastral crítico,FOUND,ATIVA,7,175,307090.10,80988.593819,134414.71100556676,1.6821,Comportamento esperado
310,191923,Flávio Nogueira,PT,PI,Combustível,Combustíveis E Lubrificantes.,0,Sem indício cadastral crítico,FOUND,ATIVA,81,311,71589.91,73929.545357,101552.42380940972,-0.023,Comportamento esperado
421,209189,Joseildo Ramos,PT,BA,Combustível,Combustíveis E Lubrificantes.,0,Sem indício cadastral crítico,FOUND,ATIVA,219,752,234562.71,76280.976842,110667.4963849575,1.4302,Comportamento esperado
498,220616,Luciano Vieira,PSDB,RJ,Outros,Manutenção De Escritório De Apoio À Atividade Parlamentar,0,Documento não consultado por não ser CNPJ,NOT_APPLICABLE,,1,8,35912.08,80988.593819,134414.71100556676,-0.3354,Comportamento esperado
802,220651,Simone Marquetto,PP,SP,Viagens,Passagem Aérea - Sigepa,,,,,0,142,176039.10,185430.171967,136227.76556134285,-0.0689,Comportamento esperado
219,227401,Dr Fabio Rueda,UNIÃO,AC,Locomoção,Locação Ou Fretamento De Veículos Automotores,0,Sem indício cadastral crítico,FOUND,ATIVA,1,2,7883.39,136825.250667,132327.06516765346,-0.9744,Comportamento esperado
658,178860,Paulo Azi,UNIÃO,BA,Publicidade,Divulgação Da Atividade Parlamentar.,0,Sem indício cadastral crítico,FOUND,ATIVA,7,116,904737.10,317318.910361,328157.1355142384,1.7901,Comportamento esperado
57,133439,André Figueiredo,PDT,CE,Combustível,Combustíveis E Lubrificantes.,0,Sem indício cadastral crítico,FOUND,ATIVA,132,331,194120.28,41977.960833,76764.60304100714,1.9819,Comportamento esperado
194,220583,Delegado Fabio Costa,PP,AL,Alimentação,Fornecimento De Alimentação Do Parlamentar,0,Sem indício cadastral crítico,FOUND,ATIVA,24,62,3508.95,2542.058000,4729.8142873309525,0.2044,Comportamento esperado
162,204355,Da Vitoria,PP,ES,Viagens,Passagem Aérea - Rpa,0,Sem indício cadastral crítico,FOUND,ATIVA,2,6,495.00,13452.752000,24537.48964332959,-0.5281,Comportamento esperado
136,204462,Chris Tonietto,PL,RJ,Locomoção,Locação Ou Fretamento De Veículos Automotores,0,Sem indício cadastral crítico,FOUND,ATIVA,8,85,288321.61,162239.394390,163272.60476613723,0.7722,Comportamento esperado
488,204523,Lucas Gonzalez,NOVO,MG,Outros,"Serviço De Táxi, Pedágio E Estacionamento",0,Sem indício cadastral crítico,FOUND,ATIVA,1,32,1061.02,5572.245385,10370.293242628488,-0.435,Comportamento esperado
432,204555,José Ricardo,PT,AM,Outros,"Serviço De Táxi, Pedágio E Estacionamento",0,Sem indício cadastral crítico,FOUND,ATIVA,2,20,629.13,227.265000,277.6426341540506,1.4474,Comportamento esperado
269,198783,Emanuel Pinheiro Neto,PSD,MT,Outros,Manutenção De Escritório De Apoio À Atividade Parlamentar,0,Sem indício cadastral crítico,FOUND,ATIVA,8,160,173258.16,55063.669706,75019.05976556618,1.5755,Comportamento esperado
732,204362,Ricardo Guidi,PL,SC,Outros,"Serviço De Táxi, Pedágio E Estacionamento",0,Sem indício cadastral crítico,FOUND,ATIVA,24,260,8011.13,2658.067742,3431.982973130558,1.5598,Comportamento esperado
91,141513,Bilac Pinto,UNIÃO,MG,Publicidade,Divulgação Da Atividade Parlamentar.,1,Situação cadastral não ativa: BAIXADA,FOUND,BAIXADA,1,13,390000.00,194891.353020,276881.75990132586,0.7047,Fornecedor com CNPJ suspeito
513,220658,Luiz Gastão,PSD,CE,Locomoção,Locação Ou Fretamento De Veículos Automotores,0,Sem indício cadastral crítico,FOUND,ATIVA,2,20,164463.13,139651.247778,143531.8586124825,0.1729,Comportamento esperado
138,204440,Christino Aureo,PP,RJ,Outros,Manutenção De Escritório De Apoio À Atividade Parlamentar,1,Situação cadastral não ativa: INAPTA,FOUND,INAPTA,1,8,5200.00,80988.593819,134414.71100556676,-0.5638,Fornecedor com CNPJ suspeito
103,220548,Camila Jara,PT,MS,Publicidade,Divulgação Da Atividade Parlamentar.,0,Sem indício cadastral crítico,FOUND,ATIVA,10,60,813627.74,244824.753226,352025.1744174792,1.6158,Comportamento esperado
840,160610,Valmir Assunção,PT,BA,Publicidade,Divulgação Da Atividade Parlamentar.,0,Sem indício cadastral crítico,FOUND,ATIVA,6,39,339470.40,317318.910361,328157.1355142384,0.0675,Comportamento esperado
401,74848,Jandira Feghali,PCDOB,RJ,Viagens,Passagem Aérea - Rpa,0,Sem indício cadastral crítico,FOUND,ATIVA,3,36,48471.38,24365.871064,36425.48190750471,0.6618,Comportamento esperado
453,178886,Juscelino Filho,PSDB,MA,Publicidade,Divulgação Da Atividade Parlamentar.,0,Sem indício cadastral crítico,FOUND,ATIVA,2,11,174129.34,299945.123175,386285.4495039867,-0.3257,Comportamento esperado
503,160510,Luis Tibé,AVANTE,MG,Hotéis,"Hospedagem ,exceto Do Parlamentar No Distrito Federal.",0,Sem indício cadastral crítico,FOUND,ATIVA,9,9,1835.97,17018.453084,26330.369533202334,-0.5766,Comportamento esperado
591,154178,Milton Vieira,REPUBLICANOS,SP,Comunicação,Telefonia,0,Sem indício cadastral crítico,FOUND,ATIVA,1,6,7173.03,19889.940211,25751.500071775903,-0.4938,Comportamento esperado
316,204393,Frei Anastacio Ribeiro,PT,PB,Outros,Manutenção De Escritório De Apoio À Atividade Parlamentar,0,Sem indício cadastral crítico,FOUND,ATIVA,4,29,6791.48,40088.436364,59072.75761932022,-0.5637,Comportamento esperado
593,229225,Missionária Michele Collins,PP,PE,Locomoção,Locação Ou Fretamento De Veículos Automotores,0,Sem indício cadastral crítico,FOUND,ATIVA,1,12,47599.42,220869.240392,185976.71020526288,-0.9317,Comportamento esperado
433,74554,José Rocha,UNIÃO,BA,Combustível,Combustíveis E Lubrificantes.,1,Situação cadastral não ativa: BAIXADA,FOUND,BAIXADA,2,2,626.22,76280.976842,110667.4963849575,-0.6836,Fornecedor com CNPJ suspeito
559,220668,Maria Arraes,PSB,PE,Alimentação,Fornecimento De Alimentação Do Parlamentar,0,Sem indício cadastral crítico,FOUND,ATIVA,1,8,669.57,3487.092941,8073.709935566787,-0.349,Comportamento esperado
558,204430,Margarete Coelho,PP,PI,Hotéis,"Hospedagem ,exceto Do Parlamentar No Distrito Federal.",0,Sem indício cadastral crítico,FOUND,ATIVA,4,7,5463.90,7549.470769,12134.625273294365,-0.1719,Comportamento esperado
723,153423,Renilce Nicodemos,MDB,PA,Locomoção,Locação Ou Fretamento De Aeronaves,0,Sem indício cadastral crítico,FOUND,ATIVA,2,36,781582.71,174153.634444,279835.95128643257,2.1707,Possível anomalia financeira
640,204573,Otto Alencar Filho,PSD,BA,Viagens,Passagem Aérea - Rpa,0,Sem indício cadastral crítico,FOUND,ATIVA,2,13,15356.37,31763.658913,54219.86604798766,-0.3026,Comportamento esperado
736,213274,Ricardo Silva,PSD,SP,Serviços profissionais,"Consultorias, Pesquisas E Trabalhos Técnicos.",1,Situação cadastral não ativa: BAIXADA,FOUND,BAIXADA,1,7,70000.00,42478.291429,47664.49520078613,0.5774,Fornecedor com CNPJ suspeito
136,204462,Chris Tonietto,PL,RJ,Combustível,Combustíveis E Lubrificantes.,1,Situação cadastral não ativa: BAIXADA,FOUND,BAIXADA,5,9,1567.75,44023.319398,62812.667137756165,-0.6759,Fornecedor com CNPJ suspeito
282,178953,Expedito Netto,PSD,RO,Locomoção,Locação Ou Fretamento De Veículos Automotores,0,Sem indício cadastral crítico,FOUND,ATIVA,1,9,96000.00,233590.273571,213347.19250523738,-0.6449,Comportamento esperado
496,178931,Luciano Ducci,PSB,PR,Locomoção,Locação Ou Fretamento De Veículos Automotores,1,Situação cadastral não ativa: BAIXADA,FOUND,BAIXADA,1,2,20158.64,113439.957419,130977.93601797776,-0.7122,Fornecedor com CNPJ suspeito
559,220668,Maria Arraes,PSB,PE,Combustível,Combustíveis E Lubrificantes.,1,Situação cadastral não ativa: BAIXADA,FOUND,BAIXADA,4,12,2242.20,53506.291935,82942.380015203,-0.6181,Fornecedor com CNPJ suspeito
312,204392,Francisco Jr.,PSD,GO,Serviços profissionais,"Consultorias, Pesquisas E Trabalhos Técnicos.",0,Sem indício cadastral crítico,FOUND,ATIVA,1,14,130000.00,99247.891538,60067.72576039702,0.512,Comportamento esperado
761,122466,Ronaldo Martins,REPUBLICANOS,CE,Serviços profissionais,"Consultorias, Pesquisas E Trabalhos Técnicos.",0,Sem indício cadastral crítico,FOUND,ATIVA,4,7,55805.00,67459.660000,60466.2251856053,-0.1927,Comportamento esperado
205,220553,Denise Pessôa,PT,RS,Viagens,Passagem Aérea - Reembolso,0,Sem indício cadastral crítico,FOUND,ATIVA,2,2,2155.34,7846.026333,10735.105702213965,-0.5301,Comportamento esperado
546,221147,Marcia Scherer,MDB,RS,Combustível,Combustíveis E Lubrificantes.,0,Sem indício cadastral crítico,FOUND,ATIVA,16,23,4977.13,60520.148547,97388.05968907535,-0.5703,Comportamento esperado
236,220674,Dra. Alessandra Haber,PODE,PA,Locomoção,Locação Ou Fretamento De Veículos Automotores,0,Sem indício cadastral crítico,FOUND,ATIVA,1,4,22000.00,121907.551481,147158.0353457022,-0.6789,Comportamento esperado
789,77003,Sergio Santos Rodrigues,PODE,MG,Alimentação,Fornecimento De Alimentação Do Parlamentar,0,Sem indício cadastral crítico,FOUND,ATIVA,3,3,312.90,3421.773553,6721.942950865462,-0.4625,Comportamento esperado
691,204529,Policial Katia Sastre,PL,SP,Outros,"Serviço De Táxi, Pedágio E Estacionamento",0,Sem indício cadastral crítico,FOUND,ATIVA,32,329,3286.77,11967.060840,16796.655097373645,-0.5168,Comportamento esperado
880,204517,Zé Vitor,PL,MG,Combustível,Combustíveis E Lubrificantes.,0,Sem indício cadastral crítico,FOUND,ATIVA,224,1098,232831.01,65306.104375,92314.0005265802,1.8147,Comportamento esperado
123,220704,Carol Dartora,PT,PR,Outros,"Passagens Terrestres, Marítimas Ou Fluviais",0,Sem indício cadastral crítico,FOUND,ATIVA,12,55,7039.58,1895.154815,2124.8795888027494,2.421,Possível anomalia financeira
762,163321,Ronaldo Nogueira,REPUBLICANOS,RS,Viagens,Passagem Aérea - Sigepa,,,,,0,182,187369.55,223297.576531,126627.95953182003,-0.2837,Comportamento esperado
617,74165,Neucimar Fraga,PP,ES,Locomoção,Locação Ou Fretamento De Veículos Automotores,0,Sem indício cadastral crítico,FOUND,ATIVA,3,12,67072.82,171214.090476,129265.73835992759,-0.8056,Comportamento esperado
539,220634,Marcelo Lima,PSB,SP,Publicidade,Divulgação Da Atividade Parlamentar.,0,Sem indício cadastral crítico,FOUND,ATIVA,6,30,294015.03,243741.226243,313657.1515008437,0.1603,Comportamento esperado
438,74550,João Leão,PP,BA,Outros,"Serviço De Táxi, Pedágio E Estacionamento",1,Situação cadastral não ativa: BAIXADA,FOUND,BAIXADA,1,17,18144.00,7947.726552,12451.86965129915,0.8189,Fornecedor com CNPJ suspeito
846,204505,Vavá Martins,REPUBLICANOS,PA,Combustível,Combustíveis E Lubrificantes.,1,Situação cadastral não ativa: BAIXADA,FOUND,BAIXADA,1,1,100.00,39488.928400,62234.56368268833,-0.6329,Fornecedor com CNPJ suspeito
847,204396,Vermelho,PL,PR,Outros,"Serviço De Táxi, Pedágio E Estacionamento",0,Sem indício cadastral crítico,FOUND,ATIVA,12,71,5258.10,5713.999474,13397.131596894355,-0.034,Comportamento esperado
425,215043,Josivaldo Jp,UNIÃO,MA,Viagens,Passagem Aérea - Sigepa,,,,,0,239,250222.87,132207.227045,122458.5508602934,0.9637,Comportamento esperado
37,178927,Aliel Machado,PV,PR,Locomoção,Locação Ou Fretamento De Veículos Automotores,0,Sem indício cadastral crítico,FOUND,ATIVA,2,80,380532.75,113439.957419,130977.93601797776,2.0392,Possível anomalia financeira
481,74858,Lindbergh Farias,PT,RJ,Publicidade,Divulgação Da Atividade Parlamentar.,0,Sem indício cadastral crítico,FOUND,ATIVA,5,77,275955.81,226781.355120,259582.44863584734,0.1894,Comportamento esperado
292,72442,Felipe Carreras,PSB,PE,Publicidade,Divulgação Da Atividade Parlamentar.,0,Sem indício cadastral crítico,FOUND,ATIVA,23,153,297911.02,241972.708182,301628.5621101344,0.1855,Comportamento esperado
290,66828,Fausto Pinato,UNIÃO,SP,Comunicação,Telefonia,0,Sem indício cadastral crítico,FOUND,ATIVA,2,60,28050.11,19889.940211,25751.500071775903,0.3169,Comportamento esperado
774,73604,Rui Falcão,PT,SP,Hotéis,"Hospedagem ,exceto Do Parlamentar No Distrito Federal.",0,Sem indício cadastral crítico,FOUND,ATIVA,7,17,16391.59,10014.789189,11435.329101648113,0.5576,Comportamento esperado
130,204504,Cezinha De Madureira,PSD,SP,Publicidade,Divulgação Da Atividade Parlamentar.,1,Situação cadastral não ativa: BAIXADA,FOUND,BAIXADA,1,5,33750.00,243741.226243,313657.1515008437,-0.6695,Fornecedor com CNPJ suspeito
771,73466,Rubens Bueno,CIDADANIA,PR,Locomoção,Locação Ou Fretamento De Veículos Automotores,0,Sem indício cadastral crítico,FOUND,ATIVA,2,10,32731.11,113439.957419,130977.93601797776,-0.6162,Comportamento esperado
580,75431,Maurício Dziedricki,PODE,RS,Outros,Manutenção De Escritório De Apoio À Atividade Parlamentar,0,Sem indício cadastral crítico,FOUND,ATIVA,5,29,63411.30,109428.142500,149558.61424927576,-0.3077,Comportamento esperado
748,230767,Rodrigo Da Zaeli,PL,MT,Alimentação,Fornecimento De Alimentação Do Parlamentar,0,Sem indício cadastral crítico,FOUND,ATIVA,1,17,1608.37,2273.261250,4466.178507118996,-0.1489,Comportamento esperado
148,220595,Coronel Fernanda,PL,MT,Outros,"Serviço De Táxi, Pedágio E Estacionamento",0,Sem indício cadastral crítico,FOUND,ATIVA,2,11,282.39,3540.579286,11648.42981256765,-0.2797,Comportamento esperado
456,73586,Júlio Delgado,PV,MG,Outros,Manutenção De Escritório De Apoio À Atividade Parlamentar,0,Sem indício cadastral crítico,FOUND,ATIVA,5,12,1321.22,123562.947566,162703.54342443834,-0.7513,Comportamento esperado
50,220632,Ana Pimentel,PT,MG,Outros,"Serviço De Táxi, Pedágio E Estacionamento",0,Documento não consultado por não ser CNPJ,NOT_APPLICABLE,,4,4,1067.00,5572.245385,10370.293242628488,-0.4344,Comportamento esperado
897,,,,NA,Alimentação,Fornecimento De Alimentação Do Parlamentar,0,Sem indício cadastral crítico,FOUND,ATIVA,6,31,26957.34,76824.316875,122514.48277202321,-0.407,Comportamento esperado
76,74646,Aécio Neves,PSDB,MG,Comunicação,Telefonia,0,Sem indício cadastral crítico,FOUND,ATIVA,1,49,14085.23,15607.667083,19082.29985422686,-0.0798,Comportamento esperado
854,160591,Vinicius Gurgel,PL,AP,Locomoção,Locação Ou Fretamento De Veículos Automotores,0,Sem indício cadastral crítico,FOUND,ATIVA,1,24,259200.00,118873.802381,121389.286590239,1.156,Comportamento esperado
255,220589,Eduardo Velloso,SOLIDARIEDADE,AC,Combustível,Combustíveis E Lubrificantes.,1,Situação cadastral não ativa: BAIXADA,FOUND,BAIXADA,3,4,705.28,74559.202308,89345.09325877228,-0.8266,Fornecedor com CNPJ suspeito
478,92102,Leur Lomanto Júnior,UNIÃO,BA,Outros,Manutenção De Escritório De Apoio À Atividade Parlamentar,0,Sem indício cadastral crítico,FOUND,ATIVA,2,19,7990.60,98257.521290,134321.8726415135,-0.672,Comportamento esperado
220,227991,Dr Flávio,PL,RJ,Viagens,Passagem Aérea - Sigepa,,,,,0,14,13625.67,213577.740357,175550.75566941444,-1.139,Comportamento esperado
442,204474,Juarez Costa,REPUBLICANOS,MT,Locomoção,Locação Ou Fretamento De Veículos Automotores,0,Sem indício cadastral crítico,FOUND,ATIVA,2,40,321023.63,134358.602609,119146.49353274485,1.5667,Comportamento esperado
110,204487,Capitão Wagner,UNIÃO,CE,Locomoção,Locação Ou Fretamento De Veículos Automotores,0,Sem indício cadastral crítico,FOUND,ATIVA,3,10,40450.00,139651.247778,143531.8586124825,-0.6911,Comportamento esperado
721,178989,Renata Abreu,PODE,SP,Publicidade,Divulgação Da Atividade Parlamentar.,1,Situação cadastral não ativa: INAPTA,FOUND,INAPTA,1,1,2500.00,243741.226243,313657.1515008437,-0.7691,Fornecedor com CNPJ suspeito
554,204506,Marcos Pereira,REPUBLICANOS,SP,Serviços profissionais,"Consultorias, Pesquisas E Trabalhos Técnicos.",0,Sem indício cadastral crítico,FOUND,ATIVA,1,1,55000.00,42478.291429,47664.49520078613,0.2627,Comportamento esperado
180,62881,Danilo Forte,UNIÃO,CE,Locomoção,Locação Ou Fretamento De Veículos Automotores,0,Sem indício cadastral crítico,FOUND,ATIVA,1,2,10824.00,139651.247778,143531.8586124825,-0.8976,Comportamento esperado
477,74254,Leonardo Picciani,MDB,RJ,Comunicação,Telefonia,0,Sem indício cadastral crítico,FOUND,ATIVA,1,2,2768.63,11897.719661,18918.17939394703,-0.4826,Comportamento esperado
210,73768,Dilceu Sperafico,PP,PR,Combustível,Combustíveis E Lubrificantes.,1,Erro na consulta pública de CNPJ,ERROR,,1,1,134.69,57944.345500,82353.4495793919,-0.702,Fornecedor com CNPJ suspeito
402,108338,Jaqueline Cassol,PP,RO,Combustível,Combustíveis E Lubrificantes.,0,Sem indício cadastral crítico,FOUND,ATIVA,23,107,57590.14,64922.175357,86632.41303886044,-0.0846,Comportamento esperado
610,218879,Nelho Bezerra,UNIÃO,CE,Combustível,Combustíveis E Lubrificantes.,0,Sem indício cadastral crítico,FOUND,ATIVA,50,111,25726.76,41977.960833,76764.60304100714,-0.2117,Comportamento esperado
656,141516,Paulo Abi-ackel,PSDB,MG,Comunicação,Telefonia,0,Sem indício cadastral crítico,FOUND,ATIVA,8,216,50100.36,15607.667083,19082.29985422686,1.8076,Comportamento esperado
777,178990,Samuel Moreira,PSDB,SP,Combustível,Combustíveis E Lubrificantes.,0,Sem indício cadastral crítico,FOUND,ATIVA,57,110,20914.63,42192.750821,64034.19773844777,-0.3323,Comportamento esperado
118,204460,Carlos Jordy,PL,RJ,Outros,"Serviço De Táxi, Pedágio E Estacionamento",0,Sem indício cadastral crítico,FOUND,ATIVA,13,58,1355.05,8455.730411,14321.838989715481,-0.4958,Comportamento esperado
691,204529,Policial Katia Sastre,PL,SP,Hotéis,"Hospedagem ,exceto Do Parlamentar No Distrito Federal.",0,Sem indício cadastral crítico,FOUND,ATIVA,14,47,11950.85,10014.789189,11435.329101648113,0.1693,Comportamento esperado
741,220588,Roberto Duarte,REPUBLICANOS,AC,Outros,Manutenção De Escritório De Apoio À Atividade Parlamentar,0,Sem indício cadastral crítico,FOUND,ATIVA,6,40,20912.99,29735.132000,50394.769544197494,-0.1751,Comportamento esperado
255,220589,Eduardo Velloso,SOLIDARIEDADE,AC,Outros,Manutenção De Escritório De Apoio À Atividade Parlamentar,0,Sem indício cadastral crítico,FOUND,ATIVA,11,41,33490.30,29735.132000,50394.769544197494,0.0745,Comportamento esperado
338,204394,Gervásio Maia,PCDOB,PB,Outros,"Serviço De Táxi, Pedágio E Estacionamento",0,Sem indício cadastral crítico,FOUND,ATIVA,3,15,1564.00,3622.532000,6817.7985828616265,-0.3019,Comportamento esperado
241,220686,Duarte Jr.,AVANTE,MA,Comunicação,Telefonia,0,Sem indício cadastral crítico,FOUND,ATIVA,8,100,36668.58,18512.680625,18171.321371846523,0.9992,Comportamento esperado
513,220658,Luiz Gastão,PSD,CE,Comunicação,Telefonia,0,Sem indício cadastral crítico,FOUND,ATIVA,3,39,5294.12,11707.711071,16858.211643996754,-0.3804,Comportamento esperado
330,204473,General Girão,PL,RN,Hotéis,"Hospedagem ,exceto Do Parlamentar No Distrito Federal.",0,Sem indício cadastral crítico,FOUND,ATIVA,26,123,32220.88,10401.272857,14188.915930464025,1.5378,Comportamento esperado
35,220576,Alfredo Gaspar,PL,AL,Locomoção,Locação Ou Fretamento De Veículos Automotores,0,Sem indício cadastral crítico,FOUND,ATIVA,5,51,226610.00,233502.585833,195708.62456859284,-0.0352,Comportamento esperado
382,178959,Hiran Gonçalves,PP,RR,Combustível,Combustíveis E Lubrificantes.,0,Sem indício cadastral crítico,FOUND,ATIVA,11,51,50997.59,70971.916364,102686.34049821323,-0.1945,Comportamento esperado
411,204468,Joenia Wapichana,REDE,RR,Viagens,Passagem Aérea - Sigepa,,,,,0,87,146896.59,163783.293125,88161.1731168696,-0.1915,Comportamento esperado
765,220644,Rosangela Moro,PL,SP,Publicidade,Assinatura De Publicações,0,Sem indício cadastral crítico,FOUND,ATIVA,3,37,1966.88,3369.241333,3418.330377283657,-0.4102,Comportamento esperado
677,220667,Pedro Campos,PSB,PE,Alimentação,Fornecimento De Alimentação Do Parlamentar,0,Sem indício cadastral crítico,FOUND,ATIVA,7,23,1651.03,3487.092941,8073.709935566787,-0.2274,Comportamento esperado
830,204519,Tiago Mitraud,NOVO,MG,Outros,Manutenção De Escritório De Apoio À Atividade Parlamentar,0,Sem indício cadastral crítico,FOUND,ATIVA,2,4,397.80,123562.947566,162703.54342443834,-0.757,Comportamento esperado
352,107283,Gleisi Hoffmann,PT,PR,Viagens,Passagem Aérea - Sigepa,,,,,0,3,5580.95,173223.575536,125997.34942419773,-1.3305,Comportamento esperado
281,178871,Evair Vieira De Melo,REPUBLICANOS,ES,Hotéis,"Hospedagem ,exceto Do Parlamentar No Distrito Federal.",0,Sem indício cadastral crítico,FOUND,ATIVA,28,89,22228.60,14136.593684,23816.6886480095,0.3398,Comportamento esperado
763,204525,Rosana Valle,PL,SP,Hotéis,"Hospedagem ,exceto Do Parlamentar No Distrito Federal.",1,Erro na consulta pública de CNPJ,ERROR,,1,1,1399.35,10014.789189,11435.329101648113,-0.7534,Fornecedor com CNPJ suspeito
16,204549,Aj Albuquerque,PP,CE,Publicidade,Divulgação Da Atividade Parlamentar.,1,Situação cadastral não ativa: BAIXADA,FOUND,BAIXADA,3,13,60500.00,263931.285395,366906.3702021798,-0.5545,Fornecedor com CNPJ suspeito
787,226837,Saulo Pedroso,PSD,SP,Alimentação,Fornecimento De Alimentação Do Parlamentar,0,Sem indício cadastral crítico,FOUND,ATIVA,35,44,4477.16,3366.001170,5609.697337170304,0.1981,Comportamento esperado
264,220008,Eliza Virgínia,PP,PB,Combustível,Combustíveis E Lubrificantes.,0,Sem indício cadastral crítico,FOUND,ATIVA,81,160,33958.68,61582.608974,85760.8839439169,-0.3221,Comportamento esperado
719,178925,Rejane Dias,PT,PI,Combustível,Combustíveis E Lubrificantes.,1,Erro na consulta pública de CNPJ,ERROR,,1,1,3495.12,73929.545357,101552.42380940972,-0.6936,Fornecedor com CNPJ suspeito
771,73466,Rubens Bueno,CIDADANIA,PR,Viagens,Passagem Aérea - Reembolso,0,Sem indício cadastral crítico,FOUND,ATIVA,3,3,2030.80,17801.644063,39455.64199846602,-0.3997,Comportamento esperado
681,122974,Pedro Lucas Fernandes,UNIÃO,MA,Serviços profissionais,"Consultorias, Pesquisas E Trabalhos Técnicos.",0,Sem indício cadastral crítico,FOUND,ATIVA,1,7,84000.00,73247.500000,60193.25778602398,0.1786,Comportamento esperado
269,198783,Emanuel Pinheiro Neto,MDB,MT,Publicidade,Divulgação Da Atividade Parlamentar.,0,Sem indício cadastral crítico,FOUND,ATIVA,6,14,41058.13,167205.955714,207800.9242977291,-0.6071,Comportamento esperado
54,74471,André De Paula,PSD,PE,Alimentação,Fornecimento De Alimentação Do Parlamentar,1,Situação cadastral não ativa: BAIXADA,FOUND,BAIXADA,5,7,392.69,3487.092941,8073.709935566787,-0.3833,Fornecedor com CNPJ suspeito
290,66828,Fausto Pinato,PP,SP,Hotéis,"Hospedagem ,exceto Do Parlamentar No Distrito Federal.",0,Sem indício cadastral crítico,FOUND,ATIVA,4,9,3151.18,10014.789189,11435.329101648113,-0.6002,Comportamento esperado
89,204374,Bia Kicis,PL,DF,Alimentação,Fornecimento De Alimentação Do Parlamentar,0,Sem indício cadastral crítico,FOUND,ATIVA,2,2,219.00,4734.910000,9259.63125757716,-0.4877,Comportamento esperado
711,204567,Raimundo Costa,PODE,BA,Serviços profissionais,"Consultorias, Pesquisas E Trabalhos Técnicos.",0,Sem indício cadastral crítico,FOUND,ATIVA,1,8,81968.00,64386.903226,47821.13506693795,0.3676,Comportamento esperado
99,220635,Bruno Ganem,PODE,SP,Hotéis,"Hospedagem ,exceto Do Parlamentar No Distrito Federal.",0,Sem indício cadastral crítico,FOUND,ATIVA,1,1,1440.00,10014.789189,11435.329101648113,-0.7499,Comportamento esperado
862,160518,Weliton Prado,PROS,MG,Locomoção,Locação Ou Fretamento De Veículos Automotores,0,Sem indício cadastral crítico,FOUND,ATIVA,1,6,31200.00,199358.988889,190617.58878325575,-0.8822,Comportamento esperado
342,74270,Gilberto Nascimento,PSC,SP,Comunicação,Telefonia,0,Sem indício cadastral crítico,FOUND,ATIVA,2,13,3715.12,19889.940211,25751.500071775903,-0.6281,Comportamento esperado
693,160601,Pr. Marco Feliciano,PL,SP,Publicidade,Divulgação Da Atividade Parlamentar.,1,Situação cadastral não ativa: BAIXADA,FOUND,BAIXADA,2,9,70000.00,243741.226243,313657.1515008437,-0.5539,Fornecedor com CNPJ suspeito
334,178966,Geovania De Sá,REPUBLICANOS,SC,Alimentação,Fornecimento De Alimentação Do Parlamentar,0,Sem indício cadastral crítico,FOUND,ATIVA,162,327,18836.62,5345.501750,9873.801589562949,1.3664,Comportamento esperado
354,74419,Gonzaga Patriota,PSB,PE,Alimentação,Fornecimento De Alimentação Do Parlamentar,0,Sem indício cadastral crítico,FOUND,ATIVA,16,45,4929.95,3487.092941,8073.709935566787,0.1787,Comportamento esperado
642,160556,Padre João,PT,MG,Outros,"Serviço De Táxi, Pedágio E Estacionamento",0,Sem indício cadastral crítico,FOUND,ATIVA,5,477,15409.88,5572.245385,10370.293242628488,0.9486,Comportamento esperado
22,204413,Alcides Rodrigues,PATRIOTA,GO,Hotéis,"Hospedagem ,exceto Do Parlamentar No Distrito Federal.",0,Sem indício cadastral crítico,FOUND,ATIVA,1,18,8980.00,7024.380500,8737.204954294128,0.2238,Comportamento esperado
754,165470,Rodrigo Valadares,PL,SE,Publicidade,Divulgação Da Atividade Parlamentar.,1,Situação cadastral não ativa: BAIXADA,FOUND,BAIXADA,1,8,47000.00,230946.483077,301200.1033422071,-0.6107,Fornecedor com CNPJ suspeito
755,220695,Rogéria Santos,REPUBLICANOS,BA,Combustível,Combustíveis E Lubrificantes.,0,Sem indício cadastral crítico,FOUND,ATIVA,121,251,58000.68,76280.976842,110667.4963849575,-0.1652,Comportamento esperado
217,227433,Douglas Viegas,UNIÃO,SP,Combustível,Combustíveis E Lubrificantes.,0,Sem indício cadastral crítico,FOUND,ATIVA,38,138,32455.90,42192.750821,64034.19773844777,-0.1521,Comportamento esperado
464,151208,Laercio Oliveira,PP,SE,Comunicação,Telefonia,0,Sem indício cadastral crítico,FOUND,ATIVA,1,13,10586.70,10940.770000,16435.398849269677,-0.0215,Comportamento esperado
110,204487,Capitão Wagner,UNIÃO,CE,Viagens,Passagem Aérea - Sigepa,,,,,0,95,75817.17,190828.457826,170630.5409255439,-0.674,Comportamento esperado
719,178925,Rejane Dias,PT,PI,Viagens,Passagem Aérea - Sigepa,,,,,0,64,76506.40,155026.570000,94704.85142824263,-0.8291,Comportamento esperado
186,220539,Defensor Stélio Dener,UNIÃO,RR,Viagens,Passagem Aérea - Sigepa,,,,,0,199,302477.23,163783.293125,88161.1731168696,1.5732,Comportamento esperado
185,220659,Dayany Bittencourt,UNIÃO,CE,Publicidade,Divulgação Da Atividade Parlamentar.,0,Sem indício cadastral crítico,FOUND,ATIVA,9,58,459398.00,263931.285395,366906.3702021798,0.5327,Comportamento esperado
125,220699,Castro Neto,MDB,PI,Hotéis,"Hospedagem ,exceto Do Parlamentar No Distrito Federal.",1,Situação cadastral não ativa: BAIXADA,FOUND,BAIXADA,1,2,750.00,7549.470769,12134.625273294365,-0.5603,Fornecedor com CNPJ suspeito
636,204422,Ossesio Silva,REPUBLICANOS,PE,Hotéis,"Hospedagem ,exceto Do Parlamentar No Distrito Federal.",0,Sem indício cadastral crítico,FOUND,ATIVA,19,58,21837.58,17089.374528,23447.97906027458,0.2025,Comportamento esperado
629,74159,Odair Cunha,PT,MG,Outros,Manutenção De Escritório De Apoio À Atividade Parlamentar,1,Situação cadastral não ativa: BAIXADA,FOUND,BAIXADA,1,28,5656.25,123562.947566,162703.54342443834,-0.7247,Fornecedor com CNPJ suspeito
533,156190,Marcel Van Hattem,NOVO,RS,Outros,Manutenção De Escritório De Apoio À Atividade Parlamentar,0,Sem indício cadastral crítico,FOUND,ATIVA,27,219,255133.72,109428.142500,149558.61424927576,0.9742,Comportamento esperado
884,204509,Áurea Carolina,PSOL,MG,Publicidade,Assinatura De Publicações,0,Sem indício cadastral crítico,FOUND,ATIVA,1,1,1665.00,1596.091765,1698.0009011232714,0.0406,Comportamento esperado
213,220602,Dimas Gadelha,PT,RJ,Alimentação,Fornecimento De Alimentação Do Parlamentar,0,Sem indício cadastral crítico,FOUND,ATIVA,1,1,83.37,5314.154545,11413.915891543053,-0.4583,Comportamento esperado
790,178933,Sergio Souza,MDB,PR,Outros,Serviços Postais,0,Sem indício cadastral crítico,FOUND,ATIVA,2,5,243.51,2362.262000,4411.055170390342,-0.4803,Comportamento esperado
143,88256,Clodoaldo Magalhães,PV,PE,Locomoção,Locação Ou Fretamento De Veículos Automotores,0,Sem indício cadastral crítico,FOUND,ATIVA,2,91,489145.94,220869.240392,185976.71020526288,1.4425,Comportamento esperado
736,213274,Ricardo Silva,PSD,SP,Comunicação,Telefonia,0,Sem indício cadastral crítico,FOUND,ATIVA,1,48,35280.14,19889.940211,25751.500071775903,0.5976,Comportamento esperado
145,204376,Coronel Armando,PP,SC,Alimentação,Fornecimento De Alimentação Do Parlamentar,0,Sem indício cadastral crítico,FOUND,ATIVA,10,11,851.89,5345.501750,9873.801589562949,-0.4551,Comportamento esperado
471,204375,Leda Sadala,PP,AP,Alimentação,Fornecimento De Alimentação Do Parlamentar,1,Situação cadastral não ativa: BAIXADA,FOUND,BAIXADA,3,3,67.70,2913.228750,3743.7956562078907,-0.7601,Fornecedor com CNPJ suspeito
132,204490,Charlles Evangelista,PP,MG,Outros,"Serviço De Táxi, Pedágio E Estacionamento",1,Situação cadastral não ativa: BAIXADA,FOUND,BAIXADA,2,4,325.00,5572.245385,10370.293242628488,-0.506,Fornecedor com CNPJ suspeito
122,164360,Carmen Zanotto,CIDADANIA,SC,Outros,Manutenção De Escritório De Apoio À Atividade Parlamentar,1,Situação cadastral não ativa: BAIXADA,FOUND,BAIXADA,1,1,244.80,70964.571200,106769.4367602354,-0.6624,Fornecedor com CNPJ suspeito
650,205535,Patricia Ferraz,PL,AP,Outros,Manutenção De Escritório De Apoio À Atividade Parlamentar,0,Sem indício cadastral crítico,FOUND,ATIVA,1,1,33.70,30123.933200,30290.240248736845,-0.9934,Comportamento esperado
663,204461,Paulo Ganime,NOVO,RJ,Viagens,Passagem Aérea - Rpa,0,Sem indício cadastral crítico,FOUND,ATIVA,1,3,3028.52,24365.871064,36425.48190750471,-0.5858,Comportamento esperado
749,141531,Rodrigo De Castro,UNIÃO,MG,Combustível,Combustíveis E Lubrificantes.,0,Sem indício cadastral crítico,FOUND,ATIVA,279,1046,257446.41,65306.104375,92314.0005265802,2.0814,Possível anomalia financeira
172,178916,Daniel Coelho,CIDADANIA,PE,Comunicação,Telefonia,0,Sem indício cadastral crítico,FOUND,ATIVA,3,55,11053.46,10941.974167,12252.099914667077,0.0091,Comportamento esperado
54,74471,André De Paula,PSD,PE,Combustível,Combustíveis E Lubrificantes.,0,Sem indício cadastral crítico,FOUND,ATIVA,101,194,46651.76,53506.291935,82942.380015203,-0.0826,Comportamento esperado
123,220704,Carol Dartora,PT,PR,Combustível,Combustíveis E Lubrificantes.,0,Sem indício cadastral crítico,FOUND,ATIVA,168,336,59666.42,57944.345500,82353.4495793919,0.0209,Comportamento esperado
848,74283,Vicentinho,PT,SP,Comunicação,Telefonia,0,Sem indício cadastral crítico,FOUND,ATIVA,6,129,28045.03,19889.940211,25751.500071775903,0.3167,Comportamento esperado
141,74537,Claudio Cajado,PP,BA,Comunicação,Telefonia,0,Sem indício cadastral crítico,FOUND,ATIVA,3,82,45580.99,23153.030698,23468.568952979214,0.9557,Comportamento esperado
652,74160,Patrus Ananias,PT,MG,Outros,"Passagens Terrestres, Marítimas Ou Fluviais",0,Sem indício cadastral crítico,FOUND,ATIVA,16,78,13408.86,3858.240000,6358.142634643256,1.5021,Comportamento esperado
635,73692,Osmar Terra,PL,RS,Viagens,Passagem Aérea - Sigepa,,,,,0,214,298536.23,223297.576531,126627.95953182003,0.5942,Comportamento esperado
859,160569,Waldenor Pereira,PT,BA,Comunicação,Telefonia,0,Sem indício cadastral crítico,FOUND,ATIVA,9,197,63290.71,23153.030698,23468.568952979214,1.7103,Comportamento esperado
848,74283,Vicentinho,PT,SP,Combustível,Combustíveis E Lubrificantes.,0,Sem indício cadastral crítico,FOUND,ATIVA,83,272,166370.76,42192.750821,64034.19773844777,1.9392,Comportamento esperado
98,210989,Bruno Farias,REPUBLICANOS,MG,Hotéis,"Hospedagem ,exceto Do Parlamentar No Distrito Federal.",0,Sem indício cadastral crítico,FOUND,ATIVA,78,254,77395.32,17018.453084,26330.369533202334,2.2931,Possível anomalia financeira
175,204454,Daniel Silveira,PTB,RJ,Outros,Manutenção De Escritório De Apoio À Atividade Parlamentar,0,Sem indício cadastral crítico,FOUND,ATIVA,5,39,62440.42,80988.593819,134414.71100556676,-0.138,Comportamento esperado
732,204362,Ricardo Guidi,PL,SC,Publicidade,Divulgação Da Atividade Parlamentar.,1,Situação cadastral não ativa: BAIXADA,FOUND,BAIXADA,1,3,5700.00,148561.773265,217765.15459275612,-0.656,Fornecedor com CNPJ suspeito
840,160610,Valmir Assunção,PT,BA,Outros,"Passagens Terrestres, Marítimas Ou Fluviais",0,Sem indício cadastral crítico,FOUND,ATIVA,5,9,2359.17,3634.349545,9001.916528866017,-0.1417,Comportamento esperado
685,160604,Pedro Uczai,PT,SC,Outros,Manutenção De Escritório De Apoio À Atividade Parlamentar,0,Sem indício cadastral crítico,FOUND,ATIVA,27,351,278144.67,70964.571200,106769.4367602354,1.9404,Comportamento esperado
79,220605,Bandeira De Mello,PV,RJ,Alimentação,Fornecimento De Alimentação Do Parlamentar,1,Situação cadastral não ativa: BAIXADA,FOUND,BAIXADA,4,5,216.58,5314.154545,11413.915891543053,-0.4466,Fornecedor com CNPJ suspeito
401,74848,Jandira Feghali,PCDOB,RJ,Combustível,Combustíveis E Lubrificantes.,1,Situação cadastral não ativa: BAIXADA,FOUND,BAIXADA,3,4,859.28,44023.319398,62812.667137756165,-0.6872,Fornecedor com CNPJ suspeito
642,160556,Padre João,PT,MG,Locomoção,Locação Ou Fretamento De Veículos Automotores,0,Sem indício cadastral crítico,FOUND,ATIVA,1,90,534220.00,199358.988889,190617.58878325575,1.7567,Comportamento esperado
739,152610,Roberto Alves,REPUBLICANOS,SP,Hotéis,"Hospedagem ,exceto Do Parlamentar No Distrito Federal.",0,Sem indício cadastral crítico,FOUND,ATIVA,2,4,1094.60,10014.789189,11435.329101648113,-0.7801,Comportamento esperado
556,178943,Marcos Soares,PSDB,RJ,Hotéis,"Hospedagem ,exceto Do Parlamentar No Distrito Federal.",0,Sem indício cadastral crítico,FOUND,ATIVA,25,31,35799.81,13016.628636,21468.959145470457,1.0612,Comportamento esperado
798,220579,Silvia Waiãpi,PL,AP,Outros,Manutenção De Escritório De Apoio À Atividade Parlamentar,0,Sem indício cadastral crítico,FOUND,ATIVA,8,32,28142.66,30123.933200,30290.240248736845,-0.0654,Comportamento esperado
141,74537,Claudio Cajado,PP,BA,Outros,Manutenção De Escritório De Apoio À Atividade Parlamentar,0,Documento não consultado por não ser CNPJ,NOT_APPLICABLE,,1,21,27000.00,98257.521290,134321.8726415135,-0.5305,Comportamento esperado
27,105534,Alexandre Figueiredo,PSD,SE,Viagens,Passagem Aérea - Rpa,0,Sem indício cadastral crítico,FOUND,ATIVA,1,1,3049.36,13988.180000,15171.00483116322,-0.721,Comportamento esperado
385,204373,Hélio Costa,PSD,SC,Alimentação,Fornecimento De Alimentação Do Parlamentar,0,Sem indício cadastral crítico,FOUND,ATIVA,15,21,1421.77,5345.501750,9873.801589562949,-0.3974,Comportamento esperado
367,204465,Haroldo Cathedral,PSD,RR,Outros,Manutenção De Escritório De Apoio À Atividade Parlamentar,0,Documento não consultado por não ser CNPJ,NOT_APPLICABLE,,2,7,17370.97,80921.562903,170825.55022261123,-0.372,Comportamento esperado
732,204362,Ricardo Guidi,PSD,SC,Alimentação,Fornecimento De Alimentação Do Parlamentar,1,Situação cadastral não ativa: BAIXADA,FOUND,BAIXADA,3,4,167.90,5345.501750,9873.801589562949,-0.5244,Fornecedor com CNPJ suspeito
301,92699,Fernando Monteiro,PSD,PE,Viagens,Passagem Aérea - Rpa,0,Sem indício cadastral crítico,FOUND,ATIVA,3,15,12007.11,15238.795000,22485.76149111043,-0.1437,Comportamento esperado
903,,,,NA,Outros,Manutenção De Escritório De Apoio À Atividade Parlamentar,0,Sem indício cadastral crítico,FOUND,ATIVA,1,13,21877.70,15500.143182,23430.81961523477,0.2722,Comportamento esperado
314,204494,Fred Costa,PATRIOTA,MG,Comunicação,Telefonia,0,Sem indício cadastral crítico,FOUND,ATIVA,2,12,6250.64,15607.667083,19082.29985422686,-0.4904,Comportamento esperado
120,204426,Carlos Veras,PT,PE,Viagens,Passagem Aérea - Sigepa,,,,,0,278,297789.40,221741.150682,163177.94412569836,0.466,Comportamento esperado
580,75431,Maurício Dziedricki,PODE,RS,Combustível,Combustíveis E Lubrificantes.,0,Sem indício cadastral crítico,FOUND,ATIVA,194,347,69771.02,60520.148547,97388.05968907535,0.095,Comportamento esperado
346,220531,Gilvan Maximo,REPUBLICANOS,DF,Combustível,Combustíveis E Lubrificantes.,0,Sem indício cadastral crítico,FOUND,ATIVA,100,448,104289.67,33372.670769,51515.7382887601,1.3766,Comportamento esperado
16,204549,Aj Albuquerque,PP,CE,Combustível,Combustíveis E Lubrificantes.,0,Sem indício cadastral crítico,FOUND,ATIVA,122,526,150277.57,41977.960833,76764.60304100714,1.4108,Comportamento esperado
685,160604,Pedro Uczai,PT,SC,Publicidade,Divulgação Da Atividade Parlamentar.,0,Sem indício cadastral crítico,FOUND,ATIVA,13,58,198008.95,148561.773265,217765.15459275612,0.2271,Comportamento esperado
661,160517,Paulo Folletto,PSB,ES,Outros,Manutenção De Escritório De Apoio À Atividade Parlamentar,0,Sem indício cadastral crítico,FOUND,ATIVA,11,321,455179.24,101936.796563,164857.25422120074,2.1427,Possível anomalia financeira
877,204559,Zé Neto,PT,BA,Outros,"Passagens Terrestres, Marítimas Ou Fluviais",0,Sem indício cadastral crítico,FOUND,ATIVA,3,42,1991.42,3634.349545,9001.916528866017,-0.1825,Comportamento esperado
420,204386,Jose Mario Schreiner,MDB,GO,Combustível,Combustíveis E Lubrificantes.,0,Sem indício cadastral crítico,FOUND,ATIVA,13,51,18585.73,65044.277593,95738.05404592726,-0.4853,Comportamento esperado
251,92346,Eduardo Bolsonaro,PL,SP,Viagens,Passagem Aérea - Reembolso,1,Erro na consulta pública de CNPJ,ERROR,,1,4,21088.37,9758.571000,11443.414965885137,0.9901,Fornecedor com CNPJ suspeito
70,204414,Aroldo Martins,REPUBLICANOS,PR,Alimentação,Fornecimento De Alimentação Do Parlamentar,0,Sem indício cadastral crítico,FOUND,ATIVA,10,10,676.59,4173.948542,8441.04850518495,-0.4143,Comportamento esperado
568,204566,Marreca Filho,PATRIOTA,MA,Combustível,Combustíveis E Lubrificantes.,0,Sem indício cadastral crítico,FOUND,ATIVA,65,130,40052.23,34895.172615,52384.05405357016,0.0984,Comportamento esperado
245,228272,Délio Pinheiro,PDT,MG,Hotéis,"Hospedagem ,exceto Do Parlamentar No Distrito Federal.",0,Sem indício cadastral crítico,FOUND,ATIVA,1,1,211.47,17018.453084,26330.369533202334,-0.6383,Comportamento esperado
491,178879,Lucas Vergilio,SOLIDARIEDADE,GO,Outros,Manutenção De Escritório De Apoio À Atividade Parlamentar,0,Sem indício cadastral crítico,FOUND,ATIVA,1,2,463.20,100447.486545,162486.21407041358,-0.6153,Comportamento esperado
520,204418,Luizão Goulart,SOLIDARIEDADE,PR,Combustível,Combustíveis E Lubrificantes.,1,Situação cadastral não ativa: BAIXADA,FOUND,BAIXADA,4,9,2104.02,57944.345500,82353.4495793919,-0.6781,Fornecedor com CNPJ suspeito
671,141488,Paulo Teixeira,PT,SP,Viagens,Passagem Aérea - Sigepa,,,,,0,127,120756.86,185430.171967,136227.76556134285,-0.4747,Comportamento esperado
81,73701,Benedita Da Silva,PT,RJ,Outros,"Serviço De Táxi, Pedágio E Estacionamento",0,Sem indício cadastral crítico,FOUND,ATIVA,9,13,637.92,8455.730411,14321.838989715481,-0.5459,Comportamento esperado
467,74856,Laura Carneiro,PSD,RJ,Combustível,Combustíveis E Lubrificantes.,1,Situação cadastral não ativa: BAIXADA,FOUND,BAIXADA,1,11,2421.15,44023.319398,62812.667137756165,-0.6623,Fornecedor com CNPJ suspeito
818,220682,Tadeu Veneri,PT,PR,Publicidade,Divulgação Da Atividade Parlamentar.,0,Sem indício cadastral crítico,FOUND,ATIVA,13,115,440924.74,263664.052022,329972.5348930845,0.5372,Comportamento esperado
342,74270,Gilberto Nascimento,PODE,SP,Comunicação,Telefonia,0,Sem indício cadastral crítico,FOUND,ATIVA,3,59,13443.62,19889.940211,25751.500071775903,-0.2503,Comportamento esperado
112,213762,Carla Dickson,PL,RN,Locomoção,Locação Ou Fretamento De Veículos Automotores,0,Sem indício cadastral crítico,FOUND,ATIVA,4,32,191840.00,157542.546842,185025.17121572056,0.1854,Comportamento esperado
555,220547,Marcos Pollon,PL,MS,Outros,"Passagens Terrestres, Marítimas Ou Fluviais",0,Sem indício cadastral crítico,FOUND,ATIVA,1,1,66.00,258.000000,271.5290039756342,-0.7071,Comportamento esperado
827,178862,Tia Eron,REPUBLICANOS,BA,Viagens,Passagem Aérea - Sigepa,,,,,0,13,19212.22,219376.223091,157819.4558803826,-1.2683,Comportamento esperado
569,220572,Marussa Boldrin,REPUBLICANOS,GO,Combustível,Combustíveis E Lubrificantes.,1,Situação cadastral não ativa: BAIXADA,FOUND,BAIXADA,3,25,3779.82,65044.277593,95738.05404592726,-0.6399,Fornecedor com CNPJ suspeito
300,204445,Fernando Mineiro,PT,RN,Hotéis,"Hospedagem ,exceto Do Parlamentar No Distrito Federal.",1,Situação cadastral não ativa: BAIXADA,FOUND,BAIXADA,1,3,983.00,10401.272857,14188.915930464025,-0.6638,Fornecedor com CNPJ suspeito
549,219585,Marco Brasil,PP,PR,Hotéis,"Hospedagem ,exceto Do Parlamentar No Distrito Federal.",0,Sem indício cadastral crítico,FOUND,ATIVA,9,13,3932.14,18419.328649,34024.43115299299,-0.4258,Comportamento esperado
594,160561,Missionário José Olimpio,PL,SP,Publicidade,Divulgação Da Atividade Parlamentar.,0,Sem indício cadastral crítico,FOUND,ATIVA,7,18,225900.00,243741.226243,313657.1515008437,-0.0569,Comportamento esperado
624,178986,Nilto Tatto,PT,SP,Viagens,Passagem Aérea - Rpa,0,Sem indício cadastral crítico,FOUND,ATIVA,2,9,10987.42,24943.515352,36157.13967829913,-0.386,Comportamento esperado
324,160666,Félix Mendonça Júnior,PDT,BA,Locomoção,Locação Ou Fretamento De Aeronaves,0,Sem indício cadastral crítico,FOUND,ATIVA,1,1,7875.00,81359.287500,83475.1578545966,-0.8803,Comportamento esperado
590,92172,Milton Coelho,PSB,PE,Locomoção,Locação Ou Fretamento De Veículos Automotores,0,Sem indício cadastral crítico,FOUND,ATIVA,2,14,131970.50,220869.240392,185976.71020526288,-0.478,Comportamento esperado
54,74471,André De Paula,PSD,PE,Viagens,Passagem Aérea - Reembolso,0,Sem indício cadastral crítico,FOUND,ATIVA,1,1,1610.69,7471.163333,10016.291980131698,-0.5851,Comportamento esperado
136,204462,Chris Tonietto,PL,RJ,Viagens,Passagem Aérea - Reembolso,0,Sem indício cadastral crítico,FOUND,ATIVA,2,6,18049.83,9840.865893,10669.362639943789,0.7694,Comportamento esperado
31,220554,Alexandre Lindenmeyer,PT,RS,Publicidade,Divulgação Da Atividade Parlamentar.,1,Situação cadastral não ativa: BAIXADA,FOUND,BAIXADA,1,2,2200.00,215724.063125,265101.600265673,-0.8054,Fornecedor com CNPJ suspeito
479,74299,Leônidas Cristino,PDT,CE,Combustível,Combustíveis E Lubrificantes.,1,Situação cadastral não ativa: BAIXADA,FOUND,BAIXADA,1,1,400.99,41977.960833,76764.60304100714,-0.5416,Fornecedor com CNPJ suspeito
833,220684,Tião Medeiros,PP,PR,Outros,Serviços Postais,0,Sem indício cadastral crítico,FOUND,ATIVA,2,2,10611.50,2362.262000,4411.055170390342,1.8701,Comportamento esperado
682,204395,Pedro Lupion,PP,PR,Outros,Manutenção De Escritório De Apoio À Atividade Parlamentar,0,Sem indício cadastral crítico,FOUND,ATIVA,3,12,24218.94,86193.122500,116860.66498214444,-0.5303,Comportamento esperado
118,204460,Carlos Jordy,PL,RJ,Viagens,Passagem Aérea - Sigepa,,,,,0,255,306418.11,213577.740357,175550.75566941444,0.5289,Comportamento esperado
819,204464,Talíria Petrone,PSOL,RJ,Outros,"Serviço De Táxi, Pedágio E Estacionamento",0,Sem indício cadastral crítico,FOUND,ATIVA,7,896,45012.13,8455.730411,14321.838989715481,2.5525,Possível anomalia financeira
198,220652,Delegado Palumbo,PODE,SP,Alimentação,Fornecimento De Alimentação Do Parlamentar,0,Sem indício cadastral crítico,FOUND,ATIVA,71,425,27647.43,3366.001170,5609.697337170304,4.3285,Anomalia financeira extrema
551,160535,Marcon,PT,RS,Combustível,Combustíveis E Lubrificantes.,0,Sem indício cadastral crítico,FOUND,ATIVA,458,1276,376731.97,60520.148547,97388.05968907535,3.2469,Anomalia financeira extrema
632,178987,Orlando Silva,PCDOB,SP,Outros,Manutenção De Escritório De Apoio À Atividade Parlamentar,0,Sem indício cadastral crítico,FOUND,ATIVA,8,70,49691.06,98538.487659,143509.98800071477,-0.3404,Comportamento esperado
328,115746,Gelson Azevedo,PL,RJ,Viagens,Passagem Aérea - Sigepa,,,,,0,77,87099.21,213577.740357,175550.75566941444,-0.7205,Comportamento esperado
835,157130,Túlio Gadêlha,PSD,PE,Outros,"Serviço De Táxi, Pedágio E Estacionamento",0,Sem indício cadastral crítico,FOUND,ATIVA,2,213,12157.93,5084.056842,13620.11056577697,0.5194,Comportamento esperado
40,226708,Allan Garcês,PP,MA,Viagens,Passagem Aérea - Reembolso,0,Sem indício cadastral crítico,FOUND,ATIVA,2,6,22141.66,10441.916667,13512.988376850404,0.8658,Comportamento esperado
117,178993,Carlos Henrique Gaguim,UNIÃO,TO,Locomoção,Locação Ou Fretamento De Veículos Automotores,0,Sem indício cadastral crítico,FOUND,ATIVA,3,57,596000.00,117209.676500,159137.4356385456,3.0087,Anomalia financeira extrema
165,220692,Dal Barreto,UNIÃO,BA,Combustível,Combustíveis E Lubrificantes.,0,Sem indício cadastral crítico,FOUND,ATIVA,19,376,184657.35,76280.976842,110667.4963849575,0.9793,Comportamento esperado
467,74856,Laura Carneiro,PSD,RJ,Publicidade,Divulgação Da Atividade Parlamentar.,0,Sem indício cadastral crítico,FOUND,ATIVA,9,87,479687.20,226781.355120,259582.44863584734,0.9743,Comportamento esperado
447,66385,Julio Arcoverde,PP,PI,Outros,Serviço De Segurança Prestado Por Empresa Especializada.,0,Sem indício cadastral crítico,FOUND,ATIVA,1,35,303630.00,147917.945000,155282.31492759756,1.0028,Comportamento esperado
551,160535,Marcon,PT,RS,Publicidade,Divulgação Da Atividade Parlamentar.,0,Sem indício cadastral crítico,FOUND,ATIVA,93,318,495821.56,215724.063125,265101.600265673,1.0566,Comportamento esperado
293,204398,Felipe Francischini,PODE,PR,Hotéis,"Hospedagem ,exceto Do Parlamentar No Distrito Federal.",0,Sem indício cadastral crítico,FOUND,ATIVA,42,101,38924.76,18419.328649,34024.43115299299,0.6027,Comportamento esperado
105,204572,Capitão Alberto Neto,PL,AM,Hotéis,"Hospedagem ,exceto Do Parlamentar No Distrito Federal.",0,Sem indício cadastral crítico,FOUND,ATIVA,2,5,7387.84,3767.283750,3036.5104204941636,1.1923,Comportamento esperado
640,204573,Otto Alencar Filho,PSD,BA,Serviços profissionais,"Consultorias, Pesquisas E Trabalhos Técnicos.",0,Sem indício cadastral crítico,FOUND,ATIVA,1,12,57500.00,64386.903226,47821.13506693795,-0.144,Comportamento esperado
463,204536,Kim Kataguiri,MISSÃO,SP,Outros,Manutenção De Escritório De Apoio À Atividade Parlamentar,0,Sem indício cadastral crítico,FOUND,ATIVA,4,81,89787.84,98538.487659,143509.98800071477,-0.061,Comportamento esperado
773,178887,Rubens Pereira Júnior,PT,MA,Outros,Manutenção De Escritório De Apoio À Atividade Parlamentar,0,Sem indício cadastral crítico,FOUND,ATIVA,3,48,77365.95,64195.130784,109861.24089764054,0.1199,Comportamento esperado
396,73531,Ivan Valente,PSOL,SP,Comunicação,Telefonia,0,Sem indício cadastral crítico,FOUND,ATIVA,5,50,12769.61,19889.940211,25751.500071775903,-0.2765,Comportamento esperado
560,74398,Maria Do Rosário,PT,RS,Locomoção,Locação Ou Fretamento De Veículos Automotores,0,Sem indício cadastral crítico,FOUND,ATIVA,3,95,354469.43,182736.733051,177547.8783363845,0.9672,Comportamento esperado
621,204479,Nicoletti,PL,RR,Comunicação,Telefonia,0,Sem indício cadastral crítico,FOUND,ATIVA,1,36,14501.51,7507.576000,8511.707827192691,0.8217,Comportamento esperado
131,205476,Charles Fernandes,PSD,BA,Serviços profissionais,"Consultorias, Pesquisas E Trabalhos Técnicos.",0,Sem indício cadastral crítico,FOUND,ATIVA,1,8,60000.00,64386.903226,47821.13506693795,-0.0917,Comportamento esperado
635,73692,Osmar Terra,PL,RS,Publicidade,Divulgação Da Atividade Parlamentar.,1,Situação cadastral não ativa: BAIXADA,FOUND,BAIXADA,1,15,107200.00,215724.063125,265101.600265673,-0.4094,Fornecedor com CNPJ suspeito
758,178930,Roman,PP,PR,Combustível,Combustíveis E Lubrificantes.,0,Sem indício cadastral crítico,FOUND,ATIVA,13,20,23339.75,57944.345500,82353.4495793919,-0.4202,Comportamento esperado
2,204521,Abou Anni,UNIÃO,SP,Combustível,Combustíveis E Lubrificantes.,0,Sem indício cadastral crítico,FOUND,ATIVA,57,108,20142.81,42192.750821,64034.19773844777,-0.3443,Comportamento esperado
507,141485,Luiz Carlos Busato,UNIÃO,RS,Comunicação,Telefonia,0,Sem indício cadastral crítico,FOUND,ATIVA,3,63,22043.78,19321.830435,18898.364290143905,0.144,Comportamento esperado
267,218086,Ely Santos,REPUBLICANOS,SP,Locomoção,Locação Ou Fretamento De Veículos Automotores,0,Sem indício cadastral crítico,FOUND,ATIVA,3,63,333500.00,147254.510948,139673.23431152088,1.3334,Comportamento esperado
153,178963,Covatti Filho,PP,RS,Outros,Manutenção De Escritório De Apoio À Atividade Parlamentar,0,Documento não consultado por não ser CNPJ,NOT_APPLICABLE,,1,10,46167.00,109428.142500,149558.61424927576,-0.423,Comportamento esperado
754,165470,Rodrigo Valadares,PL,SE,Combustível,Combustíveis E Lubrificantes.,1,Situação cadastral não ativa: BAIXADA,FOUND,BAIXADA,1,2,150.00,53493.520741,82556.56454059949,-0.6461,Fornecedor com CNPJ suspeito
851,204483,Vilson Da Fetaemg,PSB,MG,Comunicação,Telefonia,0,Sem indício cadastral crítico,FOUND,ATIVA,4,38,7837.61,15607.667083,19082.29985422686,-0.4072,Comportamento esperado
834,178934,Toninho Wandscheer,PP,PR,Outros,"Serviço De Táxi, Pedágio E Estacionamento",0,Sem indício cadastral crítico,FOUND,ATIVA,2,20,2377.90,5713.999474,13397.131596894355,-0.249,Comportamento esperado
286,171623,Fabio Reis,PSD,SE,Combustível,Combustíveis E Lubrificantes.,0,Sem indício cadastral crítico,FOUND,ATIVA,40,149,159158.58,53493.520741,82556.56454059949,1.2799,Comportamento esperado
696,220533,Prof. Reginaldo Veras,PV,DF,Locomoção,Locação Ou Fretamento De Veículos Automotores,1,Situação cadastral não ativa: BAIXADA,FOUND,BAIXADA,1,11,31516.10,118149.428125,89877.33858167462,-0.9639,Fornecedor com CNPJ suspeito
159,204370,Célio Moura,PT,TO,Hotéis,"Hospedagem ,exceto Do Parlamentar No Distrito Federal.",0,Sem indício cadastral crítico,FOUND,ATIVA,31,124,33916.00,12387.293158,19170.891927221925,1.123,Comportamento esperado
128,73441,Celso Russomanno,REPUBLICANOS,SP,Viagens,Passagem Aérea - Rpa,0,Sem indício cadastral crítico,FOUND,ATIVA,3,91,147195.21,24943.515352,36157.13967829913,3.3811,Anomalia financeira extrema
332,204484,General Peternelli,UNIÃO,SP,Outros,Manutenção De Escritório De Apoio À Atividade Parlamentar,0,Sem indício cadastral crítico,FOUND,ATIVA,8,45,53768.16,98538.487659,143509.98800071477,-0.312,Comportamento esperado
802,220651,Simone Marquetto,PP,SP,Comunicação,Telefonia,0,Sem indício cadastral crítico,FOUND,ATIVA,3,60,9329.44,19889.940211,25751.500071775903,-0.4101,Comportamento esperado
699,204446,Professor Joziel,PATRIOTA,RJ,Combustível,Combustíveis E Lubrificantes.,0,Sem indício cadastral crítico,FOUND,ATIVA,17,65,22737.77,44023.319398,62812.667137756165,-0.3389,Comportamento esperado
434,74366,João Campos,REPUBLICANOS,GO,Outros,Manutenção De Escritório De Apoio À Atividade Parlamentar,0,Sem indício cadastral crítico,FOUND,ATIVA,6,46,119434.68,100447.486545,162486.21407041358,0.1169,Comportamento esperado
519,178866,Luizianne Lins,PT,CE,Outros,"Serviço De Táxi, Pedágio E Estacionamento",0,Sem indício cadastral crítico,FOUND,ATIVA,1,21,843.30,1553.572000,3462.198937126519,-0.2052,Comportamento esperado
852,141555,Vinicius Carvalho,REPUBLICANOS,SP,Publicidade,Divulgação Da Atividade Parlamentar.,0,Sem indício cadastral crítico,FOUND,ATIVA,8,22,26117.22,243741.226243,313657.1515008437,-0.6938,Comportamento esperado
579,220609,Maurício Carvalho,UNIÃO,RO,Combustível,Combustíveis E Lubrificantes.,1,Situação cadastral não ativa: BAIXADA,FOUND,BAIXADA,3,7,2021.80,64922.175357,86632.41303886044,-0.7261,Fornecedor com CNPJ suspeito
456,73586,Júlio Delgado,PV,MG,Alimentação,Fornecimento De Alimentação Do Parlamentar,0,Sem indício cadastral crítico,FOUND,ATIVA,3,4,270.92,3421.773553,6721.942950865462,-0.4687,Comportamento esperado
652,74160,Patrus Ananias,PT,MG,Viagens,Passagem Aérea - Reembolso,0,Sem indício cadastral crítico,FOUND,ATIVA,1,1,1581.13,7020.191961,10297.188894597206,-0.5282,Comportamento esperado
184,204511,David Soares,PODE,SP,Viagens,Passagem Aérea - Rpa,0,Sem indício cadastral crítico,FOUND,ATIVA,1,5,3336.87,24943.515352,36157.13967829913,-0.5976,Comportamento esperado
756,204480,Rogério Correia,PT,MG,Outros,Manutenção De Escritório De Apoio À Atividade Parlamentar,0,Documento não consultado por não ser CNPJ,NOT_APPLICABLE,,1,37,243349.10,123562.947566,162703.54342443834,0.7362,Comportamento esperado
720,225386,Renan Ferreirinha,PSD,RJ,Outros,"Serviço De Táxi, Pedágio E Estacionamento",1,Erro na consulta pública de CNPJ,ERROR,,1,14,2700.00,8455.730411,14321.838989715481,-0.4019,Fornecedor com CNPJ suspeito
163,141411,Dagoberto Nogueira,PSDB,MS,Locomoção,Locação Ou Fretamento De Veículos Automotores,0,Sem indício cadastral crítico,FOUND,ATIVA,1,13,101400.00,208841.042857,176263.8077260953,-0.6095,Comportamento esperado
274,204537,Enrico Misasi,MDB,SP,Locomoção,Locação Ou Fretamento De Veículos Automotores,0,Sem indício cadastral crítico,FOUND,ATIVA,2,13,49095.57,147254.510948,139673.23431152088,-0.7028,Comportamento esperado
180,62881,Danilo Forte,UNIÃO,CE,Viagens,Passagem Aérea - Sigepa,,,,,0,11,10778.22,190828.457826,170630.5409255439,-1.0552,Comportamento esperado
388,204533,Idilvan Alencar,PDT,CE,Publicidade,Divulgação Da Atividade Parlamentar.,1,Situação cadastral não ativa: BAIXADA,FOUND,BAIXADA,2,4,3500.00,263931.285395,366906.3702021798,-0.7098,Fornecedor com CNPJ suspeito
737,178920,Ricardo Teobaldo,PODE,PE,Comunicação,Telefonia,0,Sem indício cadastral crítico,FOUND,ATIVA,2,34,15148.33,10941.974167,12252.099914667077,0.3433,Comportamento esperado
871,160592,Zeca Dirceu,PT,PR,Publicidade,Divulgação Da Atividade Parlamentar.,0,Sem indício cadastral crítico,FOUND,ATIVA,39,234,958694.85,263664.052022,329972.5348930845,2.1063,Possível anomalia financeira
421,209189,Joseildo Ramos,PT,BA,Combustível,Combustíveis E Lubrificantes.,1,Situação cadastral não ativa: BAIXADA,FOUND,BAIXADA,2,156,43014.16,76280.976842,110667.4963849575,-0.3006,Fornecedor com CNPJ suspeito
818,220682,Tadeu Veneri,PT,PR,Outros,"Serviço De Táxi, Pedágio E Estacionamento",0,Sem indício cadastral crítico,FOUND,ATIVA,8,129,7836.26,5713.999474,13397.131596894355,0.1584,Comportamento esperado
278,160640,Eros Biondini,PL,MG,Locomoção,Locação Ou Fretamento De Veículos Automotores,0,Sem indício cadastral crítico,FOUND,ATIVA,5,62,362785.48,199358.988889,190617.58878325575,0.8574,Comportamento esperado
750,223128,Rodrigo Estacho,PSD,PR,Outros,Manutenção De Escritório De Apoio À Atividade Parlamentar,0,Sem indício cadastral crítico,FOUND,ATIVA,15,196,108632.04,86193.122500,116860.66498214444,0.192,Comportamento esperado
456,73586,Júlio Delgado,PV,MG,Locomoção,Locação Ou Fretamento De Veículos Automotores,0,Sem indício cadastral crítico,FOUND,ATIVA,5,42,57489.75,199358.988889,190617.58878325575,-0.7443,Comportamento esperado
441,204576,João Roma,PL,BA,Viagens,Passagem Aérea - Sigepa,,,,,0,130,205260.26,219376.223091,157819.4558803826,-0.0894,Comportamento esperado
130,204504,Cezinha De Madureira,PL,SP,Locomoção,Locação Ou Fretamento De Veículos Automotores,0,Sem indício cadastral crítico,FOUND,ATIVA,1,76,481513.00,147254.510948,139673.23431152088,2.3931,Possível anomalia financeira
251,92346,Eduardo Bolsonaro,PL,SP,Outros,Manutenção De Escritório De Apoio À Atividade Parlamentar,0,Sem indício cadastral crítico,FOUND,ATIVA,12,146,192096.82,98538.487659,143509.98800071477,0.6519,Comportamento esperado
519,178866,Luizianne Lins,PT,CE,Publicidade,Divulgação Da Atividade Parlamentar.,0,Sem indício cadastral crítico,FOUND,ATIVA,5,24,102903.00,263931.285395,366906.3702021798,-0.4389,Comportamento esperado
621,204479,Nicoletti,PL,RR,Locomoção,Locação Ou Fretamento De Veículos Automotores,0,Sem indício cadastral crítico,FOUND,ATIVA,5,47,262868.97,156360.151875,107532.52503854835,0.9905,Comportamento esperado
821,206231,Ted Conti,PSB,ES,Serviços profissionais,"Consultorias, Pesquisas E Trabalhos Técnicos.",0,Sem indício cadastral crítico,FOUND,ATIVA,1,3,28500.00,58062.500000,47700.19279685506,-0.6198,Comportamento esperado
281,178871,Evair Vieira De Melo,REPUBLICANOS,ES,Comunicação,Telefonia,0,Sem indício cadastral crítico,FOUND,ATIVA,3,47,51831.02,19441.733636,20791.65600073225,1.5578,Comportamento esperado
902,,,,NA,Outros,Manutenção De Escritório De Apoio À Atividade Parlamentar,1,Erro na consulta pública de CNPJ,ERROR,,1,12,12946.12,15500.143182,23430.81961523477,-0.109,Fornecedor com CNPJ suspeito
297,204407,Fernanda Melchionna,PSOL,RS,Alimentação,Fornecimento De Alimentação Do Parlamentar,0,Sem indício cadastral crítico,FOUND,ATIVA,6,6,256.83,7368.085075,13657.337051272762,-0.5207,Comportamento esperado
11,160508,Afonso Florence,PT,BA,Outros,Manutenção De Escritório De Apoio À Atividade Parlamentar,0,Sem indício cadastral crítico,FOUND,ATIVA,5,15,9159.34,98257.521290,134321.8726415135,-0.6633,Comportamento esperado
179,160528,Danilo Cabral,PSB,PE,Outros,Manutenção De Escritório De Apoio À Atividade Parlamentar,0,Sem indício cadastral crítico,FOUND,ATIVA,5,16,9366.92,90785.734524,140277.34198893898,-0.5804,Comportamento esperado
37,178927,Aliel Machado,PV,PR,Outros,Manutenção De Escritório De Apoio À Atividade Parlamentar,0,Sem indício cadastral crítico,FOUND,ATIVA,3,45,34273.05,86193.122500,116860.66498214444,-0.4443,Comportamento esperado
150,204514,Coronel Tadeu,PL,SP,Viagens,Passagem Aérea - Reembolso,0,Sem indício cadastral crítico,FOUND,ATIVA,1,1,1521.52,9758.571000,11443.414965885137,-0.7198,Comportamento esperado
673,171617,Paulão,PT,AL,Hotéis,"Hospedagem ,exceto Do Parlamentar No Distrito Federal.",1,Erro na consulta pública de CNPJ,ERROR,,1,4,4342.20,10355.987000,9952.54062426837,-0.6042,Fornecedor com CNPJ suspeito
225,220688,Dr. Francisco,PT,PI,Publicidade,Divulgação Da Atividade Parlamentar.,1,Situação cadastral não ativa: BAIXADA,FOUND,BAIXADA,1,4,18700.00,255170.175556,326071.87108703476,-0.7252,Fornecedor com CNPJ suspeito
433,74554,José Rocha,UNIÃO,BA,Outros,Serviços Postais,0,Sem indício cadastral crítico,FOUND,ATIVA,1,1,73.60,1465.597500,2527.93213294582,-0.5506,Comportamento esperado
196,220701,Delegado Matheus Laiola,UNIÃO,PR,Combustível,Combustíveis E Lubrificantes.,0,Sem indício cadastral crítico,FOUND,ATIVA,189,515,121430.95,57944.345500,82353.4495793919,0.7709,Comportamento esperado
574,220550,Mauricio Marcon,PL,RS,Viagens,Passagem Aérea - Sigepa,,,,,0,354,380366.09,223297.576531,126627.95953182003,1.2404,Comportamento esperado
82,109429,Benes Leocádio,UNIÃO,RN,Combustível,Combustíveis E Lubrificantes.,0,Sem indício cadastral crítico,FOUND,ATIVA,158,1111,248385.39,51927.710333,76131.03428420173,2.5805,Possível anomalia financeira
401,74848,Jandira Feghali,PCDOB,RJ,Combustível,Combustíveis E Lubrificantes.,0,Sem indício cadastral crítico,FOUND,ATIVA,63,457,94905.61,44023.319398,62812.667137756165,0.8101,Comportamento esperado
390,204508,Igor Timo,UNIÃO,MG,Viagens,Passagem Aérea - Sigepa,,,,,0,125,176476.94,195216.599630,167832.49260588933,-0.1117,Comportamento esperado
518,74784,Luiza Erundina,PSOL,SP,Outros,"Serviço De Táxi, Pedágio E Estacionamento",0,Sem indício cadastral crítico,FOUND,ATIVA,9,100,23999.86,11967.060840,16796.655097373645,0.7164,Comportamento esperado
687,204406,Pedro Westphalen,PP,RS,Viagens,Passagem Aérea - Sigepa,,,,,0,458,408814.51,223297.576531,126627.95953182003,1.4651,Comportamento esperado
226,204518,Dr. Frederico,PATRIOTA,MG,Combustível,Combustíveis E Lubrificantes.,0,Sem indício cadastral crítico,FOUND,ATIVA,6,38,57912.32,65306.104375,92314.0005265802,-0.0801,Comportamento esperado
688,73943,Perpétua Almeida,PCDOB,AC,Viagens,Passagem Aérea - Sigepa,,,,,0,85,151641.43,131556.873333,92765.04055863072,0.2165,Comportamento esperado
411,204468,Joenia Wapichana,REDE,RR,Outros,"Serviço De Táxi, Pedágio E Estacionamento",0,Sem indício cadastral crítico,FOUND,ATIVA,3,41,735.40,569.325714,496.7686626541957,0.3343,Comportamento esperado
386,178909,Hélio Leite,UNIÃO,PA,Outros,Manutenção De Escritório De Apoio À Atividade Parlamentar,0,Sem indício cadastral crítico,FOUND,ATIVA,3,11,3781.95,42888.542571,70113.4772677672,-0.5578,Comportamento esperado
635,73692,Osmar Terra,MDB,RS,Outros,"Serviço De Táxi, Pedágio E Estacionamento",0,Sem indício cadastral crítico,FOUND,ATIVA,10,127,691.70,10192.084923,16137.89190584743,-0.5887,Comportamento esperado
506,160645,Luiz Carlos,PSDB,AP,Combustível,Combustíveis E Lubrificantes.,0,Sem indício cadastral crítico,FOUND,ATIVA,5,6,2051.85,24571.047667,39205.554475113444,-0.5744,Comportamento esperado
693,160601,Pr. Marco Feliciano,PL,SP,Viagens,Passagem Aérea - Rpa,0,Sem indício cadastral crítico,FOUND,ATIVA,3,14,16837.28,24943.515352,36157.13967829913,-0.2242,Comportamento esperado
191,220642,Delegado Bruno Lima,PODE,SP,Viagens,Passagem Aérea - Sigepa,,,,,0,42,45349.61,185430.171967,136227.76556134285,-1.0283,Comportamento esperado
472,231911,Lenir De Assis,PT,PR,Outros,"Passagens Terrestres, Marítimas Ou Fluviais",0,Sem indício cadastral crítico,FOUND,ATIVA,4,24,7519.57,1895.154815,2124.8795888027494,2.6469,Possível anomalia financeira
194,220583,Delegado Fabio Costa,PP,AL,Comunicação,Telefonia,0,Sem indício cadastral crítico,FOUND,ATIVA,1,10,1197.84,4087.430000,3910.7833872298947,-0.7389,Comportamento esperado
184,204511,David Soares,PODE,SP,Outros,"Passagens Terrestres, Marítimas Ou Fluviais",0,Sem indício cadastral crítico,FOUND,ATIVA,1,6,858.30,996.486667,1138.3419633085512,-0.1214,Comportamento esperado
716,221378,Reginete Bispo,PT,RS,Hotéis,"Hospedagem ,exceto Do Parlamentar No Distrito Federal.",0,Sem indício cadastral crítico,FOUND,ATIVA,15,30,18332.67,21826.986437,35658.661568585754,-0.098,Comportamento esperado
490,204404,Lucas Redecker,PSDB,RS,Outros,"Passagens Terrestres, Marítimas Ou Fluviais",0,Sem indício cadastral crítico,FOUND,ATIVA,2,2,80.00,4236.036552,8253.072405382596,-0.5036,Comportamento esperado
593,229225,Missionária Michele Collins,PP,PE,Publicidade,Divulgação Da Atividade Parlamentar.,0,Sem indício cadastral crítico,FOUND,ATIVA,7,10,59000.00,241972.708182,301628.5621101344,-0.6066,Comportamento esperado
218,204450,Doutor Luizinho,PP,RJ,Outros,Manutenção De Escritório De Apoio À Atividade Parlamentar,0,Sem indício cadastral crítico,FOUND,ATIVA,1,3,1547.80,80988.593819,134414.71100556676,-0.591,Comportamento esperado
783,204387,Sargento Fahur,PSD,PR,Locomoção,Locação Ou Fretamento De Veículos Automotores,0,Sem indício cadastral crítico,FOUND,ATIVA,4,15,57766.10,113439.957419,130977.93601797776,-0.4251,Comportamento esperado
262,204389,Elias Vaz,PSB,GO,Serviços profissionais,"Consultorias, Pesquisas E Trabalhos Técnicos.",0,Sem indício cadastral crítico,FOUND,ATIVA,1,9,57240.00,99247.891538,60067.72576039702,-0.6993,Comportamento esperado
638,204441,Otoni De Paula,PSD,RJ,Outros,Serviços Postais,0,Sem indício cadastral crítico,FOUND,ATIVA,1,1,63.95,243.509167,238.83926913525045,-0.7518,Comportamento esperado
600,221183,Márcio Dória,PCDOB,SE,Viagens,Passagem Aérea - Sigepa,,,,,0,12,13739.20,155702.681579,99733.68864426478,-1.4234,Comportamento esperado
594,160561,Missionário José Olimpio,PL,SP,Comunicação,Telefonia,0,Sem indício cadastral crítico,FOUND,ATIVA,1,4,1161.15,19889.940211,25751.500071775903,-0.7273,Comportamento esperado
501,222429,Luis Carlos Gomes,REPUBLICANOS,RJ,Alimentação,Fornecimento De Alimentação Do Parlamentar,0,Sem indício cadastral crítico,FOUND,ATIVA,2,16,1350.16,5314.154545,11413.915891543053,-0.3473,Comportamento esperado
756,204480,Rogério Correia,PT,MG,Alimentação,Fornecimento De Alimentação Do Parlamentar,0,Sem indício cadastral crítico,FOUND,ATIVA,31,115,7532.48,3421.773553,6721.942950865462,0.6115,Comportamento esperado
185,220659,Dayany Bittencourt,UNIÃO,CE,Viagens,Passagem Aérea - Sigepa,,,,,0,317,395193.64,190828.457826,170630.5409255439,1.1977,Comportamento esperado
154,220608,Cristiane Lopes,PODE,RO,Combustível,Combustíveis E Lubrificantes.,0,Sem indício cadastral crítico,FOUND,ATIVA,180,658,187913.34,64922.175357,86632.41303886044,1.4197,Comportamento esperado
856,178992,Vitor Lippi,PSDB,SP,Outros,"Serviço De Táxi, Pedágio E Estacionamento",0,Sem indício cadastral crítico,FOUND,ATIVA,12,198,10168.10,11967.060840,16796.655097373645,-0.1071,Comportamento esperado
158,206018,Célia Xakriabá,PSOL,MG,Outros,Manutenção De Escritório De Apoio À Atividade Parlamentar,0,Sem indício cadastral crítico,FOUND,ATIVA,8,84,38941.73,123562.947566,162703.54342443834,-0.5201,Comportamento esperado
756,204480,Rogério Correia,PT,MG,Outros,"Serviço De Táxi, Pedágio E Estacionamento",0,Documento não consultado por não ser CNPJ,NOT_APPLICABLE,,1,22,791.00,5572.245385,10370.293242628488,-0.4611,Comportamento esperado
620,204384,Ney Leprevost,UNIÃO,PR,Combustível,Combustíveis E Lubrificantes.,0,Sem indício cadastral crítico,FOUND,ATIVA,49,136,27776.46,57944.345500,82353.4495793919,-0.3663,Comportamento esperado
17,178836,Alan Rick,UNIÃO,AC,Combustível,Combustíveis E Lubrificantes.,0,Sem indício cadastral crítico,FOUND,ATIVA,24,46,37756.56,74559.202308,89345.09325877228,-0.4119,Comportamento esperado
78,178975,Baleia Rossi,MDB,SP,Viagens,Passagem Aérea - Sigepa,,,,,0,284,196761.30,185430.171967,136227.76556134285,0.0832,Comportamento esperado
92,204561,Bira Do Pindaré,PSB,MA,Outros,"Serviço De Táxi, Pedágio E Estacionamento",0,Sem indício cadastral crítico,FOUND,ATIVA,3,34,2237.67,3095.474615,4475.3830763031065,-0.1917,Comportamento esperado
504,204410,Luisa Canziani,PSD,PR,Publicidade,Divulgação Da Atividade Parlamentar.,1,Situação cadastral não ativa: BAIXADA,FOUND,BAIXADA,2,2,3828.00,263664.052022,329972.5348930845,-0.7874,Fornecedor com CNPJ suspeito
285,178905,Fabio Garcia,UNIÃO,MT,Viagens,Passagem Aérea - Sigepa,,,,,0,43,41883.93,116334.207895,92091.32039496631,-0.8084,Comportamento esperado
286,171623,Fabio Reis,PSD,SE,Outros,Manutenção De Escritório De Apoio À Atividade Parlamentar,0,Documento não consultado por não ser CNPJ,NOT_APPLICABLE,,2,29,74500.00,43647.935652,66268.36061748704,0.4656,Comportamento esperado
231,204351,Dr. Luiz Ovando,PP,MS,Hotéis,"Hospedagem ,exceto Do Parlamentar No Distrito Federal.",0,Sem indício cadastral crítico,FOUND,ATIVA,27,90,28588.70,14950.264286,18538.468264889183,0.7357,Comportamento esperado
102,143942,Caio Vianna,PSD,RJ,Outros,"Serviço De Táxi, Pedágio E Estacionamento",0,Sem indício cadastral crítico,FOUND,ATIVA,3,87,11163.33,8455.730411,14321.838989715481,0.1891,Comportamento esperado
706,220586,Rafael Brito,MDB,AL,Outros,Manutenção De Escritório De Apoio À Atividade Parlamentar,0,Sem indício cadastral crítico,FOUND,ATIVA,10,97,84837.99,55960.761000,68535.24676411308,0.4213,Comportamento esperado
347,160673,Giovani Cherini,PL,RS,Alimentação,Fornecimento De Alimentação Do Parlamentar,1,Situação cadastral não ativa: BAIXADA,FOUND,BAIXADA,9,10,637.40,7368.085075,13657.337051272762,-0.4928,Fornecedor com CNPJ suspeito
809,177282,Subtenente Gonzaga,PSD,MG,Comunicação,Telefonia,0,Sem indício cadastral crítico,FOUND,ATIVA,4,23,3487.78,15607.667083,19082.29985422686,-0.6351,Comportamento esperado
471,204375,Leda Sadala,PP,AP,Viagens,Passagem Aérea - Rpa,0,Sem indício cadastral crítico,FOUND,ATIVA,2,13,12794.23,4617.490000,4023.3855612682983,2.0323,Possível anomalia financeira
742,220613,Roberto Monteiro Pai,PL,RJ,Publicidade,Divulgação Da Atividade Parlamentar.,1,Situação cadastral não ativa: BAIXADA,FOUND,BAIXADA,1,35,121840.00,226781.355120,259582.44863584734,-0.4043,Fornecedor com CNPJ suspeito
79,220605,Bandeira De Mello,PV,RJ,Outros,"Serviço De Táxi, Pedágio E Estacionamento",1,Situação cadastral não ativa: BAIXADA,FOUND,BAIXADA,2,9,357.66,8455.730411,14321.838989715481,-0.5654,Fornecedor com CNPJ suspeito
92,204561,Bira Do Pindaré,PSB,MA,Combustível,Combustíveis E Lubrificantes.,1,CNPJ não encontrado na API pública,NOT_FOUND,,1,1,200.00,34895.172615,52384.05405357016,-0.6623,Fornecedor com CNPJ suspeito
734,220694,Ricardo Maia,MDB,BA,Alimentação,Fornecimento De Alimentação Do Parlamentar,1,Situação cadastral não ativa: BAIXADA,FOUND,BAIXADA,1,1,45.50,5334.958511,10548.888785765435,-0.5014,Fornecedor com CNPJ suspeito
414,217480,Jones Moura,PSD,RJ,Alimentação,Fornecimento De Alimentação Do Parlamentar,1,Situação cadastral não ativa: BAIXADA,FOUND,BAIXADA,8,9,514.90,5314.154545,11413.915891543053,-0.4205,Fornecedor com CNPJ suspeito
200,220619,Delegado Ramagem,PL,RJ,Publicidade,Assinatura De Publicações,0,Sem indício cadastral crítico,FOUND,ATIVA,2,2,727.56,4317.763846,4399.037924691675,-0.8161,Comportamento esperado
860,178952,Walter Alves,MDB,RN,Serviços profissionais,"Consultorias, Pesquisas E Trabalhos Técnicos.",0,Sem indício cadastral crítico,FOUND,ATIVA,1,9,117000.00,75620.571429,70092.2679683885,0.5904,Comportamento esperado
139,178939,Clarissa Garotinho,UNIÃO,RJ,Viagens,Passagem Aérea - Rpa,0,Sem indício cadastral crítico,FOUND,ATIVA,1,2,3994.06,24365.871064,36425.48190750471,-0.5593,Comportamento esperado
439,141459,João Maia,PP,RN,Publicidade,Divulgação Da Atividade Parlamentar.,0,Sem indício cadastral crítico,FOUND,ATIVA,37,388,1017300.00,246483.533462,299233.5953313259,2.576,Possível anomalia financeira
41,178937,Altineu Côrtes,PL,RJ,Viagens,Passagem Aérea - Sigepa,,,,,0,406,472287.67,213577.740357,175550.75566941444,1.4737,Comportamento esperado
502,204381,Luis Miranda,REPUBLICANOS,DF,Viagens,Passagem Aérea - Sigepa,,,,,0,114,146380.04,35467.657000,44918.944493537856,2.4692,Possível anomalia financeira
856,178992,Vitor Lippi,PSDB,SP,Outros,Manutenção De Escritório De Apoio À Atividade Parlamentar,0,Sem indício cadastral crítico,FOUND,ATIVA,14,104,70951.22,98538.487659,143509.98800071477,-0.1922,Comportamento esperado
562,178956,Mariana Carvalho,REPUBLICANOS,RO,Combustível,Combustíveis E Lubrificantes.,0,Sem indício cadastral crítico,FOUND,ATIVA,9,35,10436.27,64922.175357,86632.41303886044,-0.6289,Comportamento esperado
519,178866,Luizianne Lins,REDE,CE,Combustível,Combustíveis E Lubrificantes.,0,Sem indício cadastral crítico,FOUND,ATIVA,71,233,76405.50,41977.960833,76764.60304100714,0.4485,Comportamento esperado
856,178992,Vitor Lippi,PSD,SP,Outros,"Serviço De Táxi, Pedágio E Estacionamento",0,Sem indício cadastral crítico,FOUND,ATIVA,20,844,57047.70,11967.060840,16796.655097373645,2.6839,Possível anomalia financeira
266,178854,Elmar Nascimento,UNIÃO,BA,Viagens,Passagem Aérea - Sigepa,,,,,0,317,427383.18,219376.223091,157819.4558803826,1.318,Comportamento esperado
258,154919,Eleuses Paiva,PSD,SP,Outros,Manutenção De Escritório De Apoio À Atividade Parlamentar,0,Sem indício cadastral crítico,FOUND,ATIVA,2,5,3739.00,98538.487659,143509.98800071477,-0.6606,Comportamento esperado
795,204557,Sidney Leite,PSD,AM,Locomoção,Locação Ou Fretamento De Aeronaves,0,Sem indício cadastral crítico,FOUND,ATIVA,4,27,791875.00,399154.866667,405851.79112272314,0.9676,Comportamento esperado
636,204422,Ossesio Silva,REPUBLICANOS,PE,Comunicação,Telefonia,0,Sem indício cadastral crítico,FOUND,ATIVA,5,61,14575.64,10941.974167,12252.099914667077,0.2966,Comportamento esperado
647,204570,Pastor Gil,PL,MA,Combustível,Combustíveis E Lubrificantes.,0,Sem indício cadastral crítico,FOUND,ATIVA,124,475,117350.62,34895.172615,52384.05405357016,1.5741,Comportamento esperado
589,171786,Miguel Ângelo,PT,MG,Locomoção,Locação Ou Fretamento De Veículos Automotores,0,Sem indício cadastral crítico,FOUND,ATIVA,6,150,373378.61,199358.988889,190617.58878325575,0.9129,Comportamento esperado
179,160528,Danilo Cabral,PSB,PE,Outros,Manutenção De Escritório De Apoio À Atividade Parlamentar,0,Documento não consultado por não ser CNPJ,NOT_APPLICABLE,,1,13,64350.00,90785.734524,140277.34198893898,-0.1885,Comportamento esperado
902,,,,NA,Outros,Manutenção De Escritório De Apoio À Atividade Parlamentar,0,Sem indício cadastral crítico,FOUND,ATIVA,3,52,77470.00,15500.143182,23430.81961523477,2.6448,Possível anomalia financeira
898,,,,NA,Locomoção,Locação Ou Fretamento De Veículos Automotores,0,Sem indício cadastral crítico,FOUND,ATIVA,3,39,120734.21,135342.105000,20658.683226722118,-0.7071,Comportamento esperado
894,,,,NA,Outros,Manutenção De Escritório De Apoio À Atividade Parlamentar,0,Sem indício cadastral crítico,FOUND,ATIVA,3,40,20336.13,15500.143182,23430.81961523477,0.2064,Comportamento esperado
338,204394,Gervásio Maia,PCDOB,PB,Hotéis,"Hospedagem ,exceto Do Parlamentar No Distrito Federal.",0,Sem indício cadastral crítico,FOUND,ATIVA,21,103,17458.40,9643.162222,20671.000404330745,0.3781,Comportamento esperado
68,73433,Arlindo Chinaglia,PT,SP,Publicidade,Assinatura De Publicações,0,Sem indício cadastral crítico,FOUND,ATIVA,1,13,11940.00,3369.241333,3418.330377283657,2.5073,Possível anomalia financeira
356,198197,Greyce Elias,PL,MG,Publicidade,Divulgação Da Atividade Parlamentar.,0,Sem indício cadastral crítico,FOUND,ATIVA,19,91,90588.21,194891.353020,276881.75990132586,-0.3767,Comportamento esperado
334,178966,Geovania De Sá,PSDB,SC,Publicidade,Divulgação Da Atividade Parlamentar.,0,Sem indício cadastral crítico,FOUND,ATIVA,7,32,136160.80,148561.773265,217765.15459275612,-0.0569,Comportamento esperado
452,204574,Junior Lourenço,PL,MA,Combustível,Combustíveis E Lubrificantes.,0,Sem indício cadastral crítico,FOUND,ATIVA,4,8,39879.50,34895.172615,52384.05405357016,0.0951,Comportamento esperado
821,206231,Ted Conti,PSB,ES,Outros,Manutenção De Escritório De Apoio À Atividade Parlamentar,0,Sem indício cadastral crítico,FOUND,ATIVA,4,15,18841.33,101936.796563,164857.25422120074,-0.504,Comportamento esperado
28,204544,Alexandre Frota,PROS,SP,Combustível,Combustíveis E Lubrificantes.,0,Sem indício cadastral crítico,FOUND,ATIVA,1,24,63904.21,42192.750821,64034.19773844777,0.3391,Comportamento esperado
751,220641,Rodrigo Gambale,PODE,SP,Outros,"Serviço De Táxi, Pedágio E Estacionamento",0,Sem indício cadastral crítico,FOUND,ATIVA,5,28,7631.94,11967.060840,16796.655097373645,-0.2581,Comportamento esperado
65,220675,Antônio Doido,MDB,PA,Publicidade,Divulgação Da Atividade Parlamentar.,0,Sem indício cadastral crítico,FOUND,ATIVA,7,26,609568.00,319971.475333,323849.5425991789,0.8942,Comportamento esperado
412,204546,Joice Hasselmann,PSDB,SP,Comunicação,Telefonia,0,Sem indício cadastral crítico,FOUND,ATIVA,1,9,11308.34,19889.940211,25751.500071775903,-0.3332,Comportamento esperado
651,218741,Patrick Dorneles,PSD,PB,Publicidade,Divulgação Da Atividade Parlamentar.,0,Sem indício cadastral crítico,FOUND,ATIVA,4,7,31107.67,324815.111538,407718.48875224456,-0.7204,Comportamento esperado
453,178886,Juscelino Filho,UNIÃO,MA,Locomoção,Locação Ou Fretamento De Veículos Automotores,0,Sem indício cadastral crítico,FOUND,ATIVA,1,9,99000.00,122090.952683,112418.39663710551,-0.2054,Comportamento esperado
147,204378,Coronel Chrisóstomo,PL,RO,Combustível,Combustíveis E Lubrificantes.,0,Sem indício cadastral crítico,FOUND,ATIVA,117,488,113879.52,64922.175357,86632.41303886044,0.5651,Comportamento esperado
31,220554,Alexandre Lindenmeyer,PT,RS,Combustível,Combustíveis E Lubrificantes.,1,Situação cadastral não ativa: BAIXADA,FOUND,BAIXADA,9,10,1973.11,60520.148547,97388.05968907535,-0.6012,Fornecedor com CNPJ suspeito
734,220694,Ricardo Maia,MDB,BA,Viagens,Passagem Aérea - Sigepa,,,,,0,147,149939.18,219376.223091,157819.4558803826,-0.44,Comportamento esperado
309,160598,Flávia Morais,PDT,GO,Combustível,Combustíveis E Lubrificantes.,0,Sem indício cadastral crítico,FOUND,ATIVA,96,135,29762.79,65044.277593,95738.05404592726,-0.3685,Comportamento esperado
254,141421,Eduardo Da Fonte,PP,PE,Combustível,Combustíveis E Lubrificantes.,1,Situação cadastral não ativa: BAIXADA,FOUND,BAIXADA,8,264,52504.08,53506.291935,82942.380015203,-0.0121,Fornecedor com CNPJ suspeito
767,73806,Roseana Sarney,MDB,MA,Publicidade,Divulgação Da Atividade Parlamentar.,0,Sem indício cadastral crítico,FOUND,ATIVA,6,72,661942.00,299945.123175,386285.4495039867,0.9371,Comportamento esperado
794,178961,Shéridan,PSDB,RR,Viagens,Passagem Aérea - Reembolso,0,Sem indício cadastral crítico,FOUND,ATIVA,3,62,154394.01,23419.147778,50067.63598784218,2.616,Possível anomalia financeira
844,141553,Vanderlei Macris,PSDB,SP,Combustível,Combustíveis E Lubrificantes.,0,Sem indício cadastral crítico,FOUND,ATIVA,21,82,30062.61,42192.750821,64034.19773844777,-0.1894,Comportamento esperado
576,204486,Mauro Benevides Filho,UNIÃO,CE,Locomoção,Locação Ou Fretamento De Veículos Automotores,0,Sem indício cadastral crítico,FOUND,ATIVA,2,67,394850.00,139651.247778,143531.8586124825,1.778,Comportamento esperado
401,74848,Jandira Feghali,PCDOB,RJ,Comunicação,Telefonia,0,Sem indício cadastral crítico,FOUND,ATIVA,4,51,18353.60,11897.719661,18918.17939394703,0.3413,Comportamento esperado
626,194260,Nivaldo Albuquerque,REPUBLICANOS,AL,Serviços profissionais,"Consultorias, Pesquisas E Trabalhos Técnicos.",0,Sem indício cadastral crítico,FOUND,ATIVA,1,13,355000.00,120762.828571,125631.35489202412,1.8645,Comportamento esperado
645,180214,Pastor Diniz,UNIÃO,RR,Outros,Manutenção De Escritório De Apoio À Atividade Parlamentar,0,Sem indício cadastral crítico,FOUND,ATIVA,5,41,66967.54,80921.562903,170825.55022261123,-0.0817,Comportamento esperado
525,220566,Lêda Borges,REPUBLICANOS,GO,Comunicação,Telefonia,0,Sem indício cadastral crítico,FOUND,ATIVA,1,26,3933.99,16840.076000,26049.85234640615,-0.4954,Comportamento esperado
25,178972,Alex Manente,CIDADANIA,SP,Viagens,Passagem Aérea - Rpa,0,Sem indício cadastral crítico,FOUND,ATIVA,2,26,19477.75,24943.515352,36157.13967829913,-0.1512,Comportamento esperado
614,204415,Nereu Crispim,PSD,RS,Outros,"Serviço De Táxi, Pedágio E Estacionamento",0,Sem indício cadastral crítico,FOUND,ATIVA,18,162,6843.30,10192.084923,16137.89190584743,-0.2075,Comportamento esperado
397,220696,Ivoneide Caetano,PT,BA,Outros,"Serviço De Táxi, Pedágio E Estacionamento",0,Sem indício cadastral crítico,FOUND,ATIVA,1,12,14468.30,7947.726552,12451.86965129915,0.5237,Comportamento esperado
738,220693,Roberta Roma,PL,BA,Locomoção,Locação Ou Fretamento De Veículos Automotores,0,Sem indício cadastral crítico,FOUND,ATIVA,2,35,437500.00,292409.611930,213979.496522466,0.6781,Comportamento esperado
210,73768,Dilceu Sperafico,PP,PR,Outros,Manutenção De Escritório De Apoio À Atividade Parlamentar,0,Documento não consultado por não ser CNPJ,NOT_APPLICABLE,,1,36,56400.00,86193.122500,116860.66498214444,-0.2549,Comportamento esperado
797,204360,Silvia Cristina,PL,RO,Hotéis,"Hospedagem ,exceto Do Parlamentar No Distrito Federal.",0,Sem indício cadastral crítico,FOUND,ATIVA,17,20,5581.38,15598.613913,18502.405565050612,-0.5414,Comportamento esperado
183,205548,David Miranda,PDT,RJ,Outros,Manutenção De Escritório De Apoio À Atividade Parlamentar,1,Erro na consulta pública de CNPJ,ERROR,,1,1,124.00,80988.593819,134414.71100556676,-0.6016,Fornecedor com CNPJ suspeito
332,204484,General Peternelli,UNIÃO,SP,Publicidade,Divulgação Da Atividade Parlamentar.,0,Sem indício cadastral crítico,FOUND,ATIVA,4,4,3380.00,243741.226243,313657.1515008437,-0.7663,Comportamento esperado
69,141391,Arnaldo Jardim,CIDADANIA,SP,Publicidade,Divulgação Da Atividade Parlamentar.,1,Situação cadastral não ativa: BAIXADA,FOUND,BAIXADA,1,2,4600.00,243741.226243,313657.1515008437,-0.7624,Fornecedor com CNPJ suspeito
364,220568,Gustavo Gayer,PL,GO,Outros,Manutenção De Escritório De Apoio À Atividade Parlamentar,1,Situação cadastral não ativa: BAIXADA,FOUND,BAIXADA,3,22,75938.85,100447.486545,162486.21407041358,-0.1508,Fornecedor com CNPJ suspeito
219,227401,Dr Fabio Rueda,UNIÃO,AC,Viagens,Passagem Aérea - Reembolso,0,Sem indício cadastral crítico,FOUND,ATIVA,2,3,7442.54,9056.415455,5089.4459464667925,-0.3171,Comportamento esperado
253,178977,Eduardo Cury,PSDB,SP,Combustível,Combustíveis E Lubrificantes.,1,Situação cadastral não ativa: BAIXADA,FOUND,BAIXADA,2,2,612.18,42192.750821,64034.19773844777,-0.6493,Fornecedor com CNPJ suspeito
93,160538,Bohn Gass,PT,RS,Serviços profissionais,"Consultorias, Pesquisas E Trabalhos Técnicos.",0,Sem indício cadastral crítico,FOUND,ATIVA,1,9,51300.00,39996.666667,35707.577110401064,0.3166,Comportamento esperado
635,73692,Osmar Terra,MDB,RS,Outros,Serviços Postais,0,Sem indício cadastral crítico,FOUND,ATIVA,1,1,100.85,862.238182,1333.8726370935917,-0.5708,Comportamento esperado
105,204572,Capitão Alberto Neto,PL,AM,Serviços profissionais,"Consultorias, Pesquisas E Trabalhos Técnicos.",0,Sem indício cadastral crítico,FOUND,ATIVA,1,1,7000.00,49181.950000,43491.54703575003,-0.9699,Comportamento esperado
268,221149,Elói Pietá,PT,SP,Alimentação,Fornecimento De Alimentação Do Parlamentar,0,Sem indício cadastral crítico,FOUND,ATIVA,2,14,401.06,3366.001170,5609.697337170304,-0.5285,Comportamento esperado
199,220654,Delegado Paulo Bilynskyj,PL,SP,Outros,"Passagens Terrestres, Marítimas Ou Fluviais",0,Sem indício cadastral crítico,FOUND,ATIVA,1,1,246.39,996.486667,1138.3419633085512,-0.6589,Comportamento esperado
891,,,,NA,Publicidade,Divulgação Da Atividade Parlamentar.,0,Sem indício cadastral crítico,FOUND,ATIVA,4,10,19061.50,50979.424375,81608.46012151951,-0.3911,Comportamento esperado
756,204480,Rogério Correia,PT,MG,Combustível,Combustíveis E Lubrificantes.,0,Sem indício cadastral crítico,FOUND,ATIVA,275,1383,315083.80,65306.104375,92314.0005265802,2.7057,Possível anomalia financeira
87,178948,Beto Rosado,PP,RN,Combustível,Combustíveis E Lubrificantes.,0,Sem indício cadastral crítico,FOUND,ATIVA,33,217,66464.88,51927.710333,76131.03428420173,0.1909,Comportamento esperado
338,204394,Gervásio Maia,PCDOB,PB,Comunicação,Telefonia,0,Sem indício cadastral crítico,FOUND,ATIVA,5,93,23393.69,7288.602667,11193.533001502294,1.4388,Comportamento esperado
370,178873,Helder Salomão,PT,ES,Serviços profissionais,"Consultorias, Pesquisas E Trabalhos Técnicos.",0,Sem indício cadastral crítico,FOUND,ATIVA,2,15,106400.00,58062.500000,47700.19279685506,1.0134,Comportamento esperado
689,161440,Pezenti,MDB,SC,Publicidade,Divulgação Da Atividade Parlamentar.,1,Situação cadastral não ativa: BAIXADA,FOUND,BAIXADA,1,1,1500.00,148561.773265,217765.15459275612,-0.6753,Fornecedor com CNPJ suspeito
880,204517,Zé Vitor,PL,MG,Publicidade,Divulgação Da Atividade Parlamentar.,0,Sem indício cadastral crítico,FOUND,ATIVA,10,158,1411243.70,194891.353020,276881.75990132586,4.393,Anomalia financeira extrema
141,74537,Claudio Cajado,PP,BA,Outros,Manutenção De Escritório De Apoio À Atividade Parlamentar,0,Sem indício cadastral crítico,FOUND,ATIVA,7,159,78546.51,98257.521290,134321.8726415135,-0.1467,Comportamento esperado
589,171786,Miguel Ângelo,PT,MG,Hotéis,"Hospedagem ,exceto Do Parlamentar No Distrito Federal.",1,Situação cadastral não ativa: BAIXADA,FOUND,BAIXADA,1,1,204.00,17018.453084,26330.369533202334,-0.6386,Fornecedor com CNPJ suspeito
5,220714,Adail Filho,MDB,AM,Publicidade,Divulgação Da Atividade Parlamentar.,0,Sem indício cadastral crítico,FOUND,ATIVA,4,64,1125950.00,309286.770000,323174.1425425514,2.527,Possível anomalia financeira
324,160666,Félix Mendonça Júnior,PDT,BA,Viagens,Passagem Aérea - Sigepa,,,,,0,245,129724.58,219376.223091,157819.4558803826,-0.5681,Comportamento esperado
159,204370,Célio Moura,PT,TO,Comunicação,Telefonia,0,Sem indício cadastral crítico,FOUND,ATIVA,8,30,5290.71,6929.241333,13569.93291877454,-0.1207,Comportamento esperado
387,220563,Icaro De Valmir,REPUBLICANOS,SE,Locomoção,Locação Ou Fretamento De Veículos Automotores,0,Sem indício cadastral crítico,FOUND,ATIVA,3,56,301902.04,212589.297222,162975.5333971958,0.548,Comportamento esperado
825,220560,Thiago De Joaldo,REPUBLICANOS,SE,Outros,Manutenção De Escritório De Apoio À Atividade Parlamentar,0,Sem indício cadastral crítico,FOUND,ATIVA,3,38,33240.36,43647.935652,66268.36061748704,-0.1571,Comportamento esperado
862,160518,Weliton Prado,SOLIDARIEDADE,MG,Locomoção,Locação Ou Fretamento De Veículos Automotores,0,Sem indício cadastral crítico,FOUND,ATIVA,3,49,209806.16,199358.988889,190617.58878325575,0.0548,Comportamento esperado
22,204413,Alcides Rodrigues,PATRIOTA,GO,Serviços profissionais,"Consultorias, Pesquisas E Trabalhos Técnicos.",0,Sem indício cadastral crítico,FOUND,ATIVA,1,15,150000.00,99247.891538,60067.72576039702,0.8449,Comportamento esperado
852,141555,Vinicius Carvalho,REPUBLICANOS,SP,Viagens,Passagem Aérea - Sigepa,,,,,0,95,111446.31,185430.171967,136227.76556134285,-0.5431,Comportamento esperado
696,220533,Prof. Reginaldo Veras,PV,DF,Locomoção,Locação Ou Fretamento De Veículos Automotores,0,Sem indício cadastral crítico,FOUND,ATIVA,1,43,212300.00,118149.428125,89877.33858167462,1.0475,Comportamento esperado
582,220591,Meire Serafim,UNIÃO,AC,Outros,"Serviço De Táxi, Pedágio E Estacionamento",0,Sem indício cadastral crítico,FOUND,ATIVA,2,2,110.00,1201.947143,2347.5245824464705,-0.4651,Comportamento esperado
514,204455,Luiz Lima,PL,RJ,Viagens,Passagem Aérea - Rpa,0,Sem indício cadastral crítico,FOUND,ATIVA,3,47,48317.20,24365.871064,36425.48190750471,0.6575,Comportamento esperado
88,207176,Bia Cavassa,PSDB,MS,Outros,Manutenção De Escritório De Apoio À Atividade Parlamentar,1,Situação cadastral não ativa: BAIXADA,FOUND,BAIXADA,1,3,1800.00,74966.746667,80602.5088063342,-0.9077,Fornecedor com CNPJ suspeito
50,220632,Ana Pimentel,PT,MG,Publicidade,Assinatura De Publicações,0,Sem indício cadastral crítico,FOUND,ATIVA,3,6,2699.71,1596.091765,1698.0009011232714,0.65,Comportamento esperado
695,89536,Prof. Paulo Fernando,REPUBLICANOS,DF,Combustível,Combustíveis E Lubrificantes.,1,Situação cadastral não ativa: BAIXADA,FOUND,BAIXADA,1,4,327.64,33372.670769,51515.7382887601,-0.6415,Fornecedor com CNPJ suspeito
264,220008,Eliza Virgínia,PP,PB,Viagens,Passagem Aérea - Sigepa,,,,,0,50,78966.87,168235.151250,151254.20824234045,-0.5902,Comportamento esperado
856,178992,Vitor Lippi,PSD,SP,Outros,Manutenção De Escritório De Apoio À Atividade Parlamentar,0,Documento não consultado por não ser CNPJ,NOT_APPLICABLE,,1,38,334460.36,98538.487659,143509.98800071477,1.6439,Comportamento esperado
718,205865,Reinhold Stephanes,PL,PR,Publicidade,Divulgação Da Atividade Parlamentar.,1,Situação cadastral não ativa: BAIXADA,FOUND,BAIXADA,1,14,345000.00,263664.052022,329972.5348930845,0.2465,Fornecedor com CNPJ suspeito
664,204492,Paulo Guedes,PT,MG,Viagens,Passagem Aérea - Rpa,0,Sem indício cadastral crítico,FOUND,ATIVA,1,13,15863.15,40253.940526,63478.97879162227,-0.3842,Comportamento esperado
29,220542,Alexandre Guimarães,MDB,TO,Combustível,Combustíveis E Lubrificantes.,1,Erro na consulta pública de CNPJ,ERROR,,1,1,1971.00,73777.441071,109277.9364585353,-0.6571,Fornecedor com CNPJ suspeito
704,160641,Professora Marcivania,PCDOB,AP,Serviços profissionais,"Consultorias, Pesquisas E Trabalhos Técnicos.",1,Situação cadastral não ativa: INAPTA,FOUND,INAPTA,1,1,38181.00,74193.690909,67500.34505342109,-0.5335,Fornecedor com CNPJ suspeito
843,234673,Vanderlan Alves,SOLIDARIEDADE,CE,Publicidade,Divulgação Da Atividade Parlamentar.,0,Sem indício cadastral crítico,FOUND,ATIVA,7,25,88766.67,263931.285395,366906.3702021798,-0.4774,Comportamento esperado
797,204360,Silvia Cristina,PL,RO,Comunicação,Telefonia,0,Sem indício cadastral crítico,FOUND,ATIVA,1,13,3164.99,15683.564000,17340.40119270922,-0.7219,Comportamento esperado
875,178889,Zé Carlos,PT,MA,Viagens,Passagem Aérea - Sigepa,,,,,0,108,153790.71,132207.227045,122458.5508602934,0.1763,Comportamento esperado
547,178983,Marcio Alvino,PL,SP,Viagens,Passagem Aérea - Sigepa,,,,,0,213,105836.28,185430.171967,136227.76556134285,-0.5843,Comportamento esperado
161,204488,Célio Studart,PSD,CE,Outros,Manutenção De Escritório De Apoio À Atividade Parlamentar,0,Sem indício cadastral crítico,FOUND,ATIVA,8,74,186082.47,68348.775082,105244.60317209057,1.1187,Comportamento esperado
838,195866,Vaidon Oliveira,UNIÃO,CE,Combustível,Combustíveis E Lubrificantes.,0,Sem indício cadastral crítico,FOUND,ATIVA,15,77,20619.53,41977.960833,76764.60304100714,-0.2782,Comportamento esperado
646,160642,Pastor Eurico,PL,PE,Viagens,Passagem Aérea - Sigepa,,,,,0,139,205339.08,221741.150682,163177.94412569836,-0.1005,Comportamento esperado
810,204535,Sâmia Bomfim,PSOL,SP,Outros,Manutenção De Escritório De Apoio À Atividade Parlamentar,0,Sem indício cadastral crítico,FOUND,ATIVA,6,106,153359.06,98538.487659,143509.98800071477,0.382,Comportamento esperado
499,178954,Lucio Mosquini,MDB,RO,Viagens,Passagem Aérea - Rpa,0,Sem indício cadastral crítico,FOUND,ATIVA,3,81,77219.18,78085.307500,52637.50410364546,-0.0165,Comportamento esperado
498,220616,Luciano Vieira,PSDB,RJ,Outros,Manutenção De Escritório De Apoio À Atividade Parlamentar,1,Situação cadastral não ativa: BAIXADA,FOUND,BAIXADA,2,2,5930.11,80988.593819,134414.71100556676,-0.5584,Fornecedor com CNPJ suspeito
621,204479,Nicoletti,PL,RR,Viagens,Passagem Aérea - Rpa,0,Sem indício cadastral crítico,FOUND,ATIVA,2,157,35755.88,27007.868571,28285.776224385536,0.3093,Comportamento esperado
359,204531,Guilherme Derrite,PL,SP,Hotéis,"Hospedagem ,exceto Do Parlamentar No Distrito Federal.",0,Sem indício cadastral crítico,FOUND,ATIVA,30,67,25086.55,10014.789189,11435.329101648113,1.318,Comportamento esperado
541,204558,Marcelo Nilo,REPUBLICANOS,BA,Alimentação,Fornecimento De Alimentação Do Parlamentar,1,Situação cadastral não ativa: BAIXADA,FOUND,BAIXADA,1,8,474.70,5334.958511,10548.888785765435,-0.4607,Fornecedor com CNPJ suspeito
273,132504,Enio Verri,PT,PR,Viagens,Passagem Aérea - Sigepa,,,,,0,69,72519.56,173223.575536,125997.34942419773,-0.7993,Comportamento esperado
293,204398,Felipe Francischini,PODE,PR,Publicidade,Divulgação Da Atividade Parlamentar.,0,Sem indício cadastral crítico,FOUND,ATIVA,10,53,958990.00,263664.052022,329972.5348930845,2.1072,Possível anomalia financeira
413,160548,Jonas Donizette,PSB,SP,Comunicação,Telefonia,0,Sem indício cadastral crítico,FOUND,ATIVA,1,41,16478.06,19889.940211,25751.500071775903,-0.1325,Comportamento esperado
50,220632,Ana Pimentel,PT,MG,Outros,"Passagens Terrestres, Marítimas Ou Fluviais",0,Sem indício cadastral crítico,FOUND,ATIVA,14,68,7394.80,3858.240000,6358.142634643256,0.5562,Comportamento esperado
581,220607,Max Lemos,PDT,RJ,Locomoção,Locação Ou Fretamento De Veículos Automotores,0,Sem indício cadastral crítico,FOUND,ATIVA,2,75,353600.00,162239.394390,163272.60476613723,1.172,Comportamento esperado
271,225730,Enfermeira Ana Paula,PODE,CE,Alimentação,Fornecimento De Alimentação Do Parlamentar,0,Sem indício cadastral crítico,FOUND,ATIVA,19,40,2878.58,4778.337742,9185.089924635726,-0.2068,Comportamento esperado
273,132504,Enio Verri,PT,PR,Locomoção,Locação Ou Fretamento De Veículos Automotores,0,Sem indício cadastral crítico,FOUND,ATIVA,2,23,126400.00,113439.957419,130977.93601797776,0.0989,Comportamento esperado
135,204476,Chiquinho Brazão,S.PART.,RJ,Viagens,Passagem Aérea - Reembolso,0,Sem indício cadastral crítico,FOUND,ATIVA,1,1,2400.19,9840.865893,10669.362639943789,-0.6974,Comportamento esperado
760,178861,Ronaldo Carletto,PP,BA,Publicidade,Divulgação Da Atividade Parlamentar.,0,Sem indício cadastral crítico,FOUND,ATIVA,4,14,191834.50,317318.910361,328157.1355142384,-0.3824,Comportamento esperado
775,221157,Rui Godinho,UNIÃO,SC,Combustível,Combustíveis E Lubrificantes.,0,Sem indício cadastral crítico,FOUND,ATIVA,3,13,2598.88,63943.250339,85631.6159933909,-0.7164,Comportamento esperado
443,220559,Julia Zanatta,PL,SC,Hotéis,"Hospedagem ,exceto Do Parlamentar No Distrito Federal.",0,Sem indício cadastral crítico,FOUND,ATIVA,64,134,98603.84,36695.958649,43528.74004922331,1.4222,Comportamento esperado
318,68720,Fábio Henrique,UNIÃO,SE,Viagens,Passagem Aérea - Sigepa,,,,,0,63,76332.88,155702.681579,99733.68864426478,-0.7958,Comportamento esperado
350,152605,Glauber Braga,PSOL,RJ,Comunicação,Telefonia,0,Sem indício cadastral crítico,FOUND,ATIVA,5,192,89690.47,11897.719661,18918.17939394703,4.1121,Anomalia financeira extrema
29,220542,Alexandre Guimarães,MDB,TO,Combustível,Combustíveis E Lubrificantes.,0,Sem indício cadastral crítico,FOUND,ATIVA,134,492,174844.20,73777.441071,109277.9364585353,0.9249,Comportamento esperado
93,160538,Bohn Gass,PT,RS,Publicidade,Divulgação Da Atividade Parlamentar.,0,Sem indício cadastral crítico,FOUND,ATIVA,18,154,466538.80,215724.063125,265101.600265673,0.9461,Comportamento esperado
529,204458,Major Fabiana,PL,RJ,Combustível,Combustíveis E Lubrificantes.,0,Sem indício cadastral crítico,FOUND,ATIVA,34,195,40956.35,44023.319398,62812.667137756165,-0.0488,Comportamento esperado
303,204411,Filipe Barros,PL,PR,Combustível,Combustíveis E Lubrificantes.,0,Sem indício cadastral crítico,FOUND,ATIVA,131,428,92202.87,57944.345500,82353.4495793919,0.416,Comportamento esperado
261,226553,Eliane Braz,PSD,CE,Viagens,Passagem Aérea - Sigepa,,,,,0,7,9609.13,190828.457826,170630.5409255439,-1.0621,Comportamento esperado
336,74374,Geraldo Resende,UNIÃO,MS,Publicidade,Divulgação Da Atividade Parlamentar.,0,Sem indício cadastral crítico,FOUND,ATIVA,31,189,952469.28,244824.753226,352025.1744174792,2.0102,Possível anomalia financeira
321,141427,Fábio Ramalho,MDB,MG,Combustível,Combustíveis E Lubrificantes.,0,Sem indício cadastral crítico,FOUND,ATIVA,57,119,36382.82,65306.104375,92314.0005265802,-0.3133,Comportamento esperado
184,204511,David Soares,UNIÃO,SP,Alimentação,Fornecimento De Alimentação Do Parlamentar,0,Sem indício cadastral crítico,FOUND,ATIVA,43,53,3583.31,3366.001170,5609.697337170304,0.0387,Comportamento esperado
621,204479,Nicoletti,PL,RR,Viagens,Passagem Aérea - Sigepa,,,,,0,129,132444.82,163783.293125,88161.1731168696,-0.3555,Comportamento esperado
880,204517,Zé Vitor,PL,MG,Viagens,Passagem Aérea - Sigepa,,,,,0,130,163986.29,195216.599630,167832.49260588933,-0.1861,Comportamento esperado
163,141411,Dagoberto Nogueira,PP,MS,Combustível,Combustíveis E Lubrificantes.,0,Sem indício cadastral crítico,FOUND,ATIVA,37,116,155146.96,73790.692609,89494.27774679432,0.9091,Comportamento esperado
60,73696,Angela Amin,PP,SC,Viagens,Passagem Aérea - Rpa,0,Sem indício cadastral crítico,FOUND,ATIVA,1,10,3179.20,12083.098000,25544.630338693623,-0.3486,Comportamento esperado
369,178964,Heitor Schuch,PSD,RS,Outros,"Serviço De Táxi, Pedágio E Estacionamento",0,Sem indício cadastral crítico,FOUND,ATIVA,31,395,31305.40,10192.084923,16137.89190584743,1.3083,Comportamento esperado
7,204560,Adolfo Viana,PSDB,BA,Outros,Manutenção De Escritório De Apoio À Atividade Parlamentar,0,Sem indício cadastral crítico,FOUND,ATIVA,6,54,81755.00,98257.521290,134321.8726415135,-0.1229,Comportamento esperado
102,143942,Caio Vianna,PSD,RJ,Alimentação,Fornecimento De Alimentação Do Parlamentar,0,Sem indício cadastral crítico,FOUND,ATIVA,30,52,5184.13,5314.154545,11413.915891543053,-0.0114,Comportamento esperado
33,204516,Alexis Fonteyne,NOVO,SP,Publicidade,Divulgação Da Atividade Parlamentar.,1,Situação cadastral não ativa: BAIXADA,FOUND,BAIXADA,1,3,31800.00,243741.226243,313657.1515008437,-0.6757,Fornecedor com CNPJ suspeito
281,178871,Evair Vieira De Melo,REPUBLICANOS,ES,Outros,"Serviço De Táxi, Pedágio E Estacionamento",0,Sem indício cadastral crítico,FOUND,ATIVA,1,181,7394.85,4193.280000,4516.28138620702,0.7089,Comportamento esperado
644,230762,Pastor Claudio Mariano,UNIÃO,PA,Locomoção,Locação Ou Fretamento De Veículos Automotores,0,Sem indício cadastral crítico,FOUND,ATIVA,2,15,122699.71,121907.551481,147158.0353457022,0.0054,Comportamento esperado
296,204477,Felício Laterça,PP,RJ,Alimentação,Fornecimento De Alimentação Do Parlamentar,0,Sem indício cadastral crítico,FOUND,ATIVA,10,20,1779.39,5314.154545,11413.915891543053,-0.3097,Comportamento esperado
29,220542,Alexandre Guimarães,MDB,TO,Viagens,Passagem Aérea - Rpa,0,Sem indício cadastral crítico,FOUND,ATIVA,1,7,11114.09,21219.852500,34392.862425376974,-0.2938,Comportamento esperado
602,81055,Márcio Jerry,PCDOB,MA,Combustível,Combustíveis E Lubrificantes.,1,Situação cadastral não ativa: SUSPENSA,FOUND,SUSPENSA,3,3,450.00,34895.172615,52384.05405357016,-0.6576,Fornecedor com CNPJ suspeito
279,204482,Euclydes Pettersen,PSC,MG,Viagens,Passagem Aérea - Sigepa,,,,,0,48,61942.34,195216.599630,167832.49260588933,-0.7941,Comportamento esperado
2,204521,Abou Anni,UNIÃO,SP,Outros,Serviços Postais,0,Sem indício cadastral crítico,FOUND,ATIVA,1,1,49.05,1015.584878,1403.5425598127083,-0.6886,Comportamento esperado
70,204414,Aroldo Martins,REPUBLICANOS,PR,Outros,Manutenção De Escritório De Apoio À Atividade Parlamentar,0,Documento não consultado por não ser CNPJ,NOT_APPLICABLE,,1,5,40000.00,86193.122500,116860.66498214444,-0.3953,Comportamento esperado
403,220567,Jeferson Rodrigues,PSDB,GO,Outros,Manutenção De Escritório De Apoio À Atividade Parlamentar,0,Sem indício cadastral crítico,FOUND,ATIVA,13,147,219041.66,100447.486545,162486.21407041358,0.7299,Comportamento esperado
614,204415,Nereu Crispim,PSD,RS,Publicidade,Divulgação Da Atividade Parlamentar.,0,Sem indício cadastral crítico,FOUND,ATIVA,14,25,125877.47,215724.063125,265101.600265673,-0.3389,Comportamento esperado
475,122195,Leonardo Gadelha,PSC,PB,Locomoção,Locação Ou Fretamento De Veículos Automotores,0,Sem indício cadastral crítico,FOUND,ATIVA,2,11,40513.38,197980.822174,165434.59936969794,-0.9518,Comportamento esperado
732,204362,Ricardo Guidi,PSD,SC,Hotéis,"Hospedagem ,exceto Do Parlamentar No Distrito Federal.",0,Sem indício cadastral crítico,FOUND,ATIVA,21,42,16251.05,36695.958649,43528.74004922331,-0.4697,Comportamento esperado
404,74273,Jefferson Campos,PL,SP,Outros,Manutenção De Escritório De Apoio À Atividade Parlamentar,0,Sem indício cadastral crítico,FOUND,ATIVA,18,352,703464.70,98538.487659,143509.98800071477,4.2152,Anomalia financeira extrema
717,220606,Reimont,PT,RJ,Outros,"Serviço De Táxi, Pedágio E Estacionamento",0,Sem indício cadastral crítico,FOUND,ATIVA,6,974,85568.86,8455.730411,14321.838989715481,5.3843,Anomalia financeira extrema
779,220631,Samuel Viana,UNIÃO,MG,Viagens,Passagem Aérea - Sigepa,,,,,0,282,273133.93,195216.599630,167832.49260588933,0.4643,Comportamento esperado
501,222429,Luis Carlos Gomes,REPUBLICANOS,RJ,Combustível,Combustíveis E Lubrificantes.,1,Situação cadastral não ativa: BAIXADA,FOUND,BAIXADA,2,2,409.99,44023.319398,62812.667137756165,-0.6943,Fornecedor com CNPJ suspeito
646,160642,Pastor Eurico,PSDB,PE,Alimentação,Fornecimento De Alimentação Do Parlamentar,1,Erro na consulta pública de CNPJ,ERROR,,1,35,4675.52,3487.092941,8073.709935566787,0.1472,Fornecedor com CNPJ suspeito
466,98057,Lafayette De Andrada,REPUBLICANOS,MG,Viagens,Passagem Aérea - Rpa,0,Sem indício cadastral crítico,FOUND,ATIVA,3,105,86719.99,40253.940526,63478.97879162227,0.732,Comportamento esperado
697,204390,Professor Alcides,PL,GO,Outros,Manutenção De Escritório De Apoio À Atividade Parlamentar,0,Sem indício cadastral crítico,FOUND,ATIVA,1,6,99975.20,100447.486545,162486.21407041358,-0.0029,Comportamento esperado
48,107970,Ana Paula Leão,PP,MG,Outros,Manutenção De Escritório De Apoio À Atividade Parlamentar,1,Situação cadastral não ativa: BAIXADA,FOUND,BAIXADA,2,14,12782.85,123562.947566,162703.54342443834,-0.6809,Fornecedor com CNPJ suspeito
522,141480,Lázaro Botelho,PP,TO,Locomoção,Locação Ou Fretamento De Veículos Automotores,0,Sem indício cadastral crítico,FOUND,ATIVA,3,17,83307.00,117209.676500,159137.4356385456,-0.213,Comportamento esperado
398,220670,Iza Arruda,MDB,PE,Outros,Manutenção De Escritório De Apoio À Atividade Parlamentar,0,Sem indício cadastral crítico,FOUND,ATIVA,2,27,16723.77,90785.734524,140277.34198893898,-0.528,Comportamento esperado
334,178966,Geovania De Sá,REPUBLICANOS,SC,Outros,Manutenção De Escritório De Apoio À Atividade Parlamentar,1,Situação cadastral não ativa: BAIXADA,FOUND,BAIXADA,3,19,5436.32,70964.571200,106769.4367602354,-0.6137,Fornecedor com CNPJ suspeito
79,220605,Bandeira De Mello,PV,RJ,Combustível,Combustíveis E Lubrificantes.,1,Situação cadastral não ativa: BAIXADA,FOUND,BAIXADA,1,1,431.46,44023.319398,62812.667137756165,-0.694,Fornecedor com CNPJ suspeito
12,136811,Afonso Hamm,PP,RS,Locomoção,Locação Ou Fretamento De Veículos Automotores,0,Sem indício cadastral crítico,FOUND,ATIVA,1,102,544263.00,182736.733051,177547.8783363845,2.0362,Possível anomalia financeira
292,72442,Felipe Carreras,PSB,PE,Locomoção,Locação Ou Fretamento De Veículos Automotores,0,Sem indício cadastral crítico,FOUND,ATIVA,6,63,265812.15,220869.240392,185976.71020526288,0.2417,Comportamento esperado
326,220708,Gabriel Nunes,PSD,BA,Combustível,Combustíveis E Lubrificantes.,1,Situação cadastral não ativa: BAIXADA,FOUND,BAIXADA,1,1,150.00,76280.976842,110667.4963849575,-0.6879,Fornecedor com CNPJ suspeito
106,220690,Capitão Alden,PL,BA,Hotéis,"Hospedagem ,exceto Do Parlamentar No Distrito Federal.",0,Sem indício cadastral crítico,FOUND,ATIVA,2,2,880.00,14559.116889,26542.375379101115,-0.5154,Comportamento esperado
278,160640,Eros Biondini,PL,MG,Alimentação,Fornecimento De Alimentação Do Parlamentar,0,Sem indício cadastral crítico,FOUND,ATIVA,4,4,371.60,3421.773553,6721.942950865462,-0.4538,Comportamento esperado
635,73692,Osmar Terra,PL,RS,Viagens,Passagem Aérea - Rpa,0,Sem indício cadastral crítico,FOUND,ATIVA,3,5,14190.45,23263.014545,27193.710295909314,-0.3336,Comportamento esperado
237,230088,Dra. Mayra Pinheiro,PL,CE,Publicidade,Divulgação Da Atividade Parlamentar.,1,Situação cadastral não ativa: BAIXADA,FOUND,BAIXADA,1,1,3000.00,263931.285395,366906.3702021798,-0.7112,Fornecedor com CNPJ suspeito
212,160599,Dimas Fabiano,PP,MG,Viagens,Passagem Aérea - Rpa,0,Sem indício cadastral crítico,FOUND,ATIVA,1,1,520.89,40253.940526,63478.97879162227,-0.6259,Comportamento esperado
847,204396,Vermelho,PL,PR,Combustível,Combustíveis E Lubrificantes.,1,Situação cadastral não ativa: BAIXADA,FOUND,BAIXADA,1,4,1044.91,57944.345500,82353.4495793919,-0.6909,Fornecedor com CNPJ suspeito
434,74366,João Campos,REPUBLICANOS,GO,Publicidade,Divulgação Da Atividade Parlamentar.,0,Sem indício cadastral crítico,FOUND,ATIVA,5,11,190640.00,294423.402917,352090.0693215526,-0.2948,Comportamento esperado
131,205476,Charles Fernandes,PSD,BA,Combustível,Combustíveis E Lubrificantes.,1,Situação cadastral não ativa: BAIXADA,FOUND,BAIXADA,1,2,757.18,76280.976842,110667.4963849575,-0.6824,Fornecedor com CNPJ suspeito
183,205548,David Miranda,PDT,RJ,Comunicação,Telefonia,0,Sem indício cadastral crítico,FOUND,ATIVA,1,1,356.01,11897.719661,18918.17939394703,-0.6101,Comportamento esperado
790,178933,Sergio Souza,MDB,PR,Viagens,Passagem Aérea - Sigepa,,,,,0,157,106250.00,173223.575536,125997.34942419773,-0.5315,Comportamento esperado
808,92776,Stefano Aguiar,PSD,MG,Publicidade,Divulgação Da Atividade Parlamentar.,0,Sem indício cadastral crítico,FOUND,ATIVA,5,51,311540.00,194891.353020,276881.75990132586,0.4213,Comportamento esperado
871,160592,Zeca Dirceu,PT,PR,Outros,"Serviço De Táxi, Pedágio E Estacionamento",0,Sem indício cadastral crítico,FOUND,ATIVA,2,989,26896.19,5713.999474,13397.131596894355,1.5811,Comportamento esperado
718,205865,Reinhold Stephanes,PL,PR,Comunicação,Telefonia,0,Sem indício cadastral crítico,FOUND,ATIVA,3,57,16371.36,10984.091277,13121.60062975809,0.4106,Comportamento esperado
443,220559,Julia Zanatta,PL,SC,Combustível,Combustíveis E Lubrificantes.,0,Sem indício cadastral crítico,FOUND,ATIVA,191,639,147052.78,63943.250339,85631.6159933909,0.9705,Comportamento esperado
450,204457,Juninho Do Pneu,PSDB,RJ,Comunicação,Telefonia,0,Sem indício cadastral crítico,FOUND,ATIVA,5,63,10518.92,11897.719661,18918.17939394703,-0.0729,Comportamento esperado
210,73768,Dilceu Sperafico,PP,PR,Combustível,Combustíveis E Lubrificantes.,0,Sem indício cadastral crítico,FOUND,ATIVA,59,682,168759.71,57944.345500,82353.4495793919,1.3456,Comportamento esperado
140,220665,Clarissa Tércio,PP,PE,Combustível,Combustíveis E Lubrificantes.,0,Sem indício cadastral crítico,FOUND,ATIVA,10,127,148000.11,53506.291935,82942.380015203,1.1393,Comportamento esperado
504,204410,Luisa Canziani,PSD,PR,Viagens,Passagem Aérea - Sigepa,,,,,0,94,114168.09,173223.575536,125997.34942419773,-0.4687,Comportamento esperado
439,141459,João Maia,PL,RN,Publicidade,Divulgação Da Atividade Parlamentar.,0,Sem indício cadastral crítico,FOUND,ATIVA,26,79,239177.43,246483.533462,299233.5953313259,-0.0244,Comportamento esperado
226,204518,Dr. Frederico,PATRIOTA,MG,Hotéis,"Hospedagem ,exceto Do Parlamentar No Distrito Federal.",0,Sem indício cadastral crítico,FOUND,ATIVA,10,17,4840.15,17018.453084,26330.369533202334,-0.4625,Comportamento esperado
24,160511,Alessandro Molon,PSB,RJ,Publicidade,Assinatura De Publicações,0,Sem indício cadastral crítico,FOUND,ATIVA,3,18,6382.23,4317.763846,4399.037924691675,0.4693,Comportamento esperado
90,204388,Bibo Nunes,PL,RS,Hotéis,"Hospedagem ,exceto Do Parlamentar No Distrito Federal.",0,Sem indício cadastral crítico,FOUND,ATIVA,37,101,35734.42,21826.986437,35658.661568585754,0.39,Comportamento esperado
834,178934,Toninho Wandscheer,PP,PR,Combustível,Combustíveis E Lubrificantes.,1,Situação cadastral não ativa: BAIXADA,FOUND,BAIXADA,1,4,1090.79,57944.345500,82353.4495793919,-0.6904,Fornecedor com CNPJ suspeito
51,220676,Andreia Siqueira,PSB,PA,Publicidade,Divulgação Da Atividade Parlamentar.,0,Sem indício cadastral crítico,FOUND,ATIVA,8,69,983774.49,319971.475333,323849.5425991789,2.0497,Possível anomalia financeira
399,220527,Jack Rocha,PT,ES,Publicidade,Divulgação Da Atividade Parlamentar.,0,Sem indício cadastral crítico,FOUND,ATIVA,17,53,629983.65,254942.876552,301625.34822291706,1.2434,Comportamento esperado
474,80815,Leo Prates,REPUBLICANOS,BA,Locomoção,Locação Ou Fretamento De Veículos Automotores,0,Sem indício cadastral crítico,FOUND,ATIVA,2,46,409700.00,292409.611930,213979.496522466,0.5481,Comportamento esperado
736,213274,Ricardo Silva,PSD,SP,Publicidade,Divulgação Da Atividade Parlamentar.,0,Sem indício cadastral crítico,FOUND,ATIVA,3,20,196099.22,243741.226243,313657.1515008437,-0.1519,Comportamento esperado
22,204413,Alcides Rodrigues,PATRIOTA,GO,Serviços profissionais,"Consultorias, Pesquisas E Trabalhos Técnicos.",1,Situação cadastral não ativa: BAIXADA,FOUND,BAIXADA,1,12,193400.00,99247.891538,60067.72576039702,1.5674,Fornecedor com CNPJ suspeito
512,229432,Luiz Fernando Vampiro,MDB,SC,Alimentação,Fornecimento De Alimentação Do Parlamentar,0,Sem indício cadastral crítico,FOUND,ATIVA,116,237,17927.58,5345.501750,9873.801589562949,1.2743,Comportamento esperado
582,220591,Meire Serafim,UNIÃO,AC,Publicidade,Divulgação Da Atividade Parlamentar.,0,Sem indício cadastral crítico,FOUND,ATIVA,13,72,967675.70,295132.464706,394989.3569390969,1.7027,Comportamento esperado
65,220675,Antônio Doido,MDB,PA,Publicidade,Divulgação Da Atividade Parlamentar.,1,Situação cadastral não ativa: BAIXADA,FOUND,BAIXADA,1,1,6509.27,319971.475333,323849.5425991789,-0.9679,Fornecedor com CNPJ suspeito
224,220610,Dr. Fernando Máximo,PL,RO,Outros,"Passagens Terrestres, Marítimas Ou Fluviais",0,Sem indício cadastral crítico,FOUND,ATIVA,2,7,1597.17,1587.393333,2447.2122798455116,0.004,Comportamento esperado
393,98615,Ismael,PL,SC,Outros,"Serviço De Táxi, Pedágio E Estacionamento",0,Sem indício cadastral crítico,FOUND,ATIVA,3,23,675.74,2658.067742,3431.982973130558,-0.5776,Comportamento esperado
421,209189,Joseildo Ramos,PT,BA,Outros,"Serviço De Táxi, Pedágio E Estacionamento",0,Sem indício cadastral crítico,FOUND,ATIVA,4,39,22865.51,7947.726552,12451.86965129915,1.198,Comportamento esperado
780,204416,Sanderson,PL,RS,Outros,"Passagens Terrestres, Marítimas Ou Fluviais",0,Sem indício cadastral crítico,FOUND,ATIVA,5,28,7856.52,4236.036552,8253.072405382596,0.4387,Comportamento esperado
508,73778,Luiz Carlos Hauly,PODE,PR,Outros,"Passagens Terrestres, Marítimas Ou Fluviais",0,Sem indício cadastral crítico,FOUND,ATIVA,3,5,1040.31,1895.154815,2124.8795888027494,-0.4023,Comportamento esperado
598,179001,Márcio Biolchi,MDB,RS,Combustível,Combustíveis E Lubrificantes.,1,Situação cadastral não ativa: INAPTA,FOUND,INAPTA,1,1,90.00,60520.148547,97388.05968907535,-0.6205,Fornecedor com CNPJ suspeito
726,235088,Ribeiro Neto,SOLIDARIEDADE,MA,Publicidade,Divulgação Da Atividade Parlamentar.,0,Sem indício cadastral crítico,FOUND,ATIVA,11,18,85150.00,299945.123175,386285.4495039867,-0.5561,Comportamento esperado
374,220672,Henderson Pinto,UNIÃO,PA,Locomoção,Locação Ou Fretamento De Veículos Automotores,0,Sem indício cadastral crítico,FOUND,ATIVA,2,34,286379.77,121907.551481,147158.0353457022,1.1177,Comportamento esperado
771,73466,Rubens Bueno,CIDADANIA,PR,Alimentação,Fornecimento De Alimentação Do Parlamentar,0,Sem indício cadastral crítico,FOUND,ATIVA,34,89,6461.29,4173.948542,8441.04850518495,0.271,Comportamento esperado
682,204395,Pedro Lupion,REPUBLICANOS,PR,Outros,Manutenção De Escritório De Apoio À Atividade Parlamentar,0,Documento não consultado por não ser CNPJ,NOT_APPLICABLE,,1,15,70500.00,86193.122500,116860.66498214444,-0.1343,Comportamento esperado
244,178994,Dulce Miranda,MDB,TO,Comunicação,Telefonia,0,Sem indício cadastral crítico,FOUND,ATIVA,1,24,4017.50,6929.241333,13569.93291877454,-0.2146,Comportamento esperado
592,178895,Misael Varella,PSD,MG,Publicidade,Divulgação Da Atividade Parlamentar.,0,Sem indício cadastral crítico,FOUND,ATIVA,5,236,916937.35,194891.353020,276881.75990132586,2.6078,Possível anomalia financeira
1,220593,Abilio Brunini,PL,MT,Combustível,Combustíveis E Lubrificantes.,1,Situação cadastral não ativa: SUSPENSA,FOUND,SUSPENSA,1,93,15163.00,34330.305532,57340.29977264771,-0.3343,Fornecedor com CNPJ suspeito
809,177282,Subtenente Gonzaga,PSD,MG,Combustível,Combustíveis E Lubrificantes.,0,Sem indício cadastral crítico,FOUND,ATIVA,136,203,47539.64,65306.104375,92314.0005265802,-0.1925,Comportamento esperado
338,204394,Gervásio Maia,PCDOB,PB,Publicidade,Divulgação Da Atividade Parlamentar.,0,Sem indício cadastral crítico,FOUND,ATIVA,20,395,447030.74,324815.111538,407718.48875224456,0.2998,Comportamento esperado
786,220713,Saullo Vianna,MDB,AM,Viagens,Passagem Aérea - Sigepa,,,,,0,232,258524.78,248402.612308,165221.2328718048,0.0613,Comportamento esperado
659,204538,Paulo Bengtson,PTB,PA,Publicidade,Divulgação Da Atividade Parlamentar.,0,Sem indício cadastral crítico,FOUND,ATIVA,2,9,130390.00,319971.475333,323849.5425991789,-0.5854,Comportamento esperado
236,220674,Dra. Alessandra Haber,PODE,PA,Viagens,Passagem Aérea - Sigepa,,,,,0,287,360460.47,266111.307931,195578.09309190325,0.4824,Comportamento esperado
873,220552,Zucco,PL,RS,Hotéis,"Hospedagem ,exceto Do Parlamentar No Distrito Federal.",0,Sem indício cadastral crítico,FOUND,ATIVA,17,24,7646.96,21826.986437,35658.661568585754,-0.3977,Comportamento esperado
85,220698,Beto Preto,PSD,PR,Outros,"Serviço De Táxi, Pedágio E Estacionamento",0,Sem indício cadastral crítico,FOUND,ATIVA,6,28,1327.04,5713.999474,13397.131596894355,-0.3275,Comportamento esperado
321,141427,Fábio Ramalho,MDB,MG,Hotéis,"Hospedagem ,exceto Do Parlamentar No Distrito Federal.",0,Sem indício cadastral crítico,FOUND,ATIVA,2,5,1119.00,17018.453084,26330.369533202334,-0.6038,Comportamento esperado
314,204494,Fred Costa,PRD,MG,Locomoção,Locação Ou Fretamento De Veículos Automotores,0,Sem indício cadastral crítico,FOUND,ATIVA,1,63,322708.58,199358.988889,190617.58878325575,0.6471,Comportamento esperado
694,226075,Priscila Costa,PL,CE,Combustível,Combustíveis E Lubrificantes.,0,Sem indício cadastral crítico,FOUND,ATIVA,10,16,3139.62,41977.960833,76764.60304100714,-0.5059,Comportamento esperado
538,76874,Marcelo Freixo,PSB,RJ,Publicidade,Divulgação Da Atividade Parlamentar.,1,Situação cadastral não ativa: BAIXADA,FOUND,BAIXADA,2,3,15601.30,226781.355120,259582.44863584734,-0.8135,Fornecedor com CNPJ suspeito
293,204398,Felipe Francischini,UNIÃO,PR,Locomoção,Locação Ou Fretamento De Veículos Automotores,1,Situação cadastral não ativa: BAIXADA,FOUND,BAIXADA,1,1,2035.66,113439.957419,130977.93601797776,-0.8506,Fornecedor com CNPJ suspeito
259,204364,Eli Borges,PL,TO,Outros,Manutenção De Escritório De Apoio À Atividade Parlamentar,0,Sem indício cadastral crítico,FOUND,ATIVA,7,42,27479.25,60332.404118,100110.53801139936,-0.3282,Comportamento esperado
367,204465,Haroldo Cathedral,PSD,RR,Publicidade,Divulgação Da Atividade Parlamentar.,1,Situação cadastral não ativa: BAIXADA,FOUND,BAIXADA,1,3,13500.00,302008.159333,364968.0243701814,-0.7905,Fornecedor com CNPJ suspeito
42,178881,Aluisio Mendes,REPUBLICANOS,MA,Locomoção,Locação Ou Fretamento De Veículos Automotores,0,Sem indício cadastral crítico,FOUND,ATIVA,6,52,402068.94,122090.952683,112418.39663710551,2.4905,Possível anomalia financeira
572,220661,Matheus Noronha,PL,CE,Comunicação,Telefonia,0,Sem indício cadastral crítico,FOUND,ATIVA,1,2,397.32,11707.711071,16858.211643996754,-0.6709,Comportamento esperado
512,229432,Luiz Fernando Vampiro,MDB,SC,Outros,Manutenção De Escritório De Apoio À Atividade Parlamentar,0,Sem indício cadastral crítico,FOUND,ATIVA,2,5,1841.60,70964.571200,106769.4367602354,-0.6474,Comportamento esperado
279,204482,Euclydes Pettersen,REPUBLICANOS,MG,Hotéis,"Hospedagem ,exceto Do Parlamentar No Distrito Federal.",0,Sem indício cadastral crítico,FOUND,ATIVA,4,5,1088.46,17018.453084,26330.369533202334,-0.605,Comportamento esperado
466,98057,Lafayette De Andrada,REPUBLICANOS,MG,Locomoção,Locação Ou Fretamento De Veículos Automotores,0,Sem indício cadastral crítico,FOUND,ATIVA,3,26,96781.86,199358.988889,190617.58878325575,-0.5381,Comportamento esperado
227,212625,Dr. Gonçalo,PODE,MA,Viagens,Passagem Aérea - Sigepa,,,,,0,2,1137.17,132207.227045,122458.5508602934,-1.0703,Comportamento esperado
86,220683,Beto Richa,PSDB,PR,Viagens,Passagem Aérea - Reembolso,0,Sem indício cadastral crítico,FOUND,ATIVA,2,5,7524.10,17801.644063,39455.64199846602,-0.2605,Comportamento esperado
63,220638,Antonio Carlos Rodrigues,PL,SP,Outros,Serviços Postais,0,Sem indício cadastral crítico,FOUND,ATIVA,3,14,4398.60,1015.584878,1403.5425598127083,2.4103,Possível anomalia financeira
250,204541,Eduardo Bismarck,PDT,CE,Publicidade,Divulgação Da Atividade Parlamentar.,0,Sem indício cadastral crítico,FOUND,ATIVA,3,10,90925.00,263931.285395,366906.3702021798,-0.4715,Comportamento esperado
852,141555,Vinicius Carvalho,REPUBLICANOS,SP,Outros,Manutenção De Escritório De Apoio À Atividade Parlamentar,1,Situação cadastral não ativa: INAPTA,FOUND,INAPTA,1,8,4950.00,98538.487659,143509.98800071477,-0.6521,Fornecedor com CNPJ suspeito
390,204508,Igor Timo,PODE,MG,Outros,"Passagens Terrestres, Marítimas Ou Fluviais",0,Sem indício cadastral crítico,FOUND,ATIVA,2,3,437.97,3858.240000,6358.142634643256,-0.5379,Comportamento esperado
710,220626,Rafael Simoes,UNIÃO,MG,Outros,Manutenção De Escritório De Apoio À Atividade Parlamentar,0,Sem indício cadastral crítico,FOUND,ATIVA,15,340,139634.63,123562.947566,162703.54342443834,0.0988,Comportamento esperado
250,204541,Eduardo Bismarck,PV,CE,Publicidade,Divulgação Da Atividade Parlamentar.,0,Sem indício cadastral crítico,FOUND,ATIVA,5,22,244592.18,263931.285395,366906.3702021798,-0.0527,Comportamento esperado
732,204362,Ricardo Guidi,PL,SC,Hotéis,"Hospedagem ,exceto Do Parlamentar No Distrito Federal.",0,Sem indício cadastral crítico,FOUND,ATIVA,44,114,57700.32,36695.958649,43528.74004922331,0.4825,Comportamento esperado
646,160642,Pastor Eurico,PSDB,PE,Alimentação,Fornecimento De Alimentação Do Parlamentar,0,Sem indício cadastral crítico,FOUND,ATIVA,196,563,46933.31,3487.092941,8073.709935566787,5.3812,Anomalia financeira extrema
75,160512,Aureo Ribeiro,SOLIDARIEDADE,RJ,Publicidade,Divulgação Da Atividade Parlamentar.,0,Sem indício cadastral crítico,FOUND,ATIVA,7,77,804726.61,226781.355120,259582.44863584734,2.2264,Possível anomalia financeira
125,220699,Castro Neto,MDB,PI,Locomoção,Locação Ou Fretamento De Veículos Automotores,0,Sem indício cadastral crítico,FOUND,ATIVA,3,44,447378.80,264114.661053,215307.58327079436,0.8512,Comportamento esperado
524,204547,Léo Motta,REPUBLICANOS,MG,Publicidade,Divulgação Da Atividade Parlamentar.,0,Sem indício cadastral crítico,FOUND,ATIVA,4,9,167600.00,194891.353020,276881.75990132586,-0.0986,Comportamento esperado
131,205476,Charles Fernandes,PSD,BA,Publicidade,Divulgação Da Atividade Parlamentar.,0,Sem indício cadastral crítico,FOUND,ATIVA,3,95,1025335.00,317318.910361,328157.1355142384,2.1576,Possível anomalia financeira
91,141513,Bilac Pinto,UNIÃO,MG,Outros,Manutenção De Escritório De Apoio À Atividade Parlamentar,0,Sem indício cadastral crítico,FOUND,ATIVA,3,25,63893.80,123562.947566,162703.54342443834,-0.3667,Comportamento esperado
757,160651,Rogério Peninha Mendonça,MDB,SC,Viagens,Passagem Aérea - Sigepa,,,,,0,149,136810.37,213397.721034,170101.01243018164,-0.4502,Comportamento esperado
35,220576,Alfredo Gaspar,PL,AL,Viagens,Passagem Aérea - Sigepa,,,,,0,136,161321.95,198077.580000,173709.55138656954,-0.2116,Comportamento esperado
629,74159,Odair Cunha,PT,MG,Alimentação,Fornecimento De Alimentação Do Parlamentar,0,Sem indício cadastral crítico,FOUND,ATIVA,12,12,631.02,3421.773553,6721.942950865462,-0.4152,Comportamento esperado
770,214477,Rrenato Queiroz,PSD,RR,Combustível,Combustíveis E Lubrificantes.,0,Sem indício cadastral crítico,FOUND,ATIVA,9,21,4320.76,70971.916364,102686.34049821323,-0.6491,Comportamento esperado
580,75431,Maurício Dziedricki,PODE,RS,Publicidade,Assinatura De Publicações,0,Sem indício cadastral crítico,FOUND,ATIVA,1,5,117.50,4387.790000,5356.19612339018,-0.7973,Comportamento esperado
48,107970,Ana Paula Leão,PP,MG,Outros,Serviço De Segurança Prestado Por Empresa Especializada.,0,Sem indício cadastral crítico,FOUND,ATIVA,1,30,6510.00,6910.803333,5568.322882362166,-0.072,Comportamento esperado
316,204393,Frei Anastacio Ribeiro,PT,PB,Hotéis,"Hospedagem ,exceto Do Parlamentar No Distrito Federal.",0,Sem indício cadastral crítico,FOUND,ATIVA,6,29,10150.00,9643.162222,20671.000404330745,0.0245,Comportamento esperado
240,227800,Duarte Gonçalves Jr,REPUBLICANOS,MG,Publicidade,Divulgação Da Atividade Parlamentar.,0,Sem indício cadastral crítico,FOUND,ATIVA,3,5,13500.00,194891.353020,276881.75990132586,-0.6551,Comportamento esperado
95,204551,Bosco Saraiva,SOLIDARIEDADE,AM,Outros,Manutenção De Escritório De Apoio À Atividade Parlamentar,0,Documento não consultado por não ser CNPJ,NOT_APPLICABLE,,1,13,58500.00,35177.838000,53399.12696043168,0.4368,Comportamento esperado
709,220532,Rafael Prudente,MDB,DF,Locomoção,Locação Ou Fretamento De Veículos Automotores,0,Sem indício cadastral crítico,FOUND,ATIVA,1,38,203300.00,118149.428125,89877.33858167462,0.9474,Comportamento esperado
667,74574,Paulo Magalhães,PSD,BA,Combustível,Combustíveis E Lubrificantes.,1,Situação cadastral não ativa: BAIXADA,FOUND,BAIXADA,1,1,100.03,76280.976842,110667.4963849575,-0.6884,Fornecedor com CNPJ suspeito
734,220694,Ricardo Maia,MDB,BA,Comunicação,Telefonia,0,Sem indício cadastral crítico,FOUND,ATIVA,1,9,974.48,23153.030698,23468.568952979214,-0.945,Comportamento esperado
424,204563,Josimar Maranhãozinho,PL,MA,Outros,Manutenção De Escritório De Apoio À Atividade Parlamentar,0,Sem indício cadastral crítico,FOUND,ATIVA,1,8,8090.90,64195.130784,109861.24089764054,-0.5107,Comportamento esperado
295,227370,Felipe Saliba,PRD,MG,Viagens,Passagem Aérea - Reembolso,0,Sem indício cadastral crítico,FOUND,ATIVA,1,1,2215.41,7020.191961,10297.188894597206,-0.4666,Comportamento esperado
237,230088,Dra. Mayra Pinheiro,PL,CE,Viagens,Passagem Aérea - Sigepa,,,,,0,22,30268.59,190828.457826,170630.5409255439,-0.941,Comportamento esperado
880,204517,Zé Vitor,PL,MG,Serviços profissionais,"Consultorias, Pesquisas E Trabalhos Técnicos.",1,Situação cadastral não ativa: BAIXADA,FOUND,BAIXADA,1,3,58000.00,50370.301935,57079.85828457048,0.1337,Fornecedor com CNPJ suspeito
288,74065,Fatima Pelaes,REPUBLICANOS,AP,Viagens,Passagem Aérea - Reembolso,0,Sem indício cadastral crítico,FOUND,ATIVA,2,4,14227.40,8586.811250,7146.613846186054,0.7893,Comportamento esperado
626,194260,Nivaldo Albuquerque,REPUBLICANOS,AL,Viagens,Passagem Aérea - Rpa,0,Sem indício cadastral crítico,FOUND,ATIVA,1,12,19956.79,21225.077273,32156.183325062724,-0.0394,Comportamento esperado
567,204403,Marlon Santos,PL,RS,Publicidade,Divulgação Da Atividade Parlamentar.,1,Situação cadastral não ativa: BAIXADA,FOUND,BAIXADA,2,4,17720.00,215724.063125,265101.600265673,-0.7469,Fornecedor com CNPJ suspeito
268,221149,Elói Pietá,PT,SP,Publicidade,Divulgação Da Atividade Parlamentar.,0,Sem indício cadastral crítico,FOUND,ATIVA,2,2,14850.00,243741.226243,313657.1515008437,-0.7297,Comportamento esperado
663,204461,Paulo Ganime,NOVO,RJ,Outros,"Serviço De Táxi, Pedágio E Estacionamento",0,Sem indício cadastral crítico,FOUND,ATIVA,7,17,382.24,8455.730411,14321.838989715481,-0.5637,Comportamento esperado
531,204471,Mara Rocha,MDB,AC,Serviços profissionais,"Consultorias, Pesquisas E Trabalhos Técnicos.",0,Sem indício cadastral crítico,FOUND,ATIVA,2,2,16983.30,77762.496250,58254.79744380198,-1.0433,Comportamento esperado
359,204531,Guilherme Derrite,PL,SP,Locomoção,Locação Ou Fretamento De Veículos Automotores,0,Sem indício cadastral crítico,FOUND,ATIVA,3,11,12446.16,147254.510948,139673.23431152088,-0.9652,Comportamento esperado
862,160518,Weliton Prado,SOLIDARIEDADE,MG,Outros,"Serviço De Táxi, Pedágio E Estacionamento",0,Sem indício cadastral crítico,FOUND,ATIVA,8,30,2402.71,5572.245385,10370.293242628488,-0.3056,Comportamento esperado
638,204441,Otoni De Paula,MDB,RJ,Viagens,Passagem Aérea - Sigepa,,,,,0,117,164848.23,213577.740357,175550.75566941444,-0.2776,Comportamento esperado
399,220527,Jack Rocha,PT,ES,Hotéis,"Hospedagem ,exceto Do Parlamentar No Distrito Federal.",0,Sem indício cadastral crítico,FOUND,ATIVA,19,41,33507.73,14136.593684,23816.6886480095,0.8133,Comportamento esperado
808,92776,Stefano Aguiar,PSD,MG,Outros,Manutenção De Escritório De Apoio À Atividade Parlamentar,0,Sem indício cadastral crítico,FOUND,ATIVA,8,200,752063.91,123562.947566,162703.54342443834,3.8629,Anomalia financeira extrema
882,74459,Átila Lira,PP,PI,Publicidade,Divulgação Da Atividade Parlamentar.,0,Sem indício cadastral crítico,FOUND,ATIVA,1,9,35100.00,255170.175556,326071.87108703476,-0.6749,Comportamento esperado
636,204422,Ossesio Silva,REPUBLICANOS,PE,Outros,Manutenção De Escritório De Apoio À Atividade Parlamentar,0,Sem indício cadastral crítico,FOUND,ATIVA,14,256,209802.99,90785.734524,140277.34198893898,0.8484,Comportamento esperado
505,204448,Luiz Antonio Corrêa,PP,RJ,Alimentação,Fornecimento De Alimentação Do Parlamentar,0,Sem indício cadastral crítico,FOUND,ATIVA,32,79,10099.62,5314.154545,11413.915891543053,0.4193,Comportamento esperado
531,204471,Mara Rocha,MDB,AC,Outros,Manutenção De Escritório De Apoio À Atividade Parlamentar,0,Sem indício cadastral crítico,FOUND,ATIVA,3,13,27304.44,29735.132000,50394.769544197494,-0.0482,Comportamento esperado
890,,,,NA,Alimentação,Fornecimento De Alimentação Do Parlamentar,0,Sem indício cadastral crítico,FOUND,ATIVA,2,128,252748.99,76824.316875,122514.48277202321,1.436,Comportamento esperado
193,220649,Delegado Da Cunha,UNIÃO,SP,Combustível,Combustíveis E Lubrificantes.,0,Sem indício cadastral crítico,FOUND,ATIVA,12,72,23262.86,42192.750821,64034.19773844777,-0.2956,Comportamento esperado
664,204492,Paulo Guedes,PT,MG,Outros,Manutenção De Escritório De Apoio À Atividade Parlamentar,0,Documento não consultado por não ser CNPJ,NOT_APPLICABLE,,1,13,71500.00,123562.947566,162703.54342443834,-0.32,Comportamento esperado
423,74141,Josias Gomes,PT,BA,Outros,Manutenção De Escritório De Apoio À Atividade Parlamentar,1,Situação cadastral não ativa: BAIXADA,FOUND,BAIXADA,1,1,207.25,98257.521290,134321.8726415135,-0.73,Fornecedor com CNPJ suspeito
623,74352,Nilson Pinto,PSDB,PA,Outros,Manutenção De Escritório De Apoio À Atividade Parlamentar,0,Sem indício cadastral crítico,FOUND,ATIVA,6,44,99749.26,42888.542571,70113.4772677672,0.811,Comportamento esperado
87,178948,Beto Rosado,PP,RN,Comunicação,Telefonia,0,Sem indício cadastral crítico,FOUND,ATIVA,1,8,1768.32,11248.557143,12531.88934725156,-0.7565,Comportamento esperado
379,73772,Hermes Parcianello,MDB,PR,Locomoção,Locação Ou Fretamento De Veículos Automotores,1,Situação cadastral não ativa: BAIXADA,FOUND,BAIXADA,2,2,6940.99,113439.957419,130977.93601797776,-0.8131,Fornecedor com CNPJ suspeito
419,218245,Jorielson,PL,AP,Outros,Manutenção De Escritório De Apoio À Atividade Parlamentar,0,Sem indício cadastral crítico,FOUND,ATIVA,1,1,53.80,30123.933200,30290.240248736845,-0.9927,Comportamento esperado
171,220582,Daniel Barbosa,PP,AL,Publicidade,Divulgação Da Atividade Parlamentar.,0,Sem indício cadastral crítico,FOUND,ATIVA,5,33,1048094.30,358459.172381,402499.84210100886,1.7134,Comportamento esperado
846,204505,Vavá Martins,REPUBLICANOS,PA,Viagens,Passagem Aérea - Reembolso,0,Sem indício cadastral crítico,FOUND,ATIVA,1,1,2614.92,8897.662500,8393.75284614814,-0.7485,Comportamento esperado
591,154178,Milton Vieira,REPUBLICANOS,SP,Publicidade,Divulgação Da Atividade Parlamentar.,0,Sem indício cadastral crítico,FOUND,ATIVA,4,5,79320.00,243741.226243,313657.1515008437,-0.5242,Comportamento esperado
316,204393,Frei Anastacio Ribeiro,PT,PB,Comunicação,Telefonia,0,Sem indício cadastral crítico,FOUND,ATIVA,1,10,1948.77,7288.602667,11193.533001502294,-0.477,Comportamento esperado
94,74052,Bosco Costa,PL,SE,Viagens,Passagem Aérea - Reembolso,0,Sem indício cadastral crítico,FOUND,ATIVA,1,1,2630.73,9040.411000,11259.006637678962,-0.5693,Comportamento esperado
162,204355,Da Vitoria,PP,ES,Viagens,Passagem Aérea - Sigepa,,,,,0,481,470892.55,159760.155882,99464.81207952778,3.1281,Anomalia financeira extrema
184,204511,David Soares,PODE,SP,Comunicação,Telefonia,0,Sem indício cadastral crítico,FOUND,ATIVA,3,44,44824.26,19889.940211,25751.500071775903,0.9683,Comportamento esperado
864,224333,Welter,PT,PR,Alimentação,Fornecimento De Alimentação Do Parlamentar,0,Sem indício cadastral crítico,FOUND,ATIVA,127,241,15846.32,4173.948542,8441.04850518495,1.3828,Comportamento esperado
189,220561,Delegada Katarina,PSD,SE,Hotéis,"Hospedagem ,exceto Do Parlamentar No Distrito Federal.",0,Sem indício cadastral crítico,FOUND,ATIVA,18,51,64367.13,13543.401111,21569.307793305772,2.3563,Possível anomalia financeira
180,62881,Danilo Forte,UNIÃO,CE,Alimentação,Fornecimento De Alimentação Do Parlamentar,0,Sem indício cadastral crítico,FOUND,ATIVA,41,68,5123.64,4778.337742,9185.089924635726,0.0376,Comportamento esperado
675,90201,Pedro Augusto Bezerra,PDT,CE,Viagens,Passagem Aérea - Rpa,0,Sem indício cadastral crítico,FOUND,ATIVA,3,115,178539.00,32586.001200,51600.505956913454,2.8285,Possível anomalia financeira
49,220556,Ana Paula Lima,PT,SC,Hotéis,"Hospedagem ,exceto Do Parlamentar No Distrito Federal.",0,Sem indício cadastral crítico,FOUND,ATIVA,52,149,63494.57,36695.958649,43528.74004922331,0.6157,Comportamento esperado
777,178990,Samuel Moreira,PSDB,SP,Publicidade,Divulgação Da Atividade Parlamentar.,0,Sem indício cadastral crítico,FOUND,ATIVA,2,6,47791.61,243741.226243,313657.1515008437,-0.6247,Comportamento esperado
746,204530,Rodrigo Agostinho,PSB,SP,Viagens,Passagem Aérea - Rpa,0,Sem indício cadastral crítico,FOUND,ATIVA,2,18,29276.82,24943.515352,36157.13967829913,0.1198,Comportamento esperado
5,220714,Adail Filho,MDB,AM,Viagens,Passagem Aérea - Sigepa,,,,,0,86,116531.97,248402.612308,165221.2328718048,-0.7981,Comportamento esperado
132,204490,Charlles Evangelista,PP,MG,Combustível,Combustíveis E Lubrificantes.,0,Sem indício cadastral crítico,FOUND,ATIVA,39,91,46609.66,65306.104375,92314.0005265802,-0.2025,Comportamento esperado
269,198783,Emanuel Pinheiro Neto,PSD,MT,Publicidade,Divulgação Da Atividade Parlamentar.,0,Sem indício cadastral crítico,FOUND,ATIVA,20,100,574144.90,167205.955714,207800.9242977291,1.9583,Comportamento esperado
842,74376,Vander Loubet,PT,MS,Locomoção,Locação Ou Fretamento De Veículos Automotores,0,Sem indício cadastral crítico,FOUND,ATIVA,1,98,390500.00,208841.042857,176263.8077260953,1.0306,Comportamento esperado
636,204422,Ossesio Silva,REPUBLICANOS,PE,Outros,Manutenção De Escritório De Apoio À Atividade Parlamentar,0,Documento não consultado por não ser CNPJ,NOT_APPLICABLE,,1,30,120033.68,90785.734524,140277.34198893898,0.2085,Comportamento esperado
54,74471,André De Paula,PSD,PE,Outros,Serviços Postais,0,Sem indício cadastral crítico,FOUND,ATIVA,1,10,5034.90,1109.518571,1801.0661627901457,2.1795,Possível anomalia financeira
294,204371,Felipe Rigoni,UNIÃO,ES,Viagens,Passagem Aérea - Rpa,0,Sem indício cadastral crítico,FOUND,ATIVA,1,1,95.00,13452.752000,24537.48964332959,-0.5444,Comportamento esperado
715,74161,Reginaldo Lopes,PT,MG,Outros,Manutenção De Escritório De Apoio À Atividade Parlamentar,0,Sem indício cadastral crítico,FOUND,ATIVA,9,167,426056.34,123562.947566,162703.54342443834,1.8592,Comportamento esperado
783,204387,Sargento Fahur,PL,PR,Alimentação,Fornecimento De Alimentação Do Parlamentar,0,Sem indício cadastral crítico,FOUND,ATIVA,139,754,40878.39,4173.948542,8441.04850518495,4.3483,Anomalia financeira extrema
841,141552,Valtenir Pereira,MDB,MT,Viagens,Passagem Aérea - Sigepa,,,,,0,45,34112.89,116334.207895,92091.32039496631,-0.8928,Comportamento esperado
161,204488,Célio Studart,PSD,CE,Combustível,Combustíveis E Lubrificantes.,0,Sem indício cadastral crítico,FOUND,ATIVA,57,222,215378.73,41977.960833,76764.60304100714,2.2589,Possível anomalia financeira
323,160587,Fábio Trad,PSD,MS,Combustível,Combustíveis E Lubrificantes.,0,Sem indício cadastral crítico,FOUND,ATIVA,18,35,9818.96,73790.692609,89494.27774679432,-0.7148,Comportamento esperado
192,220673,Delegado Caveira,PL,PA,Publicidade,Divulgação Da Atividade Parlamentar.,0,Sem indício cadastral crítico,FOUND,ATIVA,5,51,439600.00,319971.475333,323849.5425991789,0.3694,Comportamento esperado
24,160511,Alessandro Molon,PSB,RJ,Viagens,Passagem Aérea - Sigepa,,,,,0,155,210225.00,213577.740357,175550.75566941444,-0.0191,Comportamento esperado
318,68720,Fábio Henrique,UNIÃO,SE,Viagens,Passagem Aérea - Rpa,0,Sem indício cadastral crítico,FOUND,ATIVA,3,49,49638.21,13988.180000,15171.00483116322,2.3499,Possível anomalia financeira
42,178881,Aluisio Mendes,REPUBLICANOS,MA,Outros,"Serviço De Táxi, Pedágio E Estacionamento",0,Sem indício cadastral crítico,FOUND,ATIVA,7,38,3629.66,3095.474615,4475.3830763031065,0.1194,Comportamento esperado
833,220684,Tião Medeiros,PP,PR,Comunicação,Telefonia,0,Sem indício cadastral crítico,FOUND,ATIVA,6,110,18305.88,10984.091277,13121.60062975809,0.558,Comportamento esperado
222,221339,Dr. Benjamim,UNIÃO,MA,Viagens,Passagem Aérea - Sigepa,,,,,0,104,134056.02,132207.227045,122458.5508602934,0.0151,Comportamento esperado
635,73692,Osmar Terra,MDB,RS,Alimentação,Fornecimento De Alimentação Do Parlamentar,1,Situação cadastral não ativa: BAIXADA,FOUND,BAIXADA,8,13,730.08,7368.085075,13657.337051272762,-0.486,Fornecedor com CNPJ suspeito
794,178961,Shéridan,PSDB,RR,Combustível,Combustíveis E Lubrificantes.,0,Sem indício cadastral crítico,FOUND,ATIVA,2,10,16363.74,70971.916364,102686.34049821323,-0.5318,Comportamento esperado
567,204403,Marlon Santos,PL,RS,Comunicação,Telefonia,0,Sem indício cadastral crítico,FOUND,ATIVA,1,9,1859.16,19321.830435,18898.364290143905,-0.924,Comportamento esperado
87,178948,Beto Rosado,PP,RN,Hotéis,"Hospedagem ,exceto Do Parlamentar No Distrito Federal.",0,Sem indício cadastral crítico,FOUND,ATIVA,5,20,7607.80,10401.272857,14188.915930464025,-0.1969,Comportamento esperado
17,178836,Alan Rick,UNIÃO,AC,Outros,Manutenção De Escritório De Apoio À Atividade Parlamentar,0,Documento não consultado por não ser CNPJ,NOT_APPLICABLE,,1,9,14676.67,29735.132000,50394.769544197494,-0.2988,Comportamento esperado
746,204530,Rodrigo Agostinho,PSB,SP,Publicidade,Divulgação Da Atividade Parlamentar.,1,Situação cadastral não ativa: INAPTA,FOUND,INAPTA,1,5,67500.00,243741.226243,313657.1515008437,-0.5619,Fornecedor com CNPJ suspeito
371,220537,Helena Lima,PSD,RR,Outros,"Serviço De Táxi, Pedágio E Estacionamento",0,Documento não consultado por não ser CNPJ,NOT_APPLICABLE,,1,3,1080.00,569.325714,496.7686626541957,1.028,Comportamento esperado
424,204563,Josimar Maranhãozinho,PL,MA,Serviços profissionais,"Consultorias, Pesquisas E Trabalhos Técnicos.",0,Sem indício cadastral crítico,FOUND,ATIVA,1,7,125000.00,73247.500000,60193.25778602398,0.8598,Comportamento esperado
218,204450,Doutor Luizinho,PP,RJ,Outros,Serviço De Segurança Prestado Por Empresa Especializada.,0,Sem indício cadastral crítico,FOUND,ATIVA,1,1,4000.00,20518.758000,20004.550993027562,-0.8258,Comportamento esperado
825,220560,Thiago De Joaldo,REPUBLICANOS,SE,Outros,Manutenção De Escritório De Apoio À Atividade Parlamentar,0,Documento não consultado por não ser CNPJ,NOT_APPLICABLE,,1,11,45450.00,43647.935652,66268.36061748704,0.0272,Comportamento esperado
188,220625,Delegada Ione,AVANTE,MG,Combustível,Combustíveis E Lubrificantes.,1,Situação cadastral não ativa: BAIXADA,FOUND,BAIXADA,2,2,416.64,65306.104375,92314.0005265802,-0.7029,Fornecedor com CNPJ suspeito
331,220611,General Pazuello,PL,RJ,Viagens,Passagem Aérea - Reembolso,0,Sem indício cadastral crítico,FOUND,ATIVA,1,5,8104.26,9840.865893,10669.362639943789,-0.1628,Comportamento esperado
57,133439,André Figueiredo,PDT,CE,Viagens,Passagem Aérea - Rpa,0,Sem indício cadastral crítico,FOUND,ATIVA,2,4,7553.21,32586.001200,51600.505956913454,-0.4851,Comportamento esperado
158,206018,Célia Xakriabá,PSOL,MG,Alimentação,Fornecimento De Alimentação Do Parlamentar,0,Sem indício cadastral crítico,FOUND,ATIVA,9,9,515.61,3421.773553,6721.942950865462,-0.4323,Comportamento esperado
199,220654,Delegado Paulo Bilynskyj,PL,SP,Combustível,Combustíveis E Lubrificantes.,0,Sem indício cadastral crítico,FOUND,ATIVA,145,659,158605.52,42192.750821,64034.19773844777,1.818,Comportamento esperado
356,198197,Greyce Elias,AVANTE,MG,Comunicação,Telefonia,0,Sem indício cadastral crítico,FOUND,ATIVA,4,50,10095.40,15607.667083,19082.29985422686,-0.2889,Comportamento esperado
139,178939,Clarissa Garotinho,UNIÃO,RJ,Viagens,Passagem Aérea - Sigepa,,,,,0,203,296173.86,213577.740357,175550.75566941444,0.4705,Comportamento esperado
521,220669,Lula Da Fonte,PP,PE,Publicidade,Divulgação Da Atividade Parlamentar.,0,Sem indício cadastral crítico,FOUND,ATIVA,43,619,664766.17,241972.708182,301628.5621101344,1.4017,Comportamento esperado
117,178993,Carlos Henrique Gaguim,UNIÃO,TO,Viagens,Passagem Aérea - Rpa,0,Sem indício cadastral crítico,FOUND,ATIVA,1,82,105425.35,21219.852500,34392.862425376974,2.4483,Possível anomalia financeira
356,198197,Greyce Elias,AVANTE,MG,Publicidade,Divulgação Da Atividade Parlamentar.,0,Sem indício cadastral crítico,FOUND,ATIVA,11,20,46343.43,194891.353020,276881.75990132586,-0.5365,Comportamento esperado
849,137070,Vicentinho Júnior,PSDB,TO,Combustível,Combustíveis E Lubrificantes.,0,Sem indício cadastral crítico,FOUND,ATIVA,6,18,5712.27,73777.441071,109277.9364585353,-0.6229,Comportamento esperado
30,160545,Alexandre Leite,UNIÃO,SP,Outros,Manutenção De Escritório De Apoio À Atividade Parlamentar,0,Sem indício cadastral crítico,FOUND,ATIVA,7,172,555969.93,98538.487659,143509.98800071477,3.1875,Anomalia financeira extrema
216,220573,Dorinaldo Malafaia,PDT,AP,Combustível,Combustíveis E Lubrificantes.,0,Sem indício cadastral crítico,FOUND,ATIVA,41,221,36464.47,24571.047667,39205.554475113444,0.3034,Comportamento esperado
277,160575,Erika Kokay,PT,DF,Combustível,Combustíveis E Lubrificantes.,0,Sem indício cadastral crítico,FOUND,ATIVA,94,371,94504.14,33372.670769,51515.7382887601,1.1867,Comportamento esperado
614,204415,Nereu Crispim,PSD,RS,Comunicação,Telefonia,1,Situação cadastral não ativa: BAIXADA,FOUND,BAIXADA,1,2,175.78,19321.830435,18898.364290143905,-1.0131,Fornecedor com CNPJ suspeito
204,204542,Denis Bezerra,PSB,CE,Viagens,Passagem Aérea - Sigepa,,,,,0,63,102396.89,190828.457826,170630.5409255439,-0.5183,Comportamento esperado
833,220684,Tião Medeiros,PP,PR,Outros,Manutenção De Escritório De Apoio À Atividade Parlamentar,1,Situação cadastral não ativa: BAIXADA,FOUND,BAIXADA,1,8,2168.50,86193.122500,116860.66498214444,-0.719,Fornecedor com CNPJ suspeito
466,98057,Lafayette De Andrada,REPUBLICANOS,MG,Outros,"Serviço De Táxi, Pedágio E Estacionamento",0,Sem indício cadastral crítico,FOUND,ATIVA,3,30,5676.00,5572.245385,10370.293242628488,0.01,Comportamento esperado
439,141459,João Maia,PP,RN,Locomoção,Locação Ou Fretamento De Veículos Automotores,0,Sem indício cadastral crítico,FOUND,ATIVA,1,38,452766.67,157542.546842,185025.17121572056,1.5956,Comportamento esperado
457,228797,Júlio Oliveira,PP,TO,Viagens,Passagem Aérea - Sigepa,,,,,0,18,23713.13,76378.544118,54414.42672468753,-0.9679,Comportamento esperado
212,160599,Dimas Fabiano,PP,MG,Outros,Manutenção De Escritório De Apoio À Atividade Parlamentar,1,Situação cadastral não ativa: INAPTA,FOUND,INAPTA,1,16,11040.00,123562.947566,162703.54342443834,-0.6916,Fornecedor com CNPJ suspeito
172,178916,Daniel Coelho,CIDADANIA,PE,Publicidade,Divulgação Da Atividade Parlamentar.,0,Sem indício cadastral crítico,FOUND,ATIVA,3,9,88140.78,241972.708182,301628.5621101344,-0.51,Comportamento esperado
426,141464,José Airton Félix Cirilo,PT,CE,Hotéis,"Hospedagem ,exceto Do Parlamentar No Distrito Federal.",0,Sem indício cadastral crítico,FOUND,ATIVA,14,27,27556.27,14861.399063,17345.750222182687,0.7319,Comportamento esperado
118,204460,Carlos Jordy,PL,RJ,Combustível,Combustíveis E Lubrificantes.,1,Situação cadastral não ativa: BAIXADA,FOUND,BAIXADA,2,9,3396.01,44023.319398,62812.667137756165,-0.6468,Fornecedor com CNPJ suspeito
288,74065,Fatima Pelaes,REPUBLICANOS,AP,Combustível,Combustíveis E Lubrificantes.,0,Sem indício cadastral crítico,FOUND,ATIVA,6,10,1774.85,24571.047667,39205.554475113444,-0.5815,Comportamento esperado
764,178945,Rosangela Gomes,REPUBLICANOS,RJ,Comunicação,Telefonia,0,Sem indício cadastral crítico,FOUND,ATIVA,1,20,2686.76,11897.719661,18918.17939394703,-0.4869,Comportamento esperado
770,214477,Rrenato Queiroz,PSD,RR,Publicidade,Divulgação Da Atividade Parlamentar.,0,Sem indício cadastral crítico,FOUND,ATIVA,3,11,133500.00,302008.159333,364968.0243701814,-0.4617,Comportamento esperado
559,220668,Maria Arraes,PSB,PE,Combustível,Combustíveis E Lubrificantes.,0,Sem indício cadastral crítico,FOUND,ATIVA,238,1028,246035.61,53506.291935,82942.380015203,2.3212,Possível anomalia financeira
606,74158,Mário Heringer,PDT,MG,Viagens,Passagem Aérea - Sigepa,,,,,0,274,414413.33,195216.599630,167832.49260588933,1.306,Comportamento esperado
711,204567,Raimundo Costa,PSD,BA,Outros,Manutenção De Escritório De Apoio À Atividade Parlamentar,0,Documento não consultado por não ser CNPJ,NOT_APPLICABLE,,1,29,73395.87,98257.521290,134321.8726415135,-0.1851,Comportamento esperado
657,220650,Paulo Alexandre Barbosa,PSDB,SP,Outros,Manutenção De Escritório De Apoio À Atividade Parlamentar,0,Sem indício cadastral crítico,FOUND,ATIVA,6,206,160279.53,98538.487659,143509.98800071477,0.4302,Comportamento esperado
904,,,,NA,Alimentação,Fornecimento De Alimentação Do Parlamentar,0,Sem indício cadastral crítico,FOUND,ATIVA,38,123,49511.76,76824.316875,122514.48277202321,-0.2229,Comportamento esperado
833,220684,Tião Medeiros,PP,PR,Combustível,Combustíveis E Lubrificantes.,0,Sem indício cadastral crítico,FOUND,ATIVA,45,230,71214.50,57944.345500,82353.4495793919,0.1611,Comportamento esperado
711,204567,Raimundo Costa,PSD,BA,Viagens,Passagem Aérea - Sigepa,,,,,0,115,118552.20,219376.223091,157819.4558803826,-0.6389,Comportamento esperado
804,104552,Socorro Neri,PP,AC,Viagens,Passagem Aérea - Sigepa,,,,,0,134,184289.41,131556.873333,92765.04055863072,0.5685,Comportamento esperado
180,62881,Danilo Forte,UNIÃO,CE,Viagens,Passagem Aérea - Rpa,0,Sem indício cadastral crítico,FOUND,ATIVA,2,83,143551.71,32586.001200,51600.505956913454,2.1505,Possível anomalia financeira
148,220595,Coronel Fernanda,PL,MT,Hotéis,"Hospedagem ,exceto Do Parlamentar No Distrito Federal.",0,Sem indício cadastral crítico,FOUND,ATIVA,42,135,50223.30,20380.542308,35609.06873470771,0.8381,Comportamento esperado
791,204438,Sergio Toledo,PV,AL,Outros,Manutenção De Escritório De Apoio À Atividade Parlamentar,0,Documento não consultado por não ser CNPJ,NOT_APPLICABLE,,1,12,58500.00,55960.761000,68535.24676411308,0.0371,Comportamento esperado
86,220683,Beto Richa,PSDB,PR,Publicidade,Assinatura De Publicações,0,Sem indício cadastral crítico,FOUND,ATIVA,1,3,900.00,799.995625,610.7018274408415,0.1638,Comportamento esperado
659,204538,Paulo Bengtson,PTB,PA,Viagens,Passagem Aérea - Sigepa,,,,,0,77,110724.14,266111.307931,195578.09309190325,-0.7945,Comportamento esperado
190,204451,Delegado Antônio Furtado,UNIÃO,RJ,Comunicação,Telefonia,0,Sem indício cadastral crítico,FOUND,ATIVA,1,11,2286.61,11897.719661,18918.17939394703,-0.508,Comportamento esperado
779,220631,Samuel Viana,UNIÃO,MG,Publicidade,Divulgação Da Atividade Parlamentar.,1,Erro na consulta pública de CNPJ,ERROR,,1,1,32.90,194891.353020,276881.75990132586,-0.7038,Fornecedor com CNPJ suspeito
206,220689,Detinha,PL,MA,Combustível,Combustíveis E Lubrificantes.,0,Sem indício cadastral crítico,FOUND,ATIVA,6,51,137536.49,34895.172615,52384.05405357016,1.9594,Comportamento esperado
698,204383,Professor Israel Batista,PSB,DF,Serviços profissionais,"Consultorias, Pesquisas E Trabalhos Técnicos.",0,Sem indício cadastral crítico,FOUND,ATIVA,4,24,74200.00,130756.100000,49792.87902531846,-1.1358,Comportamento esperado
685,160604,Pedro Uczai,PT,SC,Serviços profissionais,"Consultorias, Pesquisas E Trabalhos Técnicos.",0,Sem indício cadastral crítico,FOUND,ATIVA,3,8,90000.00,54951.871000,53748.576570772435,0.6521,Comportamento esperado
70,204414,Aroldo Martins,REPUBLICANOS,PR,Publicidade,Divulgação Da Atividade Parlamentar.,0,Sem indício cadastral crítico,FOUND,ATIVA,2,4,75550.00,263664.052022,329972.5348930845,-0.5701,Comportamento esperado
296,204477,Felício Laterça,PP,RJ,Outros,"Serviço De Táxi, Pedágio E Estacionamento",0,Sem indício cadastral crítico,FOUND,ATIVA,16,449,3357.40,8455.730411,14321.838989715481,-0.356,Comportamento esperado
149,220666,Coronel Meira,PL,PE,Combustível,Combustíveis E Lubrificantes.,0,Sem indício cadastral crítico,FOUND,ATIVA,144,554,128921.78,53506.291935,82942.380015203,0.9093,Comportamento esperado
79,220605,Bandeira De Mello,PV,RJ,Alimentação,Fornecimento De Alimentação Do Parlamentar,0,Sem indício cadastral crítico,FOUND,ATIVA,87,321,25454.60,5314.154545,11413.915891543053,1.7646,Comportamento esperado
452,204574,Junior Lourenço,MDB,MA,Viagens,Passagem Aérea - Sigepa,,,,,0,236,302309.04,132207.227045,122458.5508602934,1.3891,Comportamento esperado
756,204480,Rogério Correia,PT,MG,Hotéis,"Hospedagem ,exceto Do Parlamentar No Distrito Federal.",0,Sem indício cadastral crítico,FOUND,ATIVA,45,99,26821.89,17018.453084,26330.369533202334,0.3723,Comportamento esperado
115,204361,Carlos Chiodini,MDB,SC,Viagens,Passagem Aérea - Sigepa,,,,,0,457,535855.30,213397.721034,170101.01243018164,1.8957,Comportamento esperado
92,204561,Bira Do Pindaré,PSB,MA,Combustível,Combustíveis E Lubrificantes.,0,Sem indício cadastral crítico,FOUND,ATIVA,62,132,43574.88,34895.172615,52384.05405357016,0.1657,Comportamento esperado
190,204451,Delegado Antônio Furtado,UNIÃO,RJ,Publicidade,Divulgação Da Atividade Parlamentar.,0,Sem indício cadastral crítico,FOUND,ATIVA,11,42,144783.79,226781.355120,259582.44863584734,-0.3159,Comportamento esperado
691,204529,Policial Katia Sastre,PL,SP,Viagens,Passagem Aérea - Rpa,0,Sem indício cadastral crítico,FOUND,ATIVA,3,95,73249.78,24943.515352,36157.13967829913,1.336,Comportamento esperado
401,74848,Jandira Feghali,PCDOB,RJ,Publicidade,Divulgação Da Atividade Parlamentar.,0,Sem indício cadastral crítico,FOUND,ATIVA,5,94,473702.10,226781.355120,259582.44863584734,0.9512,Comportamento esperado
396,73531,Ivan Valente,PSOL,SP,Locomoção,Locação Ou Fretamento De Veículos Automotores,0,Sem indício cadastral crítico,FOUND,ATIVA,9,51,139355.73,147254.510948,139673.23431152088,-0.0566,Comportamento esperado
570,178843,Marx Beltrão,UNIÃO,AL,Viagens,Passagem Aérea - Rpa,0,Sem indício cadastral crítico,FOUND,ATIVA,2,76,84715.71,21225.077273,32156.183325062724,1.9744,Comportamento esperado
702,220580,Professora Goreth,PDT,AP,Publicidade,Divulgação Da Atividade Parlamentar.,0,Sem indício cadastral crítico,FOUND,ATIVA,6,98,939900.00,282209.245429,388109.6753004129,1.6946,Comportamento esperado
334,178966,Geovania De Sá,PSDB,SC,Outros,Manutenção De Escritório De Apoio À Atividade Parlamentar,1,Erro na consulta pública de CNPJ,ERROR,,1,11,887.46,70964.571200,106769.4367602354,-0.6563,Fornecedor com CNPJ suspeito
660,193726,Paulo Eduardo Martins,PL,PR,Viagens,Passagem Aérea - Sigepa,,,,,0,115,124460.38,173223.575536,125997.34942419773,-0.387,Comportamento esperado
856,178992,Vitor Lippi,PSD,SP,Publicidade,Divulgação Da Atividade Parlamentar.,1,Situação cadastral não ativa: BAIXADA,FOUND,BAIXADA,3,27,76181.18,243741.226243,313657.1515008437,-0.5342,Fornecedor com CNPJ suspeito
398,220670,Iza Arruda,MDB,PE,Publicidade,Divulgação Da Atividade Parlamentar.,0,Sem indício cadastral crítico,FOUND,ATIVA,9,45,586351.60,241972.708182,301628.5621101344,1.1417,Comportamento esperado
303,204411,Filipe Barros,PL,PR,Comunicação,Telefonia,0,Sem indício cadastral crítico,FOUND,ATIVA,4,60,27455.56,10984.091277,13121.60062975809,1.2553,Comportamento esperado
335,220702,Geraldo Mendes,UNIÃO,PR,Viagens,Passagem Aérea - Rpa,0,Sem indício cadastral crítico,FOUND,ATIVA,2,4,2579.85,26722.504474,58025.433845182,-0.4161,Comportamento esperado
476,74156,Leonardo Monteiro,PT,MG,Publicidade,Divulgação Da Atividade Parlamentar.,1,Situação cadastral não ativa: BAIXADA,FOUND,BAIXADA,2,4,39300.00,194891.353020,276881.75990132586,-0.5619,Fornecedor com CNPJ suspeito
187,220565,Delegada Adriana Accorsi,PT,GO,Hotéis,"Hospedagem ,exceto Do Parlamentar No Distrito Federal.",0,Sem indício cadastral crítico,FOUND,ATIVA,6,12,3301.46,7024.380500,8737.204954294128,-0.4261,Comportamento esperado
163,141411,Dagoberto Nogueira,PSDB,MS,Publicidade,Divulgação Da Atividade Parlamentar.,0,Sem indício cadastral crítico,FOUND,ATIVA,2,10,36400.00,244824.753226,352025.1744174792,-0.5921,Comportamento esperado
75,160512,Aureo Ribeiro,SOLIDARIEDADE,RJ,Outros,Manutenção De Escritório De Apoio À Atividade Parlamentar,0,Documento não consultado por não ser CNPJ,NOT_APPLICABLE,,1,36,64466.60,80988.593819,134414.71100556676,-0.1229,Comportamento esperado
257,74075,Elcione Barbalho,MDB,PA,Hotéis,"Hospedagem ,exceto Do Parlamentar No Distrito Federal.",0,Sem indício cadastral crítico,FOUND,ATIVA,1,1,3198.58,12723.705217,19811.362899516178,-0.4808,Comportamento esperado
276,220645,Erika Hilton,PSOL,SP,Locomoção,Locação Ou Fretamento De Veículos Automotores,0,Sem indício cadastral crítico,FOUND,ATIVA,6,41,105032.94,147254.510948,139673.23431152088,-0.3023,Comportamento esperado
878,160632,Zé Silva,UNIÃO,MG,Alimentação,Fornecimento De Alimentação Do Parlamentar,1,Situação cadastral não ativa: BAIXADA,FOUND,BAIXADA,3,4,199.60,3421.773553,6721.942950865462,-0.4794,Fornecedor com CNPJ suspeito
451,204520,Junio Amaral,PL,MG,Serviços profissionais,"Consultorias, Pesquisas E Trabalhos Técnicos.",0,Sem indício cadastral crítico,FOUND,ATIVA,2,7,59500.00,50370.301935,57079.85828457048,0.1599,Comportamento esperado
395,230764,Ivan Junior,UNIÃO,MA,Viagens,Passagem Aérea - Sigepa,,,,,0,6,11362.68,132207.227045,122458.5508602934,-0.9868,Comportamento esperado
411,204468,Joenia Wapichana,REDE,RR,Outros,Manutenção De Escritório De Apoio À Atividade Parlamentar,0,Documento não consultado por não ser CNPJ,NOT_APPLICABLE,,1,13,38800.00,80921.562903,170825.55022261123,-0.2466,Comportamento esperado
194,220583,Delegado Fabio Costa,PP,AL,Publicidade,Divulgação Da Atividade Parlamentar.,0,Sem indício cadastral crítico,FOUND,ATIVA,10,186,905237.99,358459.172381,402499.84210100886,1.3585,Comportamento esperado
200,220619,Delegado Ramagem,PL,RJ,Combustível,Combustíveis E Lubrificantes.,0,Sem indício cadastral crítico,FOUND,ATIVA,116,419,96453.29,44023.319398,62812.667137756165,0.8347,Comportamento esperado
26,204571,Alex Santana,REPUBLICANOS,BA,Combustível,Combustíveis E Lubrificantes.,0,Sem indício cadastral crítico,FOUND,ATIVA,197,433,123857.12,76280.976842,110667.4963849575,0.4299,Comportamento esperado
739,152610,Roberto Alves,REPUBLICANOS,SP,Outros,"Serviço De Táxi, Pedágio E Estacionamento",0,Sem indício cadastral crítico,FOUND,ATIVA,3,9,82.70,11967.060840,16796.655097373645,-0.7075,Comportamento esperado
574,220550,Mauricio Marcon,PL,RS,Combustível,Combustíveis E Lubrificantes.,0,Sem indício cadastral crítico,FOUND,ATIVA,61,327,70667.75,60520.148547,97388.05968907535,0.1042,Comportamento esperado
129,204496,Celso Sabino,UNIÃO,PA,Viagens,Passagem Aérea - Sigepa,,,,,0,140,200198.56,266111.307931,195578.09309190325,-0.337,Comportamento esperado
490,204404,Lucas Redecker,PSD,RS,Combustível,Combustíveis E Lubrificantes.,0,Sem indício cadastral crítico,FOUND,ATIVA,245,977,240811.89,60520.148547,97388.05968907535,1.8513,Comportamento esperado
21,160559,Alceu Moreira,MDB,RS,Viagens,Passagem Aérea - Sigepa,,,,,0,308,339401.56,223297.576531,126627.95953182003,0.9169,Comportamento esperado
129,204496,Celso Sabino,UNIÃO,PA,Combustível,Combustíveis E Lubrificantes.,0,Sem indício cadastral crítico,FOUND,ATIVA,84,146,35725.44,39488.928400,62234.56368268833,-0.0605,Comportamento esperado
522,141480,Lázaro Botelho,PP,TO,Outros,Manutenção De Escritório De Apoio À Atividade Parlamentar,0,Sem indício cadastral crítico,FOUND,ATIVA,5,62,29695.76,60332.404118,100110.53801139936,-0.306,Comportamento esperado
337,220587,Gerlen Diniz,PP,AC,Viagens,Passagem Aérea - Sigepa,,,,,0,87,77771.99,131556.873333,92765.04055863072,-0.5798,Comportamento esperado
689,161440,Pezenti,MDB,SC,Outros,Manutenção De Escritório De Apoio À Atividade Parlamentar,0,Sem indício cadastral crítico,FOUND,ATIVA,7,101,168109.16,70964.571200,106769.4367602354,0.9099,Comportamento esperado
484,171139,Loreny,SOLIDARIEDADE,SP,Viagens,Passagem Aérea - Sigepa,,,,,0,34,21646.71,185430.171967,136227.76556134285,-1.2023,Comportamento esperado
130,204504,Cezinha De Madureira,PL,SP,Viagens,Passagem Aérea - Sigepa,,,,,0,241,228071.88,185430.171967,136227.76556134285,0.313,Comportamento esperado
779,220631,Samuel Viana,UNIÃO,MG,Hotéis,"Hospedagem ,exceto Do Parlamentar No Distrito Federal.",0,Sem indício cadastral crítico,FOUND,ATIVA,62,227,51102.26,17018.453084,26330.369533202334,1.2945,Comportamento esperado
136,204462,Chris Tonietto,PL,RJ,Hotéis,"Hospedagem ,exceto Do Parlamentar No Distrito Federal.",0,Sem indício cadastral crítico,FOUND,ATIVA,46,106,52475.35,13016.628636,21468.959145470457,1.8379,Comportamento esperado
251,92346,Eduardo Bolsonaro,PL,SP,Outros,Manutenção De Escritório De Apoio À Atividade Parlamentar,1,Situação cadastral não ativa: BAIXADA,FOUND,BAIXADA,1,22,192741.69,98538.487659,143509.98800071477,0.6564,Fornecedor com CNPJ suspeito
311,220551,Franciane Bayer,REPUBLICANOS,RS,Publicidade,Divulgação Da Atividade Parlamentar.,1,Situação cadastral não ativa: INAPTA,FOUND,INAPTA,1,5,37400.00,215724.063125,265101.600265673,-0.6727,Fornecedor com CNPJ suspeito
482,204405,Liziane Bayer,REPUBLICANOS,RS,Comunicação,Telefonia,0,Sem indício cadastral crítico,FOUND,ATIVA,1,33,4355.20,19321.830435,18898.364290143905,-0.792,Comportamento esperado
102,143942,Caio Vianna,PSD,RJ,Hotéis,"Hospedagem ,exceto Do Parlamentar No Distrito Federal.",0,Sem indício cadastral crítico,FOUND,ATIVA,9,12,17482.34,13016.628636,21468.959145470457,0.208,Comportamento esperado
532,220648,Marangoni,PODE,SP,Hotéis,"Hospedagem ,exceto Do Parlamentar No Distrito Federal.",0,Sem indício cadastral crítico,FOUND,ATIVA,2,2,4975.54,10014.789189,11435.329101648113,-0.4407,Comportamento esperado
787,226837,Saulo Pedroso,PSD,SP,Comunicação,Telefonia,0,Sem indício cadastral crítico,FOUND,ATIVA,1,1,167.00,19889.940211,25751.500071775903,-0.7659,Comportamento esperado
414,217480,Jones Moura,PSD,RJ,Serviços profissionais,"Consultorias, Pesquisas E Trabalhos Técnicos.",0,Sem indício cadastral crítico,FOUND,ATIVA,2,2,27000.00,51555.638000,51954.41216850247,-0.4726,Comportamento esperado
417,214694,Jorge Goetten,REPUBLICANOS,SC,Outros,"Serviço De Táxi, Pedágio E Estacionamento",0,Sem indício cadastral crítico,FOUND,ATIVA,1,11,395.58,2658.067742,3431.982973130558,-0.6592,Comportamento esperado
700,204565,Professora Dayane Pimentel,UNIÃO,BA,Publicidade,Assinatura De Publicações,0,Sem indício cadastral crítico,FOUND,ATIVA,1,1,1077.05,1162.932500,522.4619816072744,-0.1644,Comportamento esperado
330,204473,General Girão,PL,RN,Outros,Manutenção De Escritório De Apoio À Atividade Parlamentar,0,Sem indício cadastral crítico,FOUND,ATIVA,17,332,703719.45,114159.151154,175330.5134804051,3.3626,Anomalia financeira extrema
852,141555,Vinicius Carvalho,PL,SP,Viagens,Passagem Aérea - Sigepa,,,,,0,333,339462.49,185430.171967,136227.76556134285,1.1307,Comportamento esperado
299,141431,Fernando Coelho Filho,UNIÃO,PE,Viagens,Passagem Aérea - Sigepa,,,,,0,506,615313.83,221741.150682,163177.94412569836,2.4119,Possível anomalia financeira
229,204481,Dr. Jaziel,PL,CE,Publicidade,Divulgação Da Atividade Parlamentar.,1,Situação cadastral não ativa: BAIXADA,FOUND,BAIXADA,6,56,189828.00,263931.285395,366906.3702021798,-0.202,Fornecedor com CNPJ suspeito
93,160538,Bohn Gass,PT,RS,Publicidade,Divulgação Da Atividade Parlamentar.,1,Situação cadastral não ativa: BAIXADA,FOUND,BAIXADA,4,43,242328.32,215724.063125,265101.600265673,0.1004,Fornecedor com CNPJ suspeito
664,204492,Paulo Guedes,PT,MG,Publicidade,Divulgação Da Atividade Parlamentar.,1,Situação cadastral não ativa: BAIXADA,FOUND,BAIXADA,3,5,21000.00,194891.353020,276881.75990132586,-0.628,Fornecedor com CNPJ suspeito
711,204567,Raimundo Costa,PODE,BA,Publicidade,Divulgação Da Atividade Parlamentar.,0,Sem indício cadastral crítico,FOUND,ATIVA,12,44,108494.09,317318.910361,328157.1355142384,-0.6364,Comportamento esperado
783,204387,Sargento Fahur,PL,PR,Viagens,Passagem Aérea - Reembolso,0,Sem indício cadastral crítico,FOUND,ATIVA,3,9,17529.71,17801.644063,39455.64199846602,-0.0069,Comportamento esperado
202,178908,Delegado Éder Mauro,PL,PA,Locomoção,Locação Ou Fretamento De Embarcações,0,Documento não consultado por não ser CNPJ,NOT_APPLICABLE,,1,119,714000.00,190567.000000,349438.6303143944,1.4979,Comportamento esperado
642,160556,Padre João,PT,MG,Outros,Manutenção De Escritório De Apoio À Atividade Parlamentar,0,Sem indício cadastral crítico,FOUND,ATIVA,14,233,193296.58,123562.947566,162703.54342443834,0.4286,Comportamento esperado
735,220633,Ricardo Salles,NOVO,SP,Comunicação,Telefonia,0,Sem indício cadastral crítico,FOUND,ATIVA,2,107,27268.71,19889.940211,25751.500071775903,0.2865,Comportamento esperado
513,220658,Luiz Gastão,PSD,CE,Viagens,Passagem Aérea - Sigepa,,,,,0,182,248162.79,190828.457826,170630.5409255439,0.336,Comportamento esperado
832,197438,Tito,AVANTE,BA,Serviços profissionais,"Consultorias, Pesquisas E Trabalhos Técnicos.",0,Sem indício cadastral crítico,FOUND,ATIVA,2,4,948.00,64386.903226,47821.13506693795,-1.3266,Comportamento esperado
348,178996,Giovani Feltes,MDB,RS,Outros,Manutenção De Escritório De Apoio À Atividade Parlamentar,1,Situação cadastral não ativa: BAIXADA,FOUND,BAIXADA,1,5,277.90,109428.142500,149558.61424927576,-0.7298,Fornecedor com CNPJ suspeito
344,204365,Gilson Marques,NOVO,SC,Viagens,Passagem Aérea - Sigepa,,,,,0,206,172510.08,213397.721034,170101.01243018164,-0.2404,Comportamento esperado
270,161550,Emidinho Madeira,PL,MG,Alimentação,Fornecimento De Alimentação Do Parlamentar,0,Sem indício cadastral crítico,FOUND,ATIVA,61,241,12366.35,3421.773553,6721.942950865462,1.3307,Comportamento esperado
84,204358,Beto Pereira,PSDB,MS,Publicidade,Divulgação Da Atividade Parlamentar.,0,Sem indício cadastral crítico,FOUND,ATIVA,3,17,88860.00,244824.753226,352025.1744174792,-0.443,Comportamento esperado
314,204494,Fred Costa,PATRIOTA,MG,Publicidade,Divulgação Da Atividade Parlamentar.,1,Situação cadastral não ativa: BAIXADA,FOUND,BAIXADA,1,1,5000.00,194891.353020,276881.75990132586,-0.6858,Fornecedor com CNPJ suspeito
291,220646,Felipe Becari,PODE,SP,Publicidade,Divulgação Da Atividade Parlamentar.,1,Situação cadastral não ativa: BAIXADA,FOUND,BAIXADA,2,15,93892.00,243741.226243,313657.1515008437,-0.4777,Fornecedor com CNPJ suspeito
359,204531,Guilherme Derrite,PL,SP,Viagens,Passagem Aérea - Rpa,0,Sem indício cadastral crítico,FOUND,ATIVA,3,44,42389.87,24943.515352,36157.13967829913,0.4825,Comportamento esperado
711,204567,Raimundo Costa,PSD,BA,Locomoção,Locação Ou Fretamento De Veículos Automotores,0,Sem indício cadastral crítico,FOUND,ATIVA,3,75,510100.00,292409.611930,213979.496522466,1.0173,Comportamento esperado
497,227323,Luciano Galego,PL,MA,Combustível,Combustíveis E Lubrificantes.,0,Sem indício cadastral crítico,FOUND,ATIVA,3,8,2809.36,34895.172615,52384.05405357016,-0.6125,Comportamento esperado
587,178984,Miguel Haddad,PSDB,SP,Outros,Manutenção De Escritório De Apoio À Atividade Parlamentar,0,Sem indício cadastral crítico,FOUND,ATIVA,5,11,15799.92,98538.487659,143509.98800071477,-0.5765,Comportamento esperado
715,74161,Reginaldo Lopes,PT,MG,Hotéis,"Hospedagem ,exceto Do Parlamentar No Distrito Federal.",0,Sem indício cadastral crítico,FOUND,ATIVA,19,51,12947.34,17018.453084,26330.369533202334,-0.1546,Comportamento esperado
111,229106,Carla Ayres,PT,SC,Combustível,Combustíveis E Lubrificantes.,0,Sem indício cadastral crítico,FOUND,ATIVA,53,132,28899.27,63943.250339,85631.6159933909,-0.4092,Comportamento esperado
814,204534,Tabata Amaral,PSB,SP,Comunicação,Telefonia,0,Sem indício cadastral crítico,FOUND,ATIVA,3,53,8058.63,19889.940211,25751.500071775903,-0.4594,Comportamento esperado
853,204478,Vinicius Farah,UNIÃO,RJ,Outros,"Serviço De Táxi, Pedágio E Estacionamento",0,Sem indício cadastral crítico,FOUND,ATIVA,3,33,428.00,8455.730411,14321.838989715481,-0.5605,Comportamento esperado
727,221329,Ricardo Abrão,PSDB,RJ,Locomoção,Locação Ou Fretamento De Veículos Automotores,0,Sem indício cadastral crítico,FOUND,ATIVA,3,26,128433.35,162239.394390,163272.60476613723,-0.2071,Comportamento esperado
29,220542,Alexandre Guimarães,MDB,TO,Outros,Manutenção De Escritório De Apoio À Atividade Parlamentar,0,Documento não consultado por não ser CNPJ,NOT_APPLICABLE,,1,25,38160.00,60332.404118,100110.53801139936,-0.2215,Comportamento esperado
516,162332,Luiz Nishimori,PSD,PR,Outros,Serviços Postais,0,Sem indício cadastral crítico,FOUND,ATIVA,1,3,321.50,2362.262000,4411.055170390342,-0.4626,Comportamento esperado
852,141555,Vinicius Carvalho,REPUBLICANOS,SP,Outros,Serviços Postais,0,Sem indício cadastral crítico,FOUND,ATIVA,1,1,62.80,1015.584878,1403.5425598127083,-0.6788,Comportamento esperado
508,73778,Luiz Carlos Hauly,PODE,PR,Outros,"Serviço De Táxi, Pedágio E Estacionamento",0,Documento não consultado por não ser CNPJ,NOT_APPLICABLE,,2,2,106.60,5713.999474,13397.131596894355,-0.4186,Comportamento esperado
890,,,,NA,Serviços profissionais,"Consultorias, Pesquisas E Trabalhos Técnicos.",0,Sem indício cadastral crítico,FOUND,ATIVA,1,8,5020.00,12966.386667,11624.099921008938,-0.6836,Comportamento esperado
162,204355,Da Vitoria,PP,ES,Outros,Manutenção De Escritório De Apoio À Atividade Parlamentar,1,Situação cadastral não ativa: BAIXADA,FOUND,BAIXADA,1,14,43000.00,101936.796563,164857.25422120074,-0.3575,Fornecedor com CNPJ suspeito
129,204496,Celso Sabino,UNIÃO,PA,Locomoção,Locação Ou Fretamento De Veículos Automotores,1,Situação cadastral não ativa: BAIXADA,FOUND,BAIXADA,1,3,3244.22,121907.551481,147158.0353457022,-0.8064,Fornecedor com CNPJ suspeito
571,204428,Marília Arraes,SOLIDARIEDADE,PE,Publicidade,Assinatura De Publicações,0,Sem indício cadastral crítico,FOUND,ATIVA,1,1,150.00,1262.036000,1247.3031245157156,-0.8916,Comportamento esperado
10,141372,Aelton Freitas,PP,MG,Alimentação,Fornecimento De Alimentação Do Parlamentar,0,Sem indício cadastral crítico,FOUND,ATIVA,58,130,8172.59,3421.773553,6721.942950865462,0.7068,Comportamento esperado
582,220591,Meire Serafim,UNIÃO,AC,Alimentação,Fornecimento De Alimentação Do Parlamentar,0,Sem indício cadastral crítico,FOUND,ATIVA,121,757,34700.51,3506.161818,10352.10370735419,3.0133,Anomalia financeira extrema
124,204369,Caroline De Toni,PL,SC,Viagens,Passagem Aérea - Sigepa,,,,,0,320,338931.41,213397.721034,170101.01243018164,0.738,Comportamento esperado
171,220582,Daniel Barbosa,PP,AL,Combustível,Combustíveis E Lubrificantes.,0,Sem indício cadastral crítico,FOUND,ATIVA,71,543,98113.00,41184.340741,54405.12179897842,1.0464,Comportamento esperado
131,205476,Charles Fernandes,PSD,BA,Combustível,Combustíveis E Lubrificantes.,0,Sem indício cadastral crítico,FOUND,ATIVA,132,693,380884.47,76280.976842,110667.4963849575,2.7524,Possível anomalia financeira
347,160673,Giovani Cherini,PL,RS,Viagens,Passagem Aérea - Rpa,0,Sem indício cadastral crítico,FOUND,ATIVA,3,10,12032.42,23263.014545,27193.710295909314,-0.413,Comportamento esperado
297,204407,Fernanda Melchionna,PSOL,RS,Viagens,Passagem Aérea - Rpa,0,Sem indício cadastral crítico,FOUND,ATIVA,3,8,8671.16,23263.014545,27193.710295909314,-0.5366,Comportamento esperado
538,76874,Marcelo Freixo,PSB,RJ,Outros,Manutenção De Escritório De Apoio À Atividade Parlamentar,0,Sem indício cadastral crítico,FOUND,ATIVA,4,31,47390.15,80988.593819,134414.71100556676,-0.25,Comportamento esperado
677,220667,Pedro Campos,PSB,PE,Outros,Manutenção De Escritório De Apoio À Atividade Parlamentar,0,Sem indício cadastral crítico,FOUND,ATIVA,16,277,260343.81,90785.734524,140277.34198893898,1.2087,Comportamento esperado
363,73460,Gustavo Fruet,PDT,PR,Hotéis,"Hospedagem ,exceto Do Parlamentar No Distrito Federal.",0,Sem indício cadastral crítico,FOUND,ATIVA,2,2,1431.94,18419.328649,34024.43115299299,-0.4993,Comportamento esperado
862,160518,Weliton Prado,SOLIDARIEDADE,MG,Viagens,Passagem Aérea - Sigepa,,,,,0,95,129637.15,195216.599630,167832.49260588933,-0.3907,Comportamento esperado
588,178985,Miguel Lombardi,PL,SP,Viagens,Passagem Aérea - Sigepa,,,,,0,85,88534.38,185430.171967,136227.76556134285,-0.7113,Comportamento esperado
514,204455,Luiz Lima,PL,RJ,Outros,Manutenção De Escritório De Apoio À Atividade Parlamentar,0,Sem indício cadastral crítico,FOUND,ATIVA,7,71,75912.06,80988.593819,134414.71100556676,-0.0378,Comportamento esperado
51,220676,Andreia Siqueira,PSB,PA,Viagens,Passagem Aérea - Sigepa,,,,,0,148,147562.08,266111.307931,195578.09309190325,-0.6061,Comportamento esperado
500,229082,Lucyana Genésio,PDT,MA,Publicidade,Divulgação Da Atividade Parlamentar.,0,Sem indício cadastral crítico,FOUND,ATIVA,11,26,134529.26,299945.123175,386285.4495039867,-0.4282,Comportamento esperado
701,160639,Professora Dorinha Seabra Rezende,UNIÃO,TO,Locomoção,Locação Ou Fretamento De Veículos Automotores,0,Sem indício cadastral crítico,FOUND,ATIVA,1,10,64350.00,117209.676500,159137.4356385456,-0.3322,Comportamento esperado
844,141553,Vanderlei Macris,PSDB,SP,Viagens,Passagem Aérea - Rpa,0,Sem indício cadastral crítico,FOUND,ATIVA,1,1,71.54,24943.515352,36157.13967829913,-0.6879,Comportamento esperado
449,74253,Julio Lopes,PP,RJ,Outros,Manutenção De Escritório De Apoio À Atividade Parlamentar,0,Sem indício cadastral crítico,FOUND,ATIVA,7,104,655229.36,80988.593819,134414.71100556676,4.2722,Anomalia financeira extrema
49,220556,Ana Paula Lima,PT,SC,Outros,Manutenção De Escritório De Apoio À Atividade Parlamentar,0,Documento não consultado por não ser CNPJ,NOT_APPLICABLE,,1,38,65364.40,70964.571200,106769.4367602354,-0.0525,Comportamento esperado
243,220623,Duda Salabert,PSOL,MG,Outros,"Serviço De Táxi, Pedágio E Estacionamento",0,Sem indício cadastral crítico,FOUND,ATIVA,12,160,7214.64,5572.245385,10370.293242628488,0.1584,Comportamento esperado
304,220545,Filipe Martins,PL,TO,Viagens,Passagem Aérea - Sigepa,,,,,0,73,74111.10,76378.544118,54414.42672468753,-0.0417,Comportamento esperado
634,73463,Osmar Serraglio,PP,PR,Outros,Manutenção De Escritório De Apoio À Atividade Parlamentar,0,Sem indício cadastral crítico,FOUND,ATIVA,7,70,36486.39,86193.122500,116860.66498214444,-0.4254,Comportamento esperado
456,73586,Júlio Delgado,PV,MG,Hotéis,"Hospedagem ,exceto Do Parlamentar No Distrito Federal.",0,Sem indício cadastral crítico,FOUND,ATIVA,5,7,1921.10,17018.453084,26330.369533202334,-0.5734,Comportamento esperado
180,62881,Danilo Forte,PP,CE,Outros,"Passagens Terrestres, Marítimas Ou Fluviais",0,Sem indício cadastral crítico,FOUND,ATIVA,1,1,207.25,650.370000,366.5434839142553,-1.2089,Comportamento esperado
201,164359,Delegado Waldir,UNIÃO,GO,Combustível,Combustíveis E Lubrificantes.,1,Situação cadastral não ativa: SUSPENSA,FOUND,SUSPENSA,1,1,321.36,65044.277593,95738.05404592726,-0.676,Fornecedor com CNPJ suspeito
747,204366,Rodrigo Coelho,PODE,SC,Publicidade,Divulgação Da Atividade Parlamentar.,0,Sem indício cadastral crítico,FOUND,ATIVA,1,3,10500.00,148561.773265,217765.15459275612,-0.634,Comportamento esperado
110,204487,Capitão Wagner,UNIÃO,CE,Outros,Manutenção De Escritório De Apoio À Atividade Parlamentar,0,Sem indício cadastral crítico,FOUND,ATIVA,3,3,2816.89,68348.775082,105244.60317209057,-0.6227,Comportamento esperado
279,204482,Euclydes Pettersen,PSC,MG,Combustível,Combustíveis E Lubrificantes.,0,Sem indício cadastral crítico,FOUND,ATIVA,4,18,84166.14,65306.104375,92314.0005265802,0.2043,Comportamento esperado
491,178879,Lucas Vergilio,SOLIDARIEDADE,GO,Locomoção,Locação Ou Fretamento De Veículos Automotores,0,Sem indício cadastral crítico,FOUND,ATIVA,1,19,78003.09,189142.637500,142661.57624064668,-0.779,Comportamento esperado
635,73692,Osmar Terra,MDB,RS,Comunicação,Telefonia,0,Sem indício cadastral crítico,FOUND,ATIVA,1,13,6819.31,19321.830435,18898.364290143905,-0.6616,Comportamento esperado
619,178896,Newton Cardoso Jr,MDB,MG,Outros,"Serviço De Táxi, Pedágio E Estacionamento",0,Sem indício cadastral crítico,FOUND,ATIVA,5,52,490.90,5572.245385,10370.293242628488,-0.49,Comportamento esperado
303,204411,Filipe Barros,PL,PR,Outros,Manutenção De Escritório De Apoio À Atividade Parlamentar,1,Situação cadastral não ativa: BAIXADA,FOUND,BAIXADA,1,1,458.40,86193.122500,116860.66498214444,-0.7336,Fornecedor com CNPJ suspeito
755,220695,Rogéria Santos,REPUBLICANOS,BA,Outros,"Passagens Terrestres, Marítimas Ou Fluviais",0,Sem indício cadastral crítico,FOUND,ATIVA,1,2,674.25,3634.349545,9001.916528866017,-0.3288,Comportamento esperado
224,220610,Dr. Fernando Máximo,PL,RO,Hotéis,"Hospedagem ,exceto Do Parlamentar No Distrito Federal.",1,Situação cadastral não ativa: BAIXADA,FOUND,BAIXADA,1,1,625.00,15598.613913,18502.405565050612,-0.8093,Fornecedor com CNPJ suspeito
676,215045,Pedro Augusto Palareti,PP,RJ,Viagens,Passagem Aérea - Reembolso,0,Sem indício cadastral crítico,FOUND,ATIVA,1,1,1889.30,9840.865893,10669.362639943789,-0.7453,Comportamento esperado
169,220571,Daniel Agrobom,PSD,GO,Publicidade,Divulgação Da Atividade Parlamentar.,0,Sem indício cadastral crítico,FOUND,ATIVA,2,5,22312.00,294423.402917,352090.0693215526,-0.7728,Comportamento esperado
435,141458,João Carlos Bacelar,PL,BA,Locomoção,Locação Ou Fretamento De Aeronaves,0,Sem indício cadastral crítico,FOUND,ATIVA,2,8,168603.40,81359.287500,83475.1578545966,1.0452,Comportamento esperado
473,178825,Leo De Brito,PT,AC,Serviços profissionais,"Consultorias, Pesquisas E Trabalhos Técnicos.",1,Situação cadastral não ativa: BAIXADA,FOUND,BAIXADA,1,1,6000.00,77762.496250,58254.79744380198,-1.2319,Fornecedor com CNPJ suspeito
173,204367,Daniel Freitas,PL,SC,Viagens,Passagem Aérea - Reembolso,0,Sem indício cadastral crítico,FOUND,ATIVA,2,2,2750.01,9023.088750,8047.509872572903,-0.7795,Comportamento esperado
610,218879,Nelho Bezerra,UNIÃO,CE,Outros,Manutenção De Escritório De Apoio À Atividade Parlamentar,0,Sem indício cadastral crítico,FOUND,ATIVA,1,1,559.70,68348.775082,105244.60317209057,-0.6441,Comportamento esperado
863,74043,Wellington Roberto,PSD,PB,Outros,Serviços Postais,0,Sem indício cadastral crítico,FOUND,ATIVA,1,2,172.25,401.850000,419.7359199544399,-0.547,Comportamento esperado
378,204539,Hercílio Coelho Diniz,MDB,MG,Hotéis,"Hospedagem ,exceto Do Parlamentar No Distrito Federal.",1,Erro na consulta pública de CNPJ,ERROR,,1,2,2638.32,17018.453084,26330.369533202334,-0.5461,Fornecedor com CNPJ suspeito
520,204418,Luizão Goulart,SOLIDARIEDADE,PR,Hotéis,"Hospedagem ,exceto Do Parlamentar No Distrito Federal.",1,Situação cadastral não ativa: BAIXADA,FOUND,BAIXADA,2,3,409.00,18419.328649,34024.43115299299,-0.5293,Fornecedor com CNPJ suspeito
801,220569,Silvye Alves,UNIÃO,GO,Comunicação,Telefonia,0,Sem indício cadastral crítico,FOUND,ATIVA,3,6,998.71,16840.076000,26049.85234640615,-0.6081,Comportamento esperado
653,74095,Pauderney Avelino,UNIÃO,AM,Alimentação,Fornecimento De Alimentação Do Parlamentar,0,Sem indício cadastral crítico,FOUND,ATIVA,2,3,243.50,383.060000,363.5203031468806,-0.3839,Comportamento esperado
819,204464,Talíria Petrone,PSOL,RJ,Combustível,Combustíveis E Lubrificantes.,1,Situação cadastral não ativa: BAIXADA,FOUND,BAIXADA,3,3,697.91,44023.319398,62812.667137756165,-0.6898,Fornecedor com CNPJ suspeito
397,220696,Ivoneide Caetano,PT,BA,Hotéis,"Hospedagem ,exceto Do Parlamentar No Distrito Federal.",0,Sem indício cadastral crítico,FOUND,ATIVA,5,6,3953.46,14559.116889,26542.375379101115,-0.3996,Comportamento esperado
302,204427,Fernando Rodolfo,PRD,PE,Outros,"Serviço De Táxi, Pedágio E Estacionamento",0,Sem indício cadastral crítico,FOUND,ATIVA,1,3,2600.00,5084.056842,13620.11056577697,-0.1824,Comportamento esperado
390,204508,Igor Timo,PODE,MG,Hotéis,"Hospedagem ,exceto Do Parlamentar No Distrito Federal.",1,Situação cadastral não ativa: BAIXADA,FOUND,BAIXADA,5,10,1897.50,17018.453084,26330.369533202334,-0.5743,Fornecedor com CNPJ suspeito
405,160570,Jerônimo Goergen,PP,RS,Outros,Manutenção De Escritório De Apoio À Atividade Parlamentar,0,Documento não consultado por não ser CNPJ,NOT_APPLICABLE,,1,12,54000.00,109428.142500,149558.61424927576,-0.3706,Comportamento esperado
804,104552,Socorro Neri,PP,AC,Viagens,Passagem Aérea - Rpa,0,Sem indício cadastral crítico,FOUND,ATIVA,1,2,7099.90,17368.935000,20856.5816470984,-0.4924,Comportamento esperado
121,141398,Carlos Zarattini,PT,SP,Hotéis,"Hospedagem ,exceto Do Parlamentar No Distrito Federal.",1,Situação cadastral não ativa: BAIXADA,FOUND,BAIXADA,1,3,1050.40,10014.789189,11435.329101648113,-0.7839,Fornecedor com CNPJ suspeito
143,88256,Clodoaldo Magalhães,PV,PE,Hotéis,"Hospedagem ,exceto Do Parlamentar No Distrito Federal.",0,Sem indício cadastral crítico,FOUND,ATIVA,1,1,7000.00,17089.374528,23447.97906027458,-0.4303,Comportamento esperado
181,160552,Danrlei De Deus Hinterholz,PSD,RS,Viagens,Passagem Aérea - Rpa,0,Sem indício cadastral crítico,FOUND,ATIVA,1,5,13140.23,23263.014545,27193.710295909314,-0.3722,Comportamento esperado
637,141515,Otavio Leite,PSDB,RJ,Serviços profissionais,"Consultorias, Pesquisas E Trabalhos Técnicos.",1,Situação cadastral não ativa: INAPTA,FOUND,INAPTA,1,2,3670.74,51555.638000,51954.41216850247,-0.9217,Fornecedor com CNPJ suspeito
55,220657,André Fernandes,PL,CE,Combustível,Combustíveis E Lubrificantes.,1,Erro na consulta pública de CNPJ,ERROR,,1,1,358.86,41977.960833,76764.60304100714,-0.5422,Fornecedor com CNPJ suspeito
732,204362,Ricardo Guidi,PL,SC,Combustível,Combustíveis E Lubrificantes.,1,Situação cadastral não ativa: BAIXADA,FOUND,BAIXADA,3,8,2813.12,63943.250339,85631.6159933909,-0.7139,Fornecedor com CNPJ suspeito
138,204440,Christino Aureo,PP,RJ,Comunicação,Telefonia,0,Sem indício cadastral crítico,FOUND,ATIVA,1,9,2175.58,11897.719661,18918.17939394703,-0.5139,Comportamento esperado
608,204453,Natália Bonavides,PT,RN,Locomoção,Locação Ou Fretamento De Veículos Automotores,1,Situação cadastral não ativa: BAIXADA,FOUND,BAIXADA,2,2,869.44,157542.546842,185025.17121572056,-0.8468,Fornecedor com CNPJ suspeito
15,204495,Airton Faleiro,PT,PA,Locomoção,Locação Ou Fretamento De Embarcações,0,Documento não consultado por não ser CNPJ,NOT_APPLICABLE,,1,1,4800.00,190567.000000,349438.6303143944,-0.5316,Comportamento esperado
49,220556,Ana Paula Lima,PT,SC,Outros,Serviços Postais,0,Sem indício cadastral crítico,FOUND,ATIVA,1,9,2852.90,1043.824167,1437.984649529007,1.2581,Comportamento esperado
740,160653,Roberto De Lucena,REPUBLICANOS,SP,Serviços profissionais,"Consultorias, Pesquisas E Trabalhos Técnicos.",0,Sem indício cadastral crítico,FOUND,ATIVA,1,1,3000.00,42478.291429,47664.49520078613,-0.8283,Comportamento esperado
469,178832,Leandre,PSD,PR,Outros,"Passagens Terrestres, Marítimas Ou Fluviais",0,Sem indício cadastral crítico,FOUND,ATIVA,6,6,952.15,1895.154815,2124.8795888027494,-0.4438,Comportamento esperado
645,180214,Pastor Diniz,UNIÃO,RR,Hotéis,"Hospedagem ,exceto Do Parlamentar No Distrito Federal.",0,Sem indício cadastral crítico,FOUND,ATIVA,9,15,18117.90,7824.586667,5971.354875629707,1.7238,Comportamento esperado
835,157130,Túlio Gadêlha,REDE,PE,Publicidade,Divulgação Da Atividade Parlamentar.,1,Situação cadastral não ativa: BAIXADA,FOUND,BAIXADA,1,2,12000.00,241972.708182,301628.5621101344,-0.7624,Fornecedor com CNPJ suspeito
114,141401,Carlos Bezerra,MDB,MT,Publicidade,Divulgação Da Atividade Parlamentar.,1,Situação cadastral não ativa: BAIXADA,FOUND,BAIXADA,1,1,50000.00,167205.955714,207800.9242977291,-0.564,Fornecedor com CNPJ suspeito
762,163321,Ronaldo Nogueira,REPUBLICANOS,RS,Outros,"Serviço De Táxi, Pedágio E Estacionamento",0,Documento não consultado por não ser CNPJ,NOT_APPLICABLE,,5,5,701.00,10192.084923,16137.89190584743,-0.5881,Comportamento esperado
692,73486,Pompeo De Mattos,PDT,RS,Hotéis,"Hospedagem ,exceto Do Parlamentar No Distrito Federal.",1,CNPJ não encontrado na API pública,NOT_FOUND,,1,1,200.00,21826.986437,35658.661568585754,-0.6065,Fornecedor com CNPJ suspeito
11,160508,Afonso Florence,PT,BA,Outros,Serviços Postais,0,Sem indício cadastral crítico,FOUND,ATIVA,2,6,443.30,1465.597500,2527.93213294582,-0.4044,Comportamento esperado
271,225730,Enfermeira Ana Paula,PODE,CE,Publicidade,Divulgação Da Atividade Parlamentar.,0,Sem indício cadastral crítico,FOUND,ATIVA,4,20,369295.54,263931.285395,366906.3702021798,0.2872,Comportamento esperado
394,204436,Isnaldo Bulhões Jr.,MDB,AL,Locomoção,Locação Ou Fretamento De Veículos Automotores,1,Situação cadastral não ativa: BAIXADA,FOUND,BAIXADA,1,8,32889.40,233502.585833,195708.62456859284,-1.0251,Fornecedor com CNPJ suspeito
519,178866,Luizianne Lins,REDE,CE,Combustível,Combustíveis E Lubrificantes.,1,CNPJ não encontrado na API pública,NOT_FOUND,,1,1,200.01,41977.960833,76764.60304100714,-0.5442,Fornecedor com CNPJ suspeito
430,160619,José Nunes,PSD,BA,Viagens,Passagem Aérea - Rpa,0,Sem indício cadastral crítico,FOUND,ATIVA,2,4,6680.15,31763.658913,54219.86604798766,-0.4626,Comportamento esperado
746,204530,Rodrigo Agostinho,PSB,SP,Publicidade,Assinatura De Publicações,0,Sem indício cadastral crítico,FOUND,ATIVA,1,1,1500.00,3369.241333,3418.330377283657,-0.5468,Comportamento esperado
631,74399,Onyx Lorenzoni,PL,RS,Locomoção,Locação Ou Fretamento De Veículos Automotores,0,Sem indício cadastral crítico,FOUND,ATIVA,3,8,24791.63,182736.733051,177547.8783363845,-0.8896,Comportamento esperado
347,160673,Giovani Cherini,PL,RS,Hotéis,"Hospedagem ,exceto Do Parlamentar No Distrito Federal.",1,Situação cadastral não ativa: BAIXADA,FOUND,BAIXADA,4,9,815.00,21826.986437,35658.661568585754,-0.5893,Fornecedor com CNPJ suspeito
305,141434,Flaviano Melo,MDB,AC,Hotéis,"Hospedagem ,exceto Do Parlamentar No Distrito Federal.",0,Sem indício cadastral crítico,FOUND,ATIVA,1,3,684.00,11165.562105,15437.148423150342,-0.679,Comportamento esperado
822,178901,Tereza Cristina,PP,MS,Comunicação,Telefonia,0,Sem indício cadastral crítico,FOUND,ATIVA,1,3,593.78,12463.390000,16925.10623218233,-0.7013,Comportamento esperado
819,204464,Talíria Petrone,PSOL,RJ,Publicidade,Divulgação Da Atividade Parlamentar.,1,Situação cadastral não ativa: INAPTA,FOUND,INAPTA,1,1,650.00,226781.355120,259582.44863584734,-0.8711,Fornecedor com CNPJ suspeito
146,220594,Coronel Assis,PL,MT,Publicidade,Divulgação Da Atividade Parlamentar.,1,Situação cadastral não ativa: BAIXADA,FOUND,BAIXADA,1,3,6000.00,167205.955714,207800.9242977291,-0.7758,Fornecedor com CNPJ suspeito
884,204509,Áurea Carolina,PSOL,MG,Publicidade,Divulgação Da Atividade Parlamentar.,1,Situação cadastral não ativa: BAIXADA,FOUND,BAIXADA,4,7,37750.00,194891.353020,276881.75990132586,-0.5675,Fornecedor com CNPJ suspeito
580,75431,Maurício Dziedricki,PODE,RS,Outros,Serviços Postais,1,Situação cadastral não ativa: BAIXADA,FOUND,BAIXADA,1,3,220.50,862.238182,1333.8726370935917,-0.4811,Fornecedor com CNPJ suspeito
615,146307,Neri Geller,PP,MT,Alimentação,Fornecimento De Alimentação Do Parlamentar,0,Sem indício cadastral crítico,FOUND,ATIVA,1,2,172.75,2273.261250,4466.178507118996,-0.4703,Comportamento esperado
466,98057,Lafayette De Andrada,PL,MG,Combustível,Combustíveis E Lubrificantes.,1,Situação cadastral não ativa: BAIXADA,FOUND,BAIXADA,4,4,910.46,65306.104375,92314.0005265802,-0.6976,Fornecedor com CNPJ suspeito
488,204523,Lucas Gonzalez,NOVO,MG,Hotéis,"Hospedagem ,exceto Do Parlamentar No Distrito Federal.",0,Sem indício cadastral crítico,FOUND,ATIVA,3,4,610.00,17018.453084,26330.369533202334,-0.6232,Comportamento esperado
677,220667,Pedro Campos,PSB,PE,Combustível,Combustíveis E Lubrificantes.,1,Situação cadastral não ativa: BAIXADA,FOUND,BAIXADA,2,3,734.29,53506.291935,82942.380015203,-0.6362,Fornecedor com CNPJ suspeito
477,74254,Leonardo Picciani,MDB,RJ,Viagens,Passagem Aérea - Sigepa,,,,,0,16,35535.90,213577.740357,175550.75566941444,-1.0142,Comportamento esperado
445,220640,Juliana Cardoso,PT,SP,Locomoção,Locação Ou Fretamento De Veículos Automotores,1,Situação cadastral não ativa: BAIXADA,FOUND,BAIXADA,1,1,741.11,147254.510948,139673.23431152088,-1.049,Fornecedor com CNPJ suspeito
430,160619,José Nunes,PSD,BA,Viagens,Passagem Aérea - Reembolso,0,Sem indício cadastral crítico,FOUND,ATIVA,1,1,2384.46,6722.195000,9392.208684505544,-0.4618,Comportamento esperado
540,133810,Marcelo Moraes,PL,RS,Outros,Manutenção De Escritório De Apoio À Atividade Parlamentar,1,Situação cadastral não ativa: BAIXADA,FOUND,BAIXADA,1,8,1805.10,109428.142500,149558.61424927576,-0.7196,Fornecedor com CNPJ suspeito
848,74283,Vicentinho,PT,SP,Hotéis,"Hospedagem ,exceto Do Parlamentar No Distrito Federal.",1,Situação cadastral não ativa: BAIXADA,FOUND,BAIXADA,1,1,540.00,10014.789189,11435.329101648113,-0.8286,Fornecedor com CNPJ suspeito
204,204542,Denis Bezerra,PSB,CE,Publicidade,Divulgação Da Atividade Parlamentar.,0,Sem indício cadastral crítico,FOUND,ATIVA,4,11,135000.00,263931.285395,366906.3702021798,-0.3514,Comportamento esperado
161,204488,Célio Studart,PSD,CE,Hotéis,"Hospedagem ,exceto Do Parlamentar No Distrito Federal.",0,Sem indício cadastral crítico,FOUND,ATIVA,2,2,1791.75,14861.399063,17345.750222182687,-0.7535,Comportamento esperado
858,91228,Waldemar Oliveira,AVANTE,PE,Combustível,Combustíveis E Lubrificantes.,1,Situação cadastral não ativa: BAIXADA,FOUND,BAIXADA,6,8,1335.10,53506.291935,82942.380015203,-0.629,Fornecedor com CNPJ suspeito
898,,,,NA,Outros,"Serviço De Táxi, Pedágio E Estacionamento",0,Sem indício cadastral crítico,FOUND,ATIVA,3,6,308.09,196.123333,97.9915324573166,1.1426,Comportamento esperado
459,204550,Júnior Mano,PSB,CE,Comunicação,Telefonia,0,Sem indício cadastral crítico,FOUND,ATIVA,1,24,3533.65,11707.711071,16858.211643996754,-0.4849,Comportamento esperado
326,220708,Gabriel Nunes,PSD,BA,Combustível,Combustíveis E Lubrificantes.,1,CNPJ não encontrado na API pública,NOT_FOUND,,1,1,200.01,76280.976842,110667.4963849575,-0.6875,Fornecedor com CNPJ suspeito
353,229333,Gláucia Santiago,PL,MG,Publicidade,Divulgação Da Atividade Parlamentar.,0,Sem indício cadastral crítico,FOUND,ATIVA,4,8,61568.00,194891.353020,276881.75990132586,-0.4815,Comportamento esperado
90,204388,Bibo Nunes,PL,RS,Combustível,Combustíveis E Lubrificantes.,1,CNPJ não encontrado na API pública,NOT_FOUND,,1,3,200.00,60520.148547,97388.05968907535,-0.6194,Fornecedor com CNPJ suspeito
518,74784,Luiza Erundina,PSOL,SP,Viagens,Passagem Aérea - Reembolso,0,Sem indício cadastral crítico,FOUND,ATIVA,1,1,2847.93,9758.571000,11443.414965885137,-0.6039,Comportamento esperado
343,220529,Gilson Daniel,PODE,ES,Outros,"Serviço De Táxi, Pedágio E Estacionamento",0,Sem indício cadastral crítico,FOUND,ATIVA,1,8,320.01,4193.280000,4516.28138620702,-0.8576,Comportamento esperado
39,204400,Aline Sleutjes,PROS,PR,Outros,Manutenção De Escritório De Apoio À Atividade Parlamentar,0,Documento não consultado por não ser CNPJ,NOT_APPLICABLE,,1,12,27300.00,86193.122500,116860.66498214444,-0.504,Comportamento esperado
213,220602,Dimas Gadelha,PT,RJ,Locomoção,Locação Ou Fretamento De Veículos Automotores,0,Sem indício cadastral crítico,FOUND,ATIVA,3,9,89421.02,162239.394390,163272.60476613723,-0.446,Comportamento esperado
561,204540,Maria Rosas,REPUBLICANOS,SP,Viagens,Passagem Aérea - Rpa,0,Sem indício cadastral crítico,FOUND,ATIVA,2,2,4797.24,24943.515352,36157.13967829913,-0.5572,Comportamento esperado
329,160669,Genecias Noronha,PL,CE,Viagens,Passagem Aérea - Rpa,0,Sem indício cadastral crítico,FOUND,ATIVA,1,1,658.61,32586.001200,51600.505956913454,-0.6187,Comportamento esperado
880,204517,Zé Vitor,PL,MG,Outros,"Serviço De Táxi, Pedágio E Estacionamento",1,Situação cadastral não ativa: BAIXADA,FOUND,BAIXADA,1,1,49.50,5572.245385,10370.293242628488,-0.5326,Fornecedor com CNPJ suspeito
659,204538,Paulo Bengtson,PTB,PA,Outros,Manutenção De Escritório De Apoio À Atividade Parlamentar,0,Documento não consultado por não ser CNPJ,NOT_APPLICABLE,,1,7,17500.00,42888.542571,70113.4772677672,-0.3621,Comportamento esperado
823,204466,Tereza Nelma,PSD,AL,Combustível,Combustíveis E Lubrificantes.,1,Situação cadastral não ativa: BAIXADA,FOUND,BAIXADA,1,1,338.26,41184.340741,54405.12179897842,-0.7508,Fornecedor com CNPJ suspeito
429,204391,José Nelto,UNIÃO,GO,Outros,Manutenção De Escritório De Apoio À Atividade Parlamentar,1,Situação cadastral não ativa: BAIXADA,FOUND,BAIXADA,1,5,1716.90,100447.486545,162486.21407041358,-0.6076,Fornecedor com CNPJ suspeito
390,204508,Igor Timo,UNIÃO,MG,Alimentação,Fornecimento De Alimentação Do Parlamentar,0,Sem indício cadastral crítico,FOUND,ATIVA,3,3,233.00,3421.773553,6721.942950865462,-0.4744,Comportamento esperado
353,229333,Gláucia Santiago,PL,MG,Comunicação,Telefonia,0,Sem indício cadastral crítico,FOUND,ATIVA,1,3,374.70,15607.667083,19082.29985422686,-0.7983,Comportamento esperado
574,220550,Mauricio Marcon,PL,RS,Viagens,Passagem Aérea - Reembolso,0,Sem indício cadastral crítico,FOUND,ATIVA,2,2,3858.10,7846.026333,10735.105702213965,-0.3715,Comportamento esperado
771,73466,Rubens Bueno,CIDADANIA,PR,Outros,Manutenção De Escritório De Apoio À Atividade Parlamentar,0,Sem indício cadastral crítico,FOUND,ATIVA,3,13,34725.00,86193.122500,116860.66498214444,-0.4404,Comportamento esperado
814,204534,Tabata Amaral,PSB,SP,Outros,"Serviço De Táxi, Pedágio E Estacionamento",1,Erro na consulta pública de CNPJ,ERROR,,1,7,697.85,11967.060840,16796.655097373645,-0.6709,Fornecedor com CNPJ suspeito
482,204405,Liziane Bayer,REPUBLICANOS,RS,Publicidade,Divulgação Da Atividade Parlamentar.,1,Situação cadastral não ativa: INAPTA,FOUND,INAPTA,1,1,8750.00,215724.063125,265101.600265673,-0.7807,Fornecedor com CNPJ suspeito
784,220621,Sargento Gonçalves,PL,RN,Outros,Manutenção De Escritório De Apoio À Atividade Parlamentar,0,Documento não consultado por não ser CNPJ,NOT_APPLICABLE,,1,12,49399.98,114159.151154,175330.5134804051,-0.3694,Comportamento esperado
118,204460,Carlos Jordy,PL,RJ,Viagens,Passagem Aérea - Rpa,0,Sem indício cadastral crítico,FOUND,ATIVA,1,2,4078.16,24365.871064,36425.48190750471,-0.557,Comportamento esperado
87,178948,Beto Rosado,PP,RN,Locomoção,Locação Ou Fretamento De Veículos Automotores,0,Sem indício cadastral crítico,FOUND,ATIVA,2,3,4741.30,157542.546842,185025.17121572056,-0.8258,Comportamento esperado
619,178896,Newton Cardoso Jr,MDB,MG,Serviços profissionais,"Consultorias, Pesquisas E Trabalhos Técnicos.",0,Sem indício cadastral crítico,FOUND,ATIVA,1,2,12000.00,50370.301935,57079.85828457048,-0.6722,Comportamento esperado
587,178984,Miguel Haddad,PSDB,SP,Viagens,Passagem Aérea - Sigepa,,,,,0,1,1780.23,185430.171967,136227.76556134285,-1.3481,Comportamento esperado
432,204555,José Ricardo,PT,AM,Outros,"Passagens Terrestres, Marítimas Ou Fluviais",0,Sem indício cadastral crítico,FOUND,ATIVA,3,11,9240.00,9240.000000,,,Comportamento esperado
334,178966,Geovania De Sá,REPUBLICANOS,SC,Alimentação,Fornecimento De Alimentação Do Parlamentar,1,Situação cadastral não ativa: BAIXADA,FOUND,BAIXADA,4,5,235.46,5345.501750,9873.801589562949,-0.5175,Fornecedor com CNPJ suspeito
871,160592,Zeca Dirceu,PT,PR,Viagens,Passagem Aérea - Reembolso,1,Erro na consulta pública de CNPJ,ERROR,,1,2,7257.01,17801.644063,39455.64199846602,-0.2673,Fornecedor com CNPJ suspeito
334,178966,Geovania De Sá,PSDB,SC,Publicidade,Divulgação Da Atividade Parlamentar.,1,Situação cadastral não ativa: BAIXADA,FOUND,BAIXADA,1,1,1000.00,148561.773265,217765.15459275612,-0.6776,Fornecedor com CNPJ suspeito
897,,,,NA,Publicidade,Divulgação Da Atividade Parlamentar.,1,Erro na consulta pública de CNPJ,ERROR,,1,1,440.00,50979.424375,81608.46012151951,-0.6193,Fornecedor com CNPJ suspeito
440,112437,João Marcelo Souza,MDB,MA,Viagens,Passagem Aérea - Reembolso,0,Sem indício cadastral crítico,FOUND,ATIVA,1,6,4166.45,10441.916667,13512.988376850404,-0.4644,Comportamento esperado
718,205865,Reinhold Stephanes,PSD,PR,Alimentação,Fornecimento De Alimentação Do Parlamentar,0,Sem indício cadastral crítico,FOUND,ATIVA,2,2,385.80,4173.948542,8441.04850518495,-0.4488,Comportamento esperado
465,141478,Laerte Bessa,PL,DF,Comunicação,Telefonia,0,Sem indício cadastral crítico,FOUND,ATIVA,1,1,261.98,1663.937500,1669.7312686452474,-0.8396,Comportamento esperado
856,178992,Vitor Lippi,PSDB,SP,Outros,Manutenção De Escritório De Apoio À Atividade Parlamentar,0,Documento não consultado por não ser CNPJ,NOT_APPLICABLE,,1,13,103100.00,98538.487659,143509.98800071477,0.0318,Comportamento esperado
540,133810,Marcelo Moraes,PL,RS,Publicidade,Assinatura De Publicações,0,Sem indício cadastral crítico,FOUND,ATIVA,1,4,901.80,4387.790000,5356.19612339018,-0.6508,Comportamento esperado
255,220589,Eduardo Velloso,SOLIDARIEDADE,AC,Locomoção,Locação Ou Fretamento De Aeronaves,0,Sem indício cadastral crítico,FOUND,ATIVA,2,4,126110.00,67020.555556,82206.99971886686,0.7188,Comportamento esperado
259,204364,Eli Borges,REPUBLICANOS,TO,Comunicação,Telefonia,0,Sem indício cadastral crítico,FOUND,ATIVA,1,4,701.50,6929.241333,13569.93291877454,-0.4589,Comportamento esperado
694,226075,Priscila Costa,PL,CE,Locomoção,Locação Ou Fretamento De Veículos Automotores,0,Sem indício cadastral crítico,FOUND,ATIVA,1,4,50852.00,139651.247778,143531.8586124825,-0.6187,Comportamento esperado
11,160508,Afonso Florence,PT,BA,Comunicação,Telefonia,0,Sem indício cadastral crítico,FOUND,ATIVA,1,1,76.62,23153.030698,23468.568952979214,-0.9833,Comportamento esperado
261,226553,Eliane Braz,PSD,CE,Locomoção,Locação Ou Fretamento De Veículos Automotores,0,Sem indício cadastral crítico,FOUND,ATIVA,1,3,10881.00,139651.247778,143531.8586124825,-0.8972,Comportamento esperado
771,73466,Rubens Bueno,CIDADANIA,PR,Outros,Serviços Postais,0,Sem indício cadastral crítico,FOUND,ATIVA,1,6,3443.20,2362.262000,4411.055170390342,0.2451,Comportamento esperado
136,204462,Chris Tonietto,PL,RJ,Hotéis,"Hospedagem ,exceto Do Parlamentar No Distrito Federal.",1,Situação cadastral não ativa: BAIXADA,FOUND,BAIXADA,2,2,852.29,13016.628636,21468.959145470457,-0.5666,Fornecedor com CNPJ suspeito
105,204572,Capitão Alberto Neto,PL,AM,Outros,"Participação Em Curso, Palestra Ou Evento Similar",0,Sem indício cadastral crítico,FOUND,ATIVA,1,1,7697.16,7697.160000,,,Comportamento esperado
81,73701,Benedita Da Silva,PT,RJ,Alimentação,Fornecimento De Alimentação Do Parlamentar,1,Situação cadastral não ativa: SUSPENSA,FOUND,SUSPENSA,1,2,113.09,5314.154545,11413.915891543053,-0.4557,Fornecedor com CNPJ suspeito
540,133810,Marcelo Moraes,PL,RS,Combustível,Combustíveis E Lubrificantes.,1,Situação cadastral não ativa: BAIXADA,FOUND,BAIXADA,5,9,2406.18,60520.148547,97388.05968907535,-0.5967,Fornecedor com CNPJ suspeito
400,220697,Jadyel Alencar,REPUBLICANOS,PI,Viagens,Passagem Aérea - Reembolso,0,Sem indício cadastral crítico,FOUND,ATIVA,2,2,5111.69,2975.296000,1532.0079186577332,1.3945,Comportamento esperado
236,220674,Dra. Alessandra Haber,PODE,PA,Viagens,Passagem Aérea - Reembolso,0,Sem indício cadastral crítico,FOUND,ATIVA,1,1,3637.77,8897.662500,8393.75284614814,-0.6266,Comportamento esperado
698,204383,Professor Israel Batista,PSB,DF,Hotéis,"Hospedagem ,exceto Do Parlamentar No Distrito Federal.",0,Sem indício cadastral crítico,FOUND,ATIVA,4,8,14449.41,9328.483333,6291.891063617784,0.8139,Comportamento esperado
126,204380,Celina Leão,PP,DF,Publicidade,Divulgação Da Atividade Parlamentar.,0,Sem indício cadastral crítico,FOUND,ATIVA,1,4,40000.00,274983.723704,375023.4293293225,-0.6266,Comportamento esperado
32,204503,Alexandre Padilha,PT,SP,Combustível,Combustíveis E Lubrificantes.,1,Situação cadastral não ativa: BAIXADA,FOUND,BAIXADA,1,1,355.36,42192.750821,64034.19773844777,-0.6534,Fornecedor com CNPJ suspeito
648,220615,Pastor Henrique Vieira,PSOL,RJ,Combustível,Combustíveis E Lubrificantes.,1,Situação cadastral não ativa: BAIXADA,FOUND,BAIXADA,1,1,200.00,44023.319398,62812.667137756165,-0.6977,Fornecedor com CNPJ suspeito
505,204448,Luiz Antonio Corrêa,PP,RJ,Alimentação,Fornecimento De Alimentação Do Parlamentar,1,Situação cadastral não ativa: BAIXADA,FOUND,BAIXADA,3,3,287.00,5314.154545,11413.915891543053,-0.4404,Fornecedor com CNPJ suspeito
459,204550,Júnior Mano,PSB,CE,Viagens,Passagem Aérea - Rpa,0,Sem indício cadastral crítico,FOUND,ATIVA,2,2,929.98,32586.001200,51600.505956913454,-0.6135,Comportamento esperado
895,,,,NA,Alimentação,Fornecimento De Alimentação Do Parlamentar,1,Situação cadastral não ativa: INAPTA,FOUND,INAPTA,1,6,7050.00,76824.316875,122514.48277202321,-0.5695,Fornecedor com CNPJ suspeito
556,178943,Marcos Soares,PSDB,RJ,Alimentação,Fornecimento De Alimentação Do Parlamentar,1,Situação cadastral não ativa: INAPTA,FOUND,INAPTA,1,1,96.20,5314.154545,11413.915891543053,-0.4572,Fornecedor com CNPJ suspeito
802,220651,Simone Marquetto,PP,SP,Outros,"Participação Em Curso, Palestra Ou Evento Similar",1,Situação cadastral não ativa: BAIXADA,FOUND,BAIXADA,1,1,5000.00,12532.406667,9680.81978161113,-0.7781,Fornecedor com CNPJ suspeito
145,204376,Coronel Armando,PP,SC,Outros,"Serviço De Táxi, Pedágio E Estacionamento",0,Sem indício cadastral crítico,FOUND,ATIVA,2,6,458.08,2658.067742,3431.982973130558,-0.641,Comportamento esperado
867,74439,Wolney Queiroz,PDT,PE,Alimentação,Fornecimento De Alimentação Do Parlamentar,0,Sem indício cadastral crítico,FOUND,ATIVA,1,1,124.50,3487.092941,8073.709935566787,-0.4165,Comportamento esperado
742,220613,Roberto Monteiro Pai,PL,RJ,Outros,Serviços Postais,0,Sem indício cadastral crítico,FOUND,ATIVA,2,2,308.95,243.509167,238.83926913525045,0.274,Comportamento esperado
50,220632,Ana Pimentel,PT,MG,Outros,Aquisição De Tokens E Certificados Digitais,0,Sem indício cadastral crítico,FOUND,ATIVA,1,1,380.00,251.133000,157.05814479216147,0.8205,Comportamento esperado
144,98148,Cobalchini,MDB,SC,Comunicação,Telefonia,0,Sem indício cadastral crítico,FOUND,ATIVA,1,2,289.80,7776.667391,7284.093764458291,-1.0278,Comportamento esperado
82,109429,Benes Leocádio,UNIÃO,RN,Combustível,Combustíveis E Lubrificantes.,1,Situação cadastral não ativa: BAIXADA,FOUND,BAIXADA,5,8,1225.20,51927.710333,76131.03428420173,-0.666,Fornecedor com CNPJ suspeito
746,204530,Rodrigo Agostinho,PSB,SP,Publicidade,Divulgação Da Atividade Parlamentar.,0,Sem indício cadastral crítico,FOUND,ATIVA,3,11,75949.01,243741.226243,313657.1515008437,-0.535,Comportamento esperado
700,204565,Professora Dayane Pimentel,UNIÃO,BA,Combustível,Combustíveis E Lubrificantes.,1,Situação cadastral não ativa: BAIXADA,FOUND,BAIXADA,1,1,500.00,76280.976842,110667.4963849575,-0.6848,Fornecedor com CNPJ suspeito
852,141555,Vinicius Carvalho,PL,SP,Combustível,Combustíveis E Lubrificantes.,1,Situação cadastral não ativa: SUSPENSA,FOUND,SUSPENSA,1,3,557.02,42192.750821,64034.19773844777,-0.6502,Fornecedor com CNPJ suspeito
396,73531,Ivan Valente,PSOL,SP,Locomoção,Locação Ou Fretamento De Veículos Automotores,1,Situação cadastral não ativa: BAIXADA,FOUND,BAIXADA,2,6,17302.02,147254.510948,139673.23431152088,-0.9304,Fornecedor com CNPJ suspeito
774,73604,Rui Falcão,PT,SP,Combustível,Combustíveis E Lubrificantes.,1,Situação cadastral não ativa: INAPTA,FOUND,INAPTA,1,1,167.57,42192.750821,64034.19773844777,-0.6563,Fornecedor com CNPJ suspeito
788,178921,Sebastião Oliveira,AVANTE,PE,Viagens,Passagem Aérea - Reembolso,0,Sem indício cadastral crítico,FOUND,ATIVA,1,1,2889.23,7471.163333,10016.291980131698,-0.4574,Comportamento esperado
352,107283,Gleisi Hoffmann,PT,PR,Serviços profissionais,"Consultorias, Pesquisas E Trabalhos Técnicos.",1,Situação cadastral não ativa: BAIXADA,FOUND,BAIXADA,1,8,32000.00,58752.690645,58141.82428785019,-0.4601,Fornecedor com CNPJ suspeito
79,220605,Bandeira De Mello,PV,RJ,Hotéis,"Hospedagem ,exceto Do Parlamentar No Distrito Federal.",0,Documento não consultado por não ser CNPJ,NOT_APPLICABLE,,1,1,7500.00,13016.628636,21468.959145470457,-0.257,Comportamento esperado
505,204448,Luiz Antonio Corrêa,PP,RJ,Publicidade,Assinatura De Publicações,0,Sem indício cadastral crítico,FOUND,ATIVA,2,5,3738.23,4317.763846,4399.037924691675,-0.1317,Comportamento esperado
828,219568,Tiago Andrino,PSB,TO,Locomoção,Locação Ou Fretamento De Veículos Automotores,1,Situação cadastral não ativa: BAIXADA,FOUND,BAIXADA,2,6,18056.46,117209.676500,159137.4356385456,-0.6231,Fornecedor com CNPJ suspeito
555,220547,Marcos Pollon,PL,MS,Viagens,Passagem Aérea - Rpa,0,Sem indício cadastral crítico,FOUND,ATIVA,1,5,7897.91,17942.155000,19044.285855017733,-0.5274,Comportamento esperado
309,160598,Flávia Morais,PDT,GO,Publicidade,Divulgação Da Atividade Parlamentar.,1,Situação cadastral não ativa: BAIXADA,FOUND,BAIXADA,1,1,2000.00,294423.402917,352090.0693215526,-0.8305,Fornecedor com CNPJ suspeito
10,141372,Aelton Freitas,PP,MG,Alimentação,Fornecimento De Alimentação Do Parlamentar,1,Situação cadastral não ativa: INAPTA,FOUND,INAPTA,1,1,46.50,3421.773553,6721.942950865462,-0.5021,Fornecedor com CNPJ suspeito
889,,,,NA,Outros,Manutenção De Escritório De Apoio À Atividade Parlamentar,0,Sem indício cadastral crítico,FOUND,ATIVA,1,23,11664.29,15500.143182,23430.81961523477,-0.1637,Comportamento esperado
445,220640,Juliana Cardoso,PT,SP,Outros,"Passagens Terrestres, Marítimas Ou Fluviais",0,Sem indício cadastral crítico,FOUND,ATIVA,2,4,1899.13,996.486667,1138.3419633085512,0.7929,Comportamento esperado
48,107970,Ana Paula Leão,PP,MG,Outros,"Serviço De Táxi, Pedágio E Estacionamento",0,Documento não consultado por não ser CNPJ,NOT_APPLICABLE,,1,4,1019.00,5572.245385,10370.293242628488,-0.4391,Comportamento esperado
516,162332,Luiz Nishimori,PSD,PR,Serviços profissionais,"Consultorias, Pesquisas E Trabalhos Técnicos.",0,Sem indício cadastral crítico,FOUND,ATIVA,2,4,109930.00,58752.690645,58141.82428785019,0.8802,Comportamento esperado
733,160655,Ricardo Izar,REPUBLICANOS,SP,Serviços profissionais,"Consultorias, Pesquisas E Trabalhos Técnicos.",0,Sem indício cadastral crítico,FOUND,ATIVA,1,1,1200.00,42478.291429,47664.49520078613,-0.866,Comportamento esperado
731,234310,Ricardo Galvão,REDE,SP,Hotéis,"Hospedagem ,exceto Do Parlamentar No Distrito Federal.",0,Sem indício cadastral crítico,FOUND,ATIVA,3,7,1790.91,10014.789189,11435.329101648113,-0.7192,Comportamento esperado
794,178961,Shéridan,PSDB,RR,Comunicação,Telefonia,0,Sem indício cadastral crítico,FOUND,ATIVA,1,4,1140.05,7507.576000,8511.707827192691,-0.7481,Comportamento esperado
619,178896,Newton Cardoso Jr,MDB,MG,Alimentação,Fornecimento De Alimentação Do Parlamentar,0,Sem indício cadastral crítico,FOUND,ATIVA,3,5,379.26,3421.773553,6721.942950865462,-0.4526,Comportamento esperado
551,160535,Marcon,PT,RS,Viagens,Passagem Aérea - Reembolso,1,Erro na consulta pública de CNPJ,ERROR,,1,1,3880.14,7846.026333,10735.105702213965,-0.3694,Fornecedor com CNPJ suspeito
567,204403,Marlon Santos,PL,RS,Locomoção,Locação Ou Fretamento De Veículos Automotores,0,Sem indício cadastral crítico,FOUND,ATIVA,1,4,20340.00,182736.733051,177547.8783363845,-0.9147,Comportamento esperado
595,178997,Moses Rodrigues,UNIÃO,CE,Serviços profissionais,"Consultorias, Pesquisas E Trabalhos Técnicos.",1,Situação cadastral não ativa: INAPTA,FOUND,INAPTA,1,6,39000.00,67459.660000,60466.2251856053,-0.4707,Fornecedor com CNPJ suspeito
613,220622,Nely Aquino,PODE,MG,Outros,Manutenção De Escritório De Apoio À Atividade Parlamentar,1,Situação cadastral não ativa: BAIXADA,FOUND,BAIXADA,1,9,7912.43,123562.947566,162703.54342443834,-0.7108,Fornecedor com CNPJ suspeito
679,217330,Pedro Dalua,PSC,AP,Locomoção,Locação Ou Fretamento De Veículos Automotores,0,Sem indício cadastral crítico,FOUND,ATIVA,1,2,6000.00,118873.802381,121389.286590239,-0.9298,Comportamento esperado
644,230762,Pastor Claudio Mariano,UNIÃO,PA,Alimentação,Fornecimento De Alimentação Do Parlamentar,0,Sem indício cadastral crítico,FOUND,ATIVA,2,4,472.27,3234.680000,6858.9099531514485,-0.4027,Comportamento esperado
268,221149,Elói Pietá,PT,SP,Serviços profissionais,"Consultorias, Pesquisas E Trabalhos Técnicos.",0,Sem indício cadastral crítico,FOUND,ATIVA,1,1,8000.00,42478.291429,47664.49520078613,-0.7234,Comportamento esperado
524,204547,Léo Motta,REPUBLICANOS,MG,Serviços profissionais,"Consultorias, Pesquisas E Trabalhos Técnicos.",0,Sem indício cadastral crítico,FOUND,ATIVA,1,4,20000.00,50370.301935,57079.85828457048,-0.5321,Comportamento esperado
135,204476,Chiquinho Brazão,UNIÃO,RJ,Publicidade,Divulgação Da Atividade Parlamentar.,1,Situação cadastral não ativa: INAPTA,FOUND,INAPTA,1,4,6200.00,226781.355120,259582.44863584734,-0.8498,Fornecedor com CNPJ suspeito
66,220549,Any Ortiz,PP,RS,Publicidade,Divulgação Da Atividade Parlamentar.,0,Sem indício cadastral crítico,FOUND,ATIVA,3,9,16035.01,215724.063125,265101.600265673,-0.7533,Comportamento esperado
622,209787,Nikolas Ferreira,PL,MG,Outros,"Passagens Terrestres, Marítimas Ou Fluviais",0,Sem indício cadastral crítico,FOUND,ATIVA,3,5,2053.32,3858.240000,6358.142634643256,-0.2839,Comportamento esperado
108,178924,Capitão Fábio Abreu,PSD,PI,Outros,Manutenção De Escritório De Apoio À Atividade Parlamentar,1,Situação cadastral não ativa: BAIXADA,FOUND,BAIXADA,1,4,1130.65,64892.367419,74159.10998309037,-0.8598,Fornecedor com CNPJ suspeito
197,204569,Delegado Pablo,UNIÃO,AM,Viagens,Passagem Aérea - Rpa,0,Sem indício cadastral crítico,FOUND,ATIVA,2,4,8135.12,88728.821429,197712.15903932907,-0.4076,Comportamento esperado
279,204482,Euclydes Pettersen,REPUBLICANOS,MG,Outros,Manutenção De Escritório De Apoio À Atividade Parlamentar,0,Sem indício cadastral crítico,FOUND,ATIVA,3,5,2123.30,123562.947566,162703.54342443834,-0.7464,Comportamento esperado
756,204480,Rogério Correia,PT,MG,Alimentação,Fornecimento De Alimentação Do Parlamentar,1,Situação cadastral não ativa: BAIXADA,FOUND,BAIXADA,1,1,126.60,3421.773553,6721.942950865462,-0.4902,Fornecedor com CNPJ suspeito
287,204368,Fabio Schiochet,UNIÃO,SC,Combustível,Combustíveis E Lubrificantes.,1,Situação cadastral não ativa: BAIXADA,FOUND,BAIXADA,1,1,236.07,63943.250339,85631.6159933909,-0.744,Fornecedor com CNPJ suspeito
532,220648,Marangoni,PODE,SP,Outros,Serviços Postais,0,Sem indício cadastral crítico,FOUND,ATIVA,1,5,498.80,1015.584878,1403.5425598127083,-0.3682,Comportamento esperado
590,92172,Milton Coelho,PSB,PE,Serviços profissionais,"Consultorias, Pesquisas E Trabalhos Técnicos.",0,Sem indício cadastral crítico,FOUND,ATIVA,2,2,14000.00,33394.939474,25891.938420366478,-0.7491,Comportamento esperado
377,178981,Herculano Passos,REPUBLICANOS,SP,Publicidade,Divulgação Da Atividade Parlamentar.,0,Sem indício cadastral crítico,FOUND,ATIVA,7,26,155339.52,243741.226243,313657.1515008437,-0.2818,Comportamento esperado
9,121948,Adriano Do Baldy,PP,GO,Combustível,Combustíveis E Lubrificantes.,1,Situação cadastral não ativa: SUSPENSA,FOUND,SUSPENSA,1,1,100.00,65044.277593,95738.05404592726,-0.6784,Fornecedor com CNPJ suspeito
430,160619,José Nunes,PSD,BA,Alimentação,Fornecimento De Alimentação Do Parlamentar,0,Sem indício cadastral crítico,FOUND,ATIVA,1,1,101.40,5334.958511,10548.888785765435,-0.4961,Comportamento esperado
125,220699,Castro Neto,MDB,PI,Combustível,Combustíveis E Lubrificantes.,1,Situação cadastral não ativa: BAIXADA,FOUND,BAIXADA,4,4,899.03,73929.545357,101552.42380940972,-0.7191,Fornecedor com CNPJ suspeito
281,178871,Evair Vieira De Melo,PP,ES,Publicidade,Divulgação Da Atividade Parlamentar.,0,Sem indício cadastral crítico,FOUND,ATIVA,4,15,65760.75,254942.876552,301625.34822291706,-0.6272,Comportamento esperado
330,204473,General Girão,PL,RN,Outros,Manutenção De Escritório De Apoio À Atividade Parlamentar,1,Situação cadastral não ativa: BAIXADA,FOUND,BAIXADA,1,15,2738.90,114159.151154,175330.5134804051,-0.6355,Fornecedor com CNPJ suspeito
374,220672,Henderson Pinto,UNIÃO,PA,Locomoção,Locação Ou Fretamento De Aeronaves,0,Sem indício cadastral crítico,FOUND,ATIVA,1,1,8500.00,174153.634444,279835.95128643257,-0.592,Comportamento esperado
616,220703,Neto Carletto,AVANTE,BA,Publicidade,Divulgação Da Atividade Parlamentar.,1,Situação cadastral não ativa: BAIXADA,FOUND,BAIXADA,1,5,25000.00,317318.910361,328157.1355142384,-0.8908,Fornecedor com CNPJ suspeito
778,233598,Samuel Santos,PODE,GO,Locomoção,Locação Ou Fretamento De Veículos Automotores,0,Sem indício cadastral crítico,FOUND,ATIVA,1,4,47533.00,189142.637500,142661.57624064668,-0.9926,Comportamento esperado
117,178993,Carlos Henrique Gaguim,UNIÃO,TO,Combustível,Combustíveis E Lubrificantes.,1,Situação cadastral não ativa: BAIXADA,FOUND,BAIXADA,4,9,2827.55,73777.441071,109277.9364585353,-0.6493,Fornecedor com CNPJ suspeito
546,221147,Marcia Scherer,MDB,RS,Locomoção,Locação Ou Fretamento De Veículos Automotores,0,Sem indício cadastral crítico,FOUND,ATIVA,1,1,4500.00,182736.733051,177547.8783363845,-1.0039,Comportamento esperado
642,160556,Padre João,PT,MG,Combustível,Combustíveis E Lubrificantes.,1,Situação cadastral não ativa: BAIXADA,FOUND,BAIXADA,3,6,2043.20,65306.104375,92314.0005265802,-0.6853,Fornecedor com CNPJ suspeito
3,204554,Abílio Santana,PSC,BA,Publicidade,Divulgação Da Atividade Parlamentar.,0,Sem indício cadastral crítico,FOUND,ATIVA,1,1,10120.00,317318.910361,328157.1355142384,-0.9361,Comportamento esperado
520,204418,Luizão Goulart,SOLIDARIEDADE,PR,Serviços profissionais,"Consultorias, Pesquisas E Trabalhos Técnicos.",0,Sem indício cadastral crítico,FOUND,ATIVA,2,3,25690.00,58752.690645,58141.82428785019,-0.5687,Comportamento esperado
780,204416,Sanderson,PL,RS,Publicidade,Divulgação Da Atividade Parlamentar.,1,Situação cadastral não ativa: INAPTA,FOUND,INAPTA,1,1,350.00,215724.063125,265101.600265673,-0.8124,Fornecedor com CNPJ suspeito
250,204541,Eduardo Bismarck,PDT,CE,Locomoção,Locação Ou Fretamento De Aeronaves,0,Sem indício cadastral crítico,FOUND,ATIVA,2,2,25944.90,46678.600000,38881.59920573464,-0.5333,Comportamento esperado
745,220546,Rodolfo Nogueira,PL,MS,Viagens,Passagem Aérea - Reembolso,0,Sem indício cadastral crítico,FOUND,ATIVA,1,1,1329.16,14452.730000,23720.341588104926,-0.5533,Comportamento esperado
423,74141,Josias Gomes,PT,BA,Hotéis,"Hospedagem ,exceto Do Parlamentar No Distrito Federal.",0,Sem indício cadastral crítico,FOUND,ATIVA,7,10,5792.85,14559.116889,26542.375379101115,-0.3303,Comportamento esperado
679,217330,Pedro Dalua,PSC,AP,Outros,Manutenção De Escritório De Apoio À Atividade Parlamentar,0,Documento não consultado por não ser CNPJ,NOT_APPLICABLE,,1,3,11952.94,30123.933200,30290.240248736845,-0.5999,Comportamento esperado
196,220701,Delegado Matheus Laiola,UNIÃO,PR,Outros,Serviços Postais,0,Sem indício cadastral crítico,FOUND,ATIVA,1,2,4566.00,2362.262000,4411.055170390342,0.4996,Comportamento esperado
187,220565,Delegada Adriana Accorsi,PT,GO,Viagens,Passagem Aérea - Sigepa,,,,,0,7,9746.91,12997.291429,13545.423262596489,-0.24,Comportamento esperado
77,69871,Bacelar,PV,BA,Outros,Manutenção De Escritório De Apoio À Atividade Parlamentar,1,Situação cadastral não ativa: INAPTA,FOUND,INAPTA,1,5,4099.00,98257.521290,134321.8726415135,-0.701,Fornecedor com CNPJ suspeito
38,204353,Aline Gurgel,REPUBLICANOS,AP,Viagens,Passagem Aérea - Rpa,0,Sem indício cadastral crítico,FOUND,ATIVA,1,1,92.11,4617.490000,4023.3855612682983,-1.1248,Comportamento esperado
151,222142,Coronel Telhada,PP,SP,Alimentação,Fornecimento De Alimentação Do Parlamentar,1,Situação cadastral não ativa: BAIXADA,FOUND,BAIXADA,3,3,201.51,3366.001170,5609.697337170304,-0.5641,Fornecedor com CNPJ suspeito
521,220669,Lula Da Fonte,PP,PE,Alimentação,Fornecimento De Alimentação Do Parlamentar,0,Sem indício cadastral crítico,FOUND,ATIVA,2,3,263.37,3487.092941,8073.709935566787,-0.3993,Comportamento esperado
26,204571,Alex Santana,REPUBLICANOS,BA,Viagens,Passagem Aérea - Reembolso,0,Sem indício cadastral crítico,FOUND,ATIVA,2,3,10016.90,6722.195000,9392.208684505544,0.3508,Comportamento esperado
336,74374,Geraldo Resende,UNIÃO,MS,Viagens,Passagem Aérea - Reembolso,0,Sem indício cadastral crítico,FOUND,ATIVA,1,2,5045.70,14452.730000,23720.341588104926,-0.3966,Comportamento esperado
246,204562,Edilázio Júnior,PSD,MA,Hotéis,"Hospedagem ,exceto Do Parlamentar No Distrito Federal.",0,Sem indício cadastral crítico,FOUND,ATIVA,5,7,3907.23,16546.215714,24945.906621691578,-0.5067,Comportamento esperado
290,66828,Fausto Pinato,UNIÃO,SP,Publicidade,Divulgação Da Atividade Parlamentar.,1,Situação cadastral não ativa: BAIXADA,FOUND,BAIXADA,1,6,2999.94,243741.226243,313657.1515008437,-0.7675,Fornecedor com CNPJ suspeito
548,204522,Marco Bertaiolli,PSD,SP,Hotéis,"Hospedagem ,exceto Do Parlamentar No Distrito Federal.",0,Sem indício cadastral crítico,FOUND,ATIVA,1,5,3465.00,10014.789189,11435.329101648113,-0.5728,Comportamento esperado
635,73692,Osmar Terra,PL,RS,Viagens,Passagem Aérea - Reembolso,0,Sem indício cadastral crítico,FOUND,ATIVA,2,2,6866.62,7846.026333,10735.105702213965,-0.0912,Comportamento esperado
756,204480,Rogério Correia,PT,MG,Publicidade,Divulgação Da Atividade Parlamentar.,1,Erro na consulta pública de CNPJ,ERROR,,1,6,2848.75,194891.353020,276881.75990132586,-0.6936,Fornecedor com CNPJ suspeito
342,74270,Gilberto Nascimento,PSC,SP,Hotéis,"Hospedagem ,exceto Do Parlamentar No Distrito Federal.",0,Sem indício cadastral crítico,FOUND,ATIVA,1,1,218.28,10014.789189,11435.329101648113,-0.8567,Comportamento esperado
835,157130,Túlio Gadêlha,REDE,PE,Outros,"Serviço De Táxi, Pedágio E Estacionamento",1,Situação cadastral não ativa: BAIXADA,FOUND,BAIXADA,1,1,65.00,5084.056842,13620.11056577697,-0.3685,Fornecedor com CNPJ suspeito
352,107283,Gleisi Hoffmann,PT,PR,Hotéis,"Hospedagem ,exceto Do Parlamentar No Distrito Federal.",1,Situação cadastral não ativa: INAPTA,FOUND,INAPTA,1,3,883.00,18419.328649,34024.43115299299,-0.5154,Fornecedor com CNPJ suspeito
270,161550,Emidinho Madeira,PL,MG,Combustível,Combustíveis E Lubrificantes.,1,Situação cadastral não ativa: BAIXADA,FOUND,BAIXADA,1,1,150.00,65306.104375,92314.0005265802,-0.7058,Fornecedor com CNPJ suspeito
204,204542,Denis Bezerra,PSB,CE,Serviços profissionais,"Consultorias, Pesquisas E Trabalhos Técnicos.",0,Sem indício cadastral crítico,FOUND,ATIVA,2,5,35200.00,67459.660000,60466.2251856053,-0.5335,Comportamento esperado
602,81055,Márcio Jerry,PCDOB,MA,Serviços profissionais,"Consultorias, Pesquisas E Trabalhos Técnicos.",1,Situação cadastral não ativa: SUSPENSA,FOUND,SUSPENSA,1,1,15000.00,73247.500000,60193.25778602398,-0.9677,Fornecedor com CNPJ suspeito
259,204364,Eli Borges,PL,TO,Hotéis,"Hospedagem ,exceto Do Parlamentar No Distrito Federal.",1,Situação cadastral não ativa: SUSPENSA,FOUND,SUSPENSA,1,1,130.00,12387.293158,19170.891927221925,-0.6394,Fornecedor com CNPJ suspeito
672,216544,Paulo Vicente Caleffi,PSD,RS,Locomoção,Locação Ou Fretamento De Veículos Automotores,0,Sem indício cadastral crítico,FOUND,ATIVA,1,6,37500.00,182736.733051,177547.8783363845,-0.818,Comportamento esperado
776,160635,Ruy Carneiro,PSC,PB,Outros,Manutenção De Escritório De Apoio À Atividade Parlamentar,0,Sem indício cadastral crítico,FOUND,ATIVA,1,1,320.80,40088.436364,59072.75761932022,-0.6732,Comportamento esperado
832,197438,Tito,AVANTE,BA,Outros,Manutenção De Escritório De Apoio À Atividade Parlamentar,0,Sem indício cadastral crítico,FOUND,ATIVA,3,6,1631.01,98257.521290,134321.8726415135,-0.7194,Comportamento esperado
635,73692,Osmar Terra,MDB,RS,Outros,"Serviço De Táxi, Pedágio E Estacionamento",1,Situação cadastral não ativa: BAIXADA,FOUND,BAIXADA,1,1,10.00,10192.084923,16137.89190584743,-0.6309,Fornecedor com CNPJ suspeito
542,160161,Marcelo Queiroz,PSDB,RJ,Viagens,Passagem Aérea - Reembolso,0,Sem indício cadastral crítico,FOUND,ATIVA,3,3,7656.37,9840.865893,10669.362639943789,-0.2047,Comportamento esperado
555,220547,Marcos Pollon,PL,MS,Viagens,Passagem Aérea - Reembolso,0,Sem indício cadastral crítico,FOUND,ATIVA,1,1,3139.13,14452.730000,23720.341588104926,-0.477,Comportamento esperado
243,220623,Duda Salabert,PSOL,MG,Comunicação,Telefonia,0,Sem indício cadastral crítico,FOUND,ATIVA,4,5,758.64,15607.667083,19082.29985422686,-0.7782,Comportamento esperado
500,229082,Lucyana Genésio,PDT,MA,Viagens,Passagem Aérea - Sigepa,,,,,0,6,3323.29,132207.227045,122458.5508602934,-1.0525,Comportamento esperado
466,98057,Lafayette De Andrada,PL,MG,Locomoção,Locação Ou Fretamento De Veículos Automotores,1,Situação cadastral não ativa: BAIXADA,FOUND,BAIXADA,3,15,66413.91,199358.988889,190617.58878325575,-0.6974,Fornecedor com CNPJ suspeito
290,66828,Fausto Pinato,UNIÃO,SP,Hotéis,"Hospedagem ,exceto Do Parlamentar No Distrito Federal.",0,Sem indício cadastral crítico,FOUND,ATIVA,3,6,3724.76,10014.789189,11435.329101648113,-0.5501,Comportamento esperado
314,204494,Fred Costa,PATRIOTA,MG,Serviços profissionais,"Consultorias, Pesquisas E Trabalhos Técnicos.",0,Sem indício cadastral crítico,FOUND,ATIVA,2,8,36000.00,50370.301935,57079.85828457048,-0.2518,Comportamento esperado
21,160559,Alceu Moreira,MDB,RS,Publicidade,Divulgação Da Atividade Parlamentar.,1,Situação cadastral não ativa: BAIXADA,FOUND,BAIXADA,1,5,24700.00,215724.063125,265101.600265673,-0.7206,Fornecedor com CNPJ suspeito
715,74161,Reginaldo Lopes,PT,MG,Combustível,Combustíveis E Lubrificantes.,1,Situação cadastral não ativa: BAIXADA,FOUND,BAIXADA,4,4,805.81,65306.104375,92314.0005265802,-0.6987,Fornecedor com CNPJ suspeito
1,220593,Abilio Brunini,PL,MT,Outros,"Serviço De Táxi, Pedágio E Estacionamento",0,Sem indício cadastral crítico,FOUND,ATIVA,1,1,30.00,3540.579286,11648.42981256765,-0.3014,Comportamento esperado
424,204563,Josimar Maranhãozinho,PL,MA,Viagens,Passagem Aérea - Rpa,0,Sem indício cadastral crítico,FOUND,ATIVA,2,7,10433.50,17893.360952,34179.698738222214,-0.2183,Comportamento esperado
13,178835,Afonso Motta,PDT,RS,Outros,Serviços Postais,1,Situação cadastral não ativa: BAIXADA,FOUND,BAIXADA,1,1,140.60,862.238182,1333.8726370935917,-0.541,Fornecedor com CNPJ suspeito
783,204387,Sargento Fahur,PSD,PR,Alimentação,Fornecimento De Alimentação Do Parlamentar,1,Situação cadastral não ativa: BAIXADA,FOUND,BAIXADA,6,12,576.29,4173.948542,8441.04850518495,-0.4262,Fornecedor com CNPJ suspeito
193,220649,Delegado Da Cunha,UNIÃO,SP,Outros,Manutenção De Escritório De Apoio À Atividade Parlamentar,1,Situação cadastral não ativa: BAIXADA,FOUND,BAIXADA,1,1,1100.00,98538.487659,143509.98800071477,-0.679,Fornecedor com CNPJ suspeito
877,204559,Zé Neto,PT,BA,Alimentação,Fornecimento De Alimentação Do Parlamentar,1,Situação cadastral não ativa: SUSPENSA,FOUND,SUSPENSA,1,1,83.49,5334.958511,10548.888785765435,-0.4978,Fornecedor com CNPJ suspeito
526,139285,Lídice Da Mata,PSB,BA,Outros,"Serviço De Táxi, Pedágio E Estacionamento",1,Situação cadastral não ativa: BAIXADA,FOUND,BAIXADA,2,2,87.62,7947.726552,12451.86965129915,-0.6312,Fornecedor com CNPJ suspeito
697,204390,Professor Alcides,PL,GO,Publicidade,Divulgação Da Atividade Parlamentar.,0,Sem indício cadastral crítico,FOUND,ATIVA,2,9,164000.00,294423.402917,352090.0693215526,-0.3704,Comportamento esperado
318,68720,Fábio Henrique,UNIÃO,SE,Comunicação,Telefonia,0,Sem indício cadastral crítico,FOUND,ATIVA,2,7,2002.95,10940.770000,16435.398849269677,-0.5438,Comportamento esperado
833,220684,Tião Medeiros,PP,PR,Outros,"Passagens Terrestres, Marítimas Ou Fluviais",0,Sem indício cadastral crítico,FOUND,ATIVA,2,2,427.14,1895.154815,2124.8795888027494,-0.6909,Comportamento esperado
34,221148,Alfredinho,PT,SP,Outros,"Serviço De Táxi, Pedágio E Estacionamento",1,Situação cadastral não ativa: INAPTA,FOUND,INAPTA,1,1,20.00,11967.060840,16796.655097373645,-0.7113,Fornecedor com CNPJ suspeito
658,178860,Paulo Azi,UNIÃO,BA,Viagens,Passagem Aérea - Reembolso,1,Erro na consulta pública de CNPJ,ERROR,,1,2,37362.80,6722.195000,9392.208684505544,3.2623,Anomalia crítica: outlier financeiro com fornecedor suspeito
154,220608,Cristiane Lopes,PODE,RO,Locomoção,Locação Ou Fretamento De Embarcações,0,Sem indício cadastral crítico,FOUND,ATIVA,1,1,650.00,1505.000000,1209.1525958289963,-0.7071,Comportamento esperado
439,141459,João Maia,PL,RN,Publicidade,Divulgação Da Atividade Parlamentar.,1,Situação cadastral não ativa: BAIXADA,FOUND,BAIXADA,2,2,3000.00,246483.533462,299233.5953313259,-0.8137,Fornecedor com CNPJ suspeito
332,204484,General Peternelli,UNIÃO,SP,Outros,"Serviço De Táxi, Pedágio E Estacionamento",0,Documento não consultado por não ser CNPJ,NOT_APPLICABLE,,1,1,40.00,11967.060840,16796.655097373645,-0.7101,Comportamento esperado
479,74299,Leônidas Cristino,PDT,CE,Outros,Manutenção De Escritório De Apoio À Atividade Parlamentar,1,Situação cadastral não ativa: BAIXADA,FOUND,BAIXADA,1,26,4659.72,68348.775082,105244.60317209057,-0.6052,Fornecedor com CNPJ suspeito
178,220557,Daniela Reinehr,PL,SC,Viagens,Passagem Aérea - Reembolso,0,Sem indício cadastral crítico,FOUND,ATIVA,3,9,19968.47,9023.088750,8047.509872572903,1.3601,Comportamento esperado
154,220608,Cristiane Lopes,PODE,RO,Outros,"Passagens Terrestres, Marítimas Ou Fluviais",0,Sem indício cadastral crítico,FOUND,ATIVA,1,1,210.00,1587.393333,2447.2122798455116,-0.5628,Comportamento esperado
860,178952,Walter Alves,MDB,RN,Locomoção,Locação Ou Fretamento De Veículos Automotores,0,Sem indício cadastral crítico,FOUND,ATIVA,1,3,12000.00,157542.546842,185025.17121572056,-0.7866,Comportamento esperado
440,112437,João Marcelo Souza,MDB,MA,Outros,"Passagens Terrestres, Marítimas Ou Fluviais",0,Sem indício cadastral crítico,FOUND,ATIVA,1,1,465.00,2098.127143,3387.0696388112747,-0.4822,Comportamento esperado
221,213854,Dr. Agripino Magalhães,UNIÃO,CE,Viagens,Passagem Aérea - Reembolso,0,Sem indício cadastral crítico,FOUND,ATIVA,1,1,2943.23,12007.303200,17888.200103405623,-0.5067,Comportamento esperado
164,220555,Daiana Santos,PCDOB,RS,Viagens,Passagem Aérea - Reembolso,1,Erro na consulta pública de CNPJ,ERROR,,1,1,7638.54,7846.026333,10735.105702213965,-0.0193,Fornecedor com CNPJ suspeito
710,220626,Rafael Simoes,UNIÃO,MG,Viagens,Passagem Aérea - Reembolso,0,Sem indício cadastral crítico,FOUND,ATIVA,1,2,2166.19,7020.191961,10297.188894597206,-0.4714,Comportamento esperado
557,220604,Marcos Tavares,PDT,RJ,Combustível,Combustíveis E Lubrificantes.,1,Situação cadastral não ativa: INAPTA,FOUND,INAPTA,1,2,1040.00,44023.319398,62812.667137756165,-0.6843,Fornecedor com CNPJ suspeito
552,204431,Marcos Aurélio Sampaio,MDB,PI,Outros,Serviço De Segurança Prestado Por Empresa Especializada.,0,Sem indício cadastral crítico,FOUND,ATIVA,1,6,51000.00,147917.945000,155282.31492759756,-0.6241,Comportamento esperado
34,221148,Alfredinho,PT,SP,Outros,"Participação Em Curso, Palestra Ou Evento Similar",0,Sem indício cadastral crítico,FOUND,ATIVA,1,1,9145.61,12532.406667,9680.81978161113,-0.3498,Comportamento esperado
350,152605,Glauber Braga,PSOL,RJ,Outros,"Passagens Terrestres, Marítimas Ou Fluviais",1,Situação cadastral não ativa: BAIXADA,FOUND,BAIXADA,1,1,82.30,1539.978571,2924.304901002727,-0.4985,Fornecedor com CNPJ suspeito
521,220669,Lula Da Fonte,PP,PE,Viagens,Passagem Aérea - Rpa,0,Sem indício cadastral crítico,FOUND,ATIVA,1,3,3073.12,15238.795000,22485.76149111043,-0.541,Comportamento esperado
493,220581,Luciano Amaral,PSD,AL,Hotéis,"Hospedagem ,exceto Do Parlamentar No Distrito Federal.",0,Sem indício cadastral crítico,FOUND,ATIVA,1,2,1367.32,10355.987000,9952.54062426837,-0.9032,Comportamento esperado
56,204423,André Ferreira,PL,PE,Outros,Manutenção De Escritório De Apoio À Atividade Parlamentar,1,Situação cadastral não ativa: BAIXADA,FOUND,BAIXADA,1,1,59.50,90785.734524,140277.34198893898,-0.6468,Fornecedor com CNPJ suspeito
536,204433,Marcelo Calero,PSD,RJ,Outros,"Serviço De Táxi, Pedágio E Estacionamento",1,Erro na consulta pública de CNPJ,ERROR,,1,2,221.54,8455.730411,14321.838989715481,-0.5749,Fornecedor com CNPJ suspeito
22,204413,Alcides Rodrigues,PATRIOTA,GO,Outros,"Serviço De Táxi, Pedágio E Estacionamento",1,Situação cadastral não ativa: BAIXADA,FOUND,BAIXADA,1,1,28.00,4054.328571,5832.390128543895,-0.6903,Fornecedor com CNPJ suspeito
7,204560,Adolfo Viana,PSDB,BA,Outros,Manutenção De Escritório De Apoio À Atividade Parlamentar,1,Situação cadastral não ativa: BAIXADA,FOUND,BAIXADA,1,1,299.00,98257.521290,134321.8726415135,-0.7293,Fornecedor com CNPJ suspeito
192,220673,Delegado Caveira,PL,PA,Locomoção,Locação Ou Fretamento De Veículos Automotores,0,Sem indício cadastral crítico,FOUND,ATIVA,2,2,6900.00,121907.551481,147158.0353457022,-0.7815,Comportamento esperado
152,220590,Coronel Ulysses,UNIÃO,AC,Locomoção,Locação Ou Fretamento De Veículos Automotores,0,Sem indício cadastral crítico,FOUND,ATIVA,1,1,1900.00,136825.250667,132327.06516765346,-1.0196,Comportamento esperado
724,73801,Renildo Calheiros,PCDOB,PE,Viagens,Passagem Aérea - Rpa,0,Sem indício cadastral crítico,FOUND,ATIVA,1,6,10535.51,15238.795000,22485.76149111043,-0.2092,Comportamento esperado
196,220701,Delegado Matheus Laiola,UNIÃO,PR,Locomoção,Locação Ou Fretamento De Veículos Automotores,1,Situação cadastral não ativa: BAIXADA,FOUND,BAIXADA,1,2,8955.36,113439.957419,130977.93601797776,-0.7977,Fornecedor com CNPJ suspeito
779,220631,Samuel Viana,UNIÃO,MG,Alimentação,Fornecimento De Alimentação Do Parlamentar,1,Situação cadastral não ativa: SUSPENSA,FOUND,SUSPENSA,1,1,15.00,3421.773553,6721.942950865462,-0.5068,Fornecedor com CNPJ suspeito
884,204509,Áurea Carolina,PSOL,MG,Locomoção,Locação Ou Fretamento De Veículos Automotores,1,Situação cadastral não ativa: BAIXADA,FOUND,BAIXADA,1,2,2497.51,199358.988889,190617.58878325575,-1.0328,Fornecedor com CNPJ suspeito
598,179001,Márcio Biolchi,MDB,RS,Outros,"Passagens Terrestres, Marítimas Ou Fluviais",0,Sem indício cadastral crítico,FOUND,ATIVA,1,1,349.75,4236.036552,8253.072405382596,-0.4709,Comportamento esperado
422,220578,Josenildo,PDT,AP,Hotéis,"Hospedagem ,exceto Do Parlamentar No Distrito Federal.",0,Sem indício cadastral crítico,FOUND,ATIVA,1,1,1578.55,5136.092500,6592.979949253359,-0.5396,Comportamento esperado
797,204360,Silvia Cristina,PP,RO,Locomoção,Locação Ou Fretamento De Veículos Automotores,0,Sem indício cadastral crítico,FOUND,ATIVA,1,1,2900.00,233590.273571,213347.19250523738,-1.0813,Comportamento esperado
615,146307,Neri Geller,PP,MT,Combustível,Combustíveis E Lubrificantes.,1,Situação cadastral não ativa: BAIXADA,FOUND,BAIXADA,3,3,741.83,34330.305532,57340.29977264771,-0.5858,Fornecedor com CNPJ suspeito
774,73604,Rui Falcão,PT,SP,Outros,Manutenção De Escritório De Apoio À Atividade Parlamentar,1,Situação cadastral não ativa: BAIXADA,FOUND,BAIXADA,1,3,585.00,98538.487659,143509.98800071477,-0.6826,Fornecedor com CNPJ suspeito
28,204544,Alexandre Frota,PROS,SP,Publicidade,Divulgação Da Atividade Parlamentar.,0,Sem indício cadastral crítico,FOUND,ATIVA,3,10,111600.00,243741.226243,313657.1515008437,-0.4213,Comportamento esperado
163,141411,Dagoberto Nogueira,PP,MS,Combustível,Combustíveis E Lubrificantes.,1,Situação cadastral não ativa: BAIXADA,FOUND,BAIXADA,1,1,557.53,73790.692609,89494.27774679432,-0.8183,Fornecedor com CNPJ suspeito
779,220631,Samuel Viana,UNIÃO,MG,Publicidade,Divulgação Da Atividade Parlamentar.,0,Sem indício cadastral crítico,FOUND,ATIVA,1,1,2000.00,194891.353020,276881.75990132586,-0.6967,Comportamento esperado
667,74574,Paulo Magalhães,PSD,BA,Viagens,Passagem Aérea - Reembolso,0,Sem indício cadastral crítico,FOUND,ATIVA,2,2,1719.72,6722.195000,9392.208684505544,-0.5326,Comportamento esperado
618,229939,Newton Bonin,UNIÃO,PR,Outros,Manutenção De Escritório De Apoio À Atividade Parlamentar,0,Sem indício cadastral crítico,FOUND,ATIVA,1,1,174.30,86193.122500,116860.66498214444,-0.7361,Comportamento esperado
857,215044,Vivi Reis,PSOL,PA,Combustível,Combustíveis E Lubrificantes.,1,Situação cadastral não ativa: SUSPENSA,FOUND,SUSPENSA,1,2,405.44,39488.928400,62234.56368268833,-0.628,Fornecedor com CNPJ suspeito
90,204388,Bibo Nunes,PL,RS,Comunicação,Telefonia,0,Sem indício cadastral crítico,FOUND,ATIVA,1,1,300.00,19321.830435,18898.364290143905,-1.0065,Comportamento esperado
432,204555,José Ricardo,PT,AM,Hotéis,"Hospedagem ,exceto Do Parlamentar No Distrito Federal.",1,Situação cadastral não ativa: BAIXADA,FOUND,BAIXADA,1,2,900.00,3767.283750,3036.5104204941636,-0.9443,Fornecedor com CNPJ suspeito
556,178943,Marcos Soares,PSDB,RJ,Combustível,Combustíveis E Lubrificantes.,1,Situação cadastral não ativa: BAIXADA,FOUND,BAIXADA,1,1,160.04,44023.319398,62812.667137756165,-0.6983,Fornecedor com CNPJ suspeito
413,160548,Jonas Donizette,PSB,SP,Viagens,Passagem Aérea - Reembolso,0,Sem indício cadastral crítico,FOUND,ATIVA,3,4,8191.61,9758.571000,11443.414965885137,-0.1369,Comportamento esperado
159,204370,Célio Moura,PT,TO,Hotéis,"Hospedagem ,exceto Do Parlamentar No Distrito Federal.",1,Situação cadastral não ativa: BAIXADA,FOUND,BAIXADA,2,3,370.00,12387.293158,19170.891927221925,-0.6269,Fornecedor com CNPJ suspeito
673,171617,Paulão,PT,AL,Combustível,Combustíveis E Lubrificantes.,1,Situação cadastral não ativa: BAIXADA,FOUND,BAIXADA,4,4,789.66,41184.340741,54405.12179897842,-0.7425,Fornecedor com CNPJ suspeito
301,92699,Fernando Monteiro,PP,PE,Combustível,Combustíveis E Lubrificantes.,1,Situação cadastral não ativa: BAIXADA,FOUND,BAIXADA,2,3,742.61,53506.291935,82942.380015203,-0.6361,Fornecedor com CNPJ suspeito
461,220677,Keniston Braga,MDB,PA,Viagens,Passagem Aérea - Rpa,0,Sem indício cadastral crítico,FOUND,ATIVA,1,1,50.00,40638.794706,54559.71826891466,-0.7439,Comportamento esperado
870,178923,Zeca Cavalcanti,PTB,PE,Publicidade,Divulgação Da Atividade Parlamentar.,0,Sem indício cadastral crítico,FOUND,ATIVA,1,1,10000.00,241972.708182,301628.5621101344,-0.7691,Comportamento esperado
831,160976,Tiririca,PL,SP,Viagens,Passagem Aérea - Rpa,0,Sem indício cadastral crítico,FOUND,ATIVA,1,1,2542.83,24943.515352,36157.13967829913,-0.6195,Comportamento esperado
245,228272,Délio Pinheiro,PDT,MG,Locomoção,Locação Ou Fretamento De Veículos Automotores,0,Sem indício cadastral crítico,FOUND,ATIVA,1,6,30528.30,199358.988889,190617.58878325575,-0.8857,Comportamento esperado
463,204536,Kim Kataguiri,UNIÃO,SP,Viagens,Passagem Aérea - Rpa,0,Sem indício cadastral crítico,FOUND,ATIVA,3,5,9168.13,24943.515352,36157.13967829913,-0.4363,Comportamento esperado
68,73433,Arlindo Chinaglia,PT,SP,Outros,Aquisição De Tokens E Certificados Digitais,0,Sem indício cadastral crítico,FOUND,ATIVA,1,1,165.00,237.090000,170.74249018787194,-0.4222,Comportamento esperado
371,220537,Helena Lima,PSD,RR,Outros,"Serviço De Táxi, Pedágio E Estacionamento",1,Situação cadastral não ativa: BAIXADA,FOUND,BAIXADA,1,5,98.73,569.325714,496.7686626541957,-0.9473,Fornecedor com CNPJ suspeito
752,74693,Rodrigo Maia,PSDB,RJ,Outros,Manutenção De Escritório De Apoio À Atividade Parlamentar,1,Situação cadastral não ativa: BAIXADA,FOUND,BAIXADA,1,3,196.00,80988.593819,134414.71100556676,-0.6011,Fornecedor com CNPJ suspeito
105,204572,Capitão Alberto Neto,PL,AM,Outros,Manutenção De Escritório De Apoio À Atividade Parlamentar,1,Erro na consulta pública de CNPJ,ERROR,,1,1,1200.00,35177.838000,53399.12696043168,-0.6363,Fornecedor com CNPJ suspeito
661,160517,Paulo Folletto,PSB,ES,Hotéis,"Hospedagem ,exceto Do Parlamentar No Distrito Federal.",1,Situação cadastral não ativa: BAIXADA,FOUND,BAIXADA,1,1,100.00,14136.593684,23816.6886480095,-0.5894,Fornecedor com CNPJ suspeito
293,204398,Felipe Francischini,UNIÃO,PR,Hotéis,"Hospedagem ,exceto Do Parlamentar No Distrito Federal.",1,Situação cadastral não ativa: BAIXADA,FOUND,BAIXADA,1,2,480.00,18419.328649,34024.43115299299,-0.5272,Fornecedor com CNPJ suspeito
429,204391,José Nelto,PP,GO,Publicidade,Divulgação Da Atividade Parlamentar.,1,Situação cadastral não ativa: INAPTA,FOUND,INAPTA,1,1,2800.00,294423.402917,352090.0693215526,-0.8283,Fornecedor com CNPJ suspeito
322,220653,Fábio Teruel,MDB,SP,Outros,"Serviço De Táxi, Pedágio E Estacionamento",1,Situação cadastral não ativa: BAIXADA,FOUND,BAIXADA,1,1,70.00,11967.060840,16796.655097373645,-0.7083,Fornecedor com CNPJ suspeito
367,204465,Haroldo Cathedral,PSD,RR,Locomoção,Locação Ou Fretamento De Veículos Automotores,0,Sem indício cadastral crítico,FOUND,ATIVA,1,4,50000.00,156360.151875,107532.52503854835,-0.9891,Comportamento esperado
80,220612,Bebeto,PP,RJ,Combustível,Combustíveis E Lubrificantes.,1,Situação cadastral não ativa: BAIXADA,FOUND,BAIXADA,2,2,382.20,44023.319398,62812.667137756165,-0.6948,Fornecedor com CNPJ suspeito
292,72442,Felipe Carreras,PSB,PE,Outros,"Serviço De Táxi, Pedágio E Estacionamento",0,Sem indício cadastral crítico,FOUND,ATIVA,1,2,95.95,5084.056842,13620.11056577697,-0.3662,Comportamento esperado
741,220588,Roberto Duarte,REPUBLICANOS,AC,Publicidade,Divulgação Da Atividade Parlamentar.,1,Situação cadastral não ativa: BAIXADA,FOUND,BAIXADA,1,1,2000.00,295132.464706,394989.3569390969,-0.7421,Fornecedor com CNPJ suspeito
314,204494,Fred Costa,PRD,MG,Publicidade,Divulgação Da Atividade Parlamentar.,1,Situação cadastral não ativa: BAIXADA,FOUND,BAIXADA,2,2,1750.00,194891.353020,276881.75990132586,-0.6976,Fornecedor com CNPJ suspeito
127,141405,Celso Maldaner,MDB,SC,Serviços profissionais,"Consultorias, Pesquisas E Trabalhos Técnicos.",0,Sem indício cadastral crítico,FOUND,ATIVA,1,4,137000.00,54951.871000,53748.576570772435,1.5265,Comportamento esperado
345,220526,Gilvan Da Federal,PL,ES,Viagens,Passagem Aérea - Reembolso,0,Sem indício cadastral crítico,FOUND,ATIVA,1,1,1547.00,10428.191818,24247.266158601393,-0.3663,Comportamento esperado
370,178873,Helder Salomão,PT,ES,Outros,"Serviço De Táxi, Pedágio E Estacionamento",1,Situação cadastral não ativa: BAIXADA,FOUND,BAIXADA,1,1,66.98,4193.280000,4516.28138620702,-0.9136,Fornecedor com CNPJ suspeito
711,204567,Raimundo Costa,PSD,BA,Combustível,Combustíveis E Lubrificantes.,1,Situação cadastral não ativa: BAIXADA,FOUND,BAIXADA,3,3,626.00,76280.976842,110667.4963849575,-0.6836,Fornecedor com CNPJ suspeito
12,136811,Afonso Hamm,PP,RS,Publicidade,Assinatura De Publicações,0,Sem indício cadastral crítico,FOUND,ATIVA,1,1,43.00,4387.790000,5356.19612339018,-0.8112,Comportamento esperado
648,220615,Pastor Henrique Vieira,PSOL,RJ,Publicidade,Divulgação Da Atividade Parlamentar.,1,Situação cadastral não ativa: BAIXADA,FOUND,BAIXADA,1,2,23000.00,226781.355120,259582.44863584734,-0.785,Fornecedor com CNPJ suspeito
90,204388,Bibo Nunes,PL,RS,Outros,"Serviço De Táxi, Pedágio E Estacionamento",1,Situação cadastral não ativa: BAIXADA,FOUND,BAIXADA,1,1,22.00,10192.084923,16137.89190584743,-0.6302,Fornecedor com CNPJ suspeito
362,204442,Gurgel,PL,RJ,Alimentação,Fornecimento De Alimentação Do Parlamentar,0,Sem indício cadastral crítico,FOUND,ATIVA,1,1,107.90,5314.154545,11413.915891543053,-0.4561,Comportamento esperado
562,178956,Mariana Carvalho,REPUBLICANOS,RO,Outros,Manutenção De Escritório De Apoio À Atividade Parlamentar,1,Situação cadastral não ativa: BAIXADA,FOUND,BAIXADA,1,3,803.40,40149.183103,63678.43736701476,-0.6179,Fornecedor com CNPJ suspeito
187,220565,Delegada Adriana Accorsi,PT,GO,Outros,"Passagens Terrestres, Marítimas Ou Fluviais",0,Sem indício cadastral crítico,FOUND,ATIVA,2,2,159.98,449.695000,701.2740362155153,-0.4131,Comportamento esperado
526,139285,Lídice Da Mata,PSB,BA,Outros,"Serviço De Táxi, Pedágio E Estacionamento",1,Situação cadastral não ativa: INAPTA,FOUND,INAPTA,2,3,99.00,7947.726552,12451.86965129915,-0.6303,Fornecedor com CNPJ suspeito
418,178857,Jorge Solla,PT,BA,Comunicação,Telefonia,1,Situação cadastral não ativa: BAIXADA,FOUND,BAIXADA,1,1,266.25,23153.030698,23468.568952979214,-0.9752,Fornecedor com CNPJ suspeito
627,66179,Norma Ayub,PP,ES,Hotéis,"Hospedagem ,exceto Do Parlamentar No Distrito Federal.",0,Sem indício cadastral crítico,FOUND,ATIVA,3,7,1722.85,14136.593684,23816.6886480095,-0.5212,Comportamento esperado
510,74041,Luiz Couto,PT,PB,Viagens,Passagem Aérea - Reembolso,0,Sem indício cadastral crítico,FOUND,ATIVA,1,1,3120.80,14118.253125,32577.997530279183,-0.3376,Comportamento esperado
877,204559,Zé Neto,PT,BA,Publicidade,Assinatura De Publicações,0,Sem indício cadastral crítico,FOUND,ATIVA,2,4,1872.00,1162.932500,522.4619816072744,1.3572,Comportamento esperado
758,178930,Roman,PP,PR,Locomoção,Locação Ou Fretamento De Veículos Automotores,0,Sem indício cadastral crítico,FOUND,ATIVA,1,3,6000.00,113439.957419,130977.93601797776,-0.8203,Comportamento esperado
118,204460,Carlos Jordy,PL,RJ,Combustível,Combustíveis E Lubrificantes.,1,CNPJ não encontrado na API pública,NOT_FOUND,,2,3,300.00,44023.319398,62812.667137756165,-0.6961,Fornecedor com CNPJ suspeito
278,160640,Eros Biondini,PL,MG,Outros,Manutenção De Escritório De Apoio À Atividade Parlamentar,1,Situação cadastral não ativa: BAIXADA,FOUND,BAIXADA,1,2,201.34,123562.947566,162703.54342443834,-0.7582,Fornecedor com CNPJ suspeito
537,220599,Marcelo Crivella,REPUBLICANOS,RJ,Alimentação,Fornecimento De Alimentação Do Parlamentar,1,Situação cadastral não ativa: SUSPENSA,FOUND,SUSPENSA,2,2,147.41,5314.154545,11413.915891543053,-0.4527,Fornecedor com CNPJ suspeito
249,74655,Eduardo Barbosa,PSDB,MG,Alimentação,Fornecimento De Alimentação Do Parlamentar,1,Situação cadastral não ativa: SUSPENSA,FOUND,SUSPENSA,1,1,64.30,3421.773553,6721.942950865462,-0.4995,Fornecedor com CNPJ suspeito
802,220651,Simone Marquetto,PP,SP,Outros,Serviço De Segurança Prestado Por Empresa Especializada.,0,Sem indício cadastral crítico,FOUND,ATIVA,1,3,8070.24,57471.443333,111341.01915358497,-0.4437,Comportamento esperado
339,74383,Giacobo,PL,PR,Viagens,Passagem Aérea - Rpa,0,Sem indício cadastral crítico,FOUND,ATIVA,2,2,2822.37,26722.504474,58025.433845182,-0.4119,Comportamento esperado
416,205550,Jorge Braz,REPUBLICANOS,RJ,Outros,Serviços Postais,0,Sem indício cadastral crítico,FOUND,ATIVA,1,1,40.40,243.509167,238.83926913525045,-0.8504,Comportamento esperado
872,220592,Zezinho Barbary,PP,AC,Outros,Manutenção De Escritório De Apoio À Atividade Parlamentar,0,Sem indício cadastral crítico,FOUND,ATIVA,1,1,225.20,29735.132000,50394.769544197494,-0.5856,Comportamento esperado
530,179587,Major Vitor Hugo,PL,GO,Hotéis,"Hospedagem ,exceto Do Parlamentar No Distrito Federal.",1,Situação cadastral não ativa: BAIXADA,FOUND,BAIXADA,1,1,151.59,7024.380500,8737.204954294128,-0.7866,Fornecedor com CNPJ suspeito
728,220543,Ricardo Ayres,REPUBLICANOS,TO,Outros,Manutenção De Escritório De Apoio À Atividade Parlamentar,1,Situação cadastral não ativa: BAIXADA,FOUND,BAIXADA,1,1,100.00,60332.404118,100110.53801139936,-0.6017,Fornecedor com CNPJ suspeito
642,160556,Padre João,PT,MG,Outros,Manutenção De Escritório De Apoio À Atividade Parlamentar,1,Situação cadastral não ativa: BAIXADA,FOUND,BAIXADA,1,3,2306.90,123562.947566,162703.54342443834,-0.7453,Fornecedor com CNPJ suspeito
274,204537,Enrico Misasi,MDB,SP,Viagens,Passagem Aérea - Reembolso,0,Sem indício cadastral crítico,FOUND,ATIVA,1,1,2736.56,9758.571000,11443.414965885137,-0.6136,Comportamento esperado
17,178836,Alan Rick,UNIÃO,AC,Outros,Manutenção De Escritório De Apoio À Atividade Parlamentar,1,Situação cadastral não ativa: BAIXADA,FOUND,BAIXADA,1,3,486.50,29735.132000,50394.769544197494,-0.5804,Fornecedor com CNPJ suspeito
152,220590,Coronel Ulysses,UNIÃO,AC,Publicidade,Divulgação Da Atividade Parlamentar.,1,Situação cadastral não ativa: INAPTA,FOUND,INAPTA,2,2,50980.00,295132.464706,394989.3569390969,-0.6181,Fornecedor com CNPJ suspeito
671,141488,Paulo Teixeira,PT,SP,Outros,Serviços Postais,0,Sem indício cadastral crítico,FOUND,ATIVA,1,1,35.10,1015.584878,1403.5425598127083,-0.6986,Comportamento esperado
772,74371,Rubens Otoni,PT,GO,Serviços profissionais,"Consultorias, Pesquisas E Trabalhos Técnicos.",0,Sem indício cadastral crítico,FOUND,ATIVA,1,3,30000.00,99247.891538,60067.72576039702,-1.1528,Comportamento esperado
560,74398,Maria Do Rosário,PT,RS,Combustível,Combustíveis E Lubrificantes.,1,Situação cadastral não ativa: INAPTA,FOUND,INAPTA,1,1,240.00,60520.148547,97388.05968907535,-0.619,Fornecedor com CNPJ suspeito
841,141552,Valtenir Pereira,MDB,MT,Combustível,Combustíveis E Lubrificantes.,1,Situação cadastral não ativa: SUSPENSA,FOUND,SUSPENSA,1,1,100.00,34330.305532,57340.29977264771,-0.597,Fornecedor com CNPJ suspeito
8,204528,Adriana Ventura,NOVO,SP,Publicidade,Divulgação Da Atividade Parlamentar.,0,Sem indício cadastral crítico,FOUND,ATIVA,3,6,12651.00,243741.226243,313657.1515008437,-0.7368,Comportamento esperado
176,204409,Daniel Trzeciak,PSDB,RS,Serviços profissionais,"Consultorias, Pesquisas E Trabalhos Técnicos.",0,Sem indício cadastral crítico,FOUND,ATIVA,1,4,95000.00,39996.666667,35707.577110401064,1.5404,Comportamento esperado
387,220563,Icaro De Valmir,REPUBLICANOS,SE,Publicidade,Divulgação Da Atividade Parlamentar.,1,Situação cadastral não ativa: INAPTA,FOUND,INAPTA,1,1,3600.00,230946.483077,301200.1033422071,-0.7548,Fornecedor com CNPJ suspeito
685,160604,Pedro Uczai,PT,SC,Hotéis,"Hospedagem ,exceto Do Parlamentar No Distrito Federal.",1,Situação cadastral não ativa: BAIXADA,FOUND,BAIXADA,1,1,341.05,36695.958649,43528.74004922331,-0.8352,Fornecedor com CNPJ suspeito
311,220551,Franciane Bayer,REPUBLICANOS,RS,Hotéis,"Hospedagem ,exceto Do Parlamentar No Distrito Federal.",1,Situação cadastral não ativa: BAIXADA,FOUND,BAIXADA,1,1,248.76,21826.986437,35658.661568585754,-0.6051,Fornecedor com CNPJ suspeito
519,178866,Luizianne Lins,REDE,CE,Viagens,Passagem Aérea - Reembolso,1,Erro na consulta pública de CNPJ,ERROR,,1,2,21769.14,12007.303200,17888.200103405623,0.5457,Fornecedor com CNPJ suspeito
862,160518,Weliton Prado,SOLIDARIEDADE,MG,Viagens,Passagem Aérea - Reembolso,0,Sem indício cadastral crítico,FOUND,ATIVA,1,1,3776.15,7020.191961,10297.188894597206,-0.315,Comportamento esperado
603,204452,Márcio Labre,PL,RJ,Viagens,Passagem Aérea - Rpa,0,Sem indício cadastral crítico,FOUND,ATIVA,1,1,1080.83,24365.871064,36425.48190750471,-0.6393,Comportamento esperado
356,198197,Greyce Elias,AVANTE,MG,Hotéis,"Hospedagem ,exceto Do Parlamentar No Distrito Federal.",1,Situação cadastral não ativa: INAPTA,FOUND,INAPTA,1,1,120.00,17018.453084,26330.369533202334,-0.6418,Fornecedor com CNPJ suspeito
85,220698,Beto Preto,PSD,PR,Outros,"Passagens Terrestres, Marítimas Ou Fluviais",0,Sem indício cadastral crítico,FOUND,ATIVA,2,2,564.19,1895.154815,2124.8795888027494,-0.6264,Comportamento esperado
133,74171,Chico Alencar,PSOL,RJ,Alimentação,Fornecimento De Alimentação Do Parlamentar,1,Situação cadastral não ativa: BAIXADA,FOUND,BAIXADA,1,1,28.34,5314.154545,11413.915891543053,-0.4631,Fornecedor com CNPJ suspeito
456,73586,Júlio Delgado,PV,MG,Outros,"Passagens Terrestres, Marítimas Ou Fluviais",0,Sem indício cadastral crítico,FOUND,ATIVA,1,1,247.99,3858.240000,6358.142634643256,-0.5678,Comportamento esperado
876,220536,Zé Haroldo Cathedral,UNIÃO,RR,Outros,"Serviço De Táxi, Pedágio E Estacionamento",0,Sem indício cadastral crítico,FOUND,ATIVA,1,2,46.00,569.325714,496.7686626541957,-1.0535,Comportamento esperado
187,220565,Delegada Adriana Accorsi,PT,GO,Outros,Manutenção De Escritório De Apoio À Atividade Parlamentar,0,Documento não consultado por não ser CNPJ,NOT_APPLICABLE,,1,2,6000.00,100447.486545,162486.21407041358,-0.5813,Comportamento esperado
809,177282,Subtenente Gonzaga,PSD,MG,Outros,"Serviço De Táxi, Pedágio E Estacionamento",0,Documento não consultado por não ser CNPJ,NOT_APPLICABLE,,3,3,348.86,5572.245385,10370.293242628488,-0.5037,Comportamento esperado
278,160640,Eros Biondini,PL,MG,Hotéis,"Hospedagem ,exceto Do Parlamentar No Distrito Federal.",1,Erro na consulta pública de CNPJ,ERROR,,1,1,8357.59,17018.453084,26330.369533202334,-0.3289,Fornecedor com CNPJ suspeito
488,204523,Lucas Gonzalez,NOVO,MG,Serviços profissionais,"Consultorias, Pesquisas E Trabalhos Técnicos.",1,Situação cadastral não ativa: BAIXADA,FOUND,BAIXADA,1,1,7000.00,50370.301935,57079.85828457048,-0.7598,Fornecedor com CNPJ suspeito
134,141439,Chico D'angelo,PDT,RJ,Publicidade,Assinatura De Publicações,0,Sem indício cadastral crítico,FOUND,ATIVA,1,2,163.80,4317.763846,4399.037924691675,-0.9443,Comportamento esperado
511,141487,Luiz Fernando Faria,UNIÃO,MG,Viagens,Passagem Aérea - Rpa,0,Sem indício cadastral crítico,FOUND,ATIVA,1,3,9414.52,40253.940526,63478.97879162227,-0.4858,Comportamento esperado
465,141478,Laerte Bessa,PL,DF,Publicidade,Divulgação Da Atividade Parlamentar.,0,Sem indício cadastral crítico,FOUND,ATIVA,1,1,5460.00,274983.723704,375023.4293293225,-0.7187,Comportamento esperado
170,74060,Daniel Almeida,PCDOB,BA,Outros,Serviços Postais,0,Sem indício cadastral crítico,FOUND,ATIVA,1,1,1673.10,1465.597500,2527.93213294582,0.0821,Comportamento esperado
856,178992,Vitor Lippi,PSDB,SP,Viagens,Passagem Aérea - Rpa,0,Sem indício cadastral crítico,FOUND,ATIVA,3,4,5796.11,24943.515352,36157.13967829913,-0.5296,Comportamento esperado
433,74554,José Rocha,UNIÃO,BA,Hotéis,"Hospedagem ,exceto Do Parlamentar No Distrito Federal.",1,Erro na consulta pública de CNPJ,ERROR,,1,2,25005.65,14559.116889,26542.375379101115,0.3936,Fornecedor com CNPJ suspeito
603,204452,Márcio Labre,PL,RJ,Outros,Manutenção De Escritório De Apoio À Atividade Parlamentar,0,Sem indício cadastral crítico,FOUND,ATIVA,1,1,266.00,80988.593819,134414.71100556676,-0.6005,Comportamento esperado
608,204453,Natália Bonavides,PT,RN,Hotéis,"Hospedagem ,exceto Do Parlamentar No Distrito Federal.",1,Situação cadastral não ativa: INAPTA,FOUND,INAPTA,1,1,566.00,10401.272857,14188.915930464025,-0.6932,Fornecedor com CNPJ suspeito
199,220654,Delegado Paulo Bilynskyj,PL,SP,Hotéis,"Hospedagem ,exceto Do Parlamentar No Distrito Federal.",1,Erro na consulta pública de CNPJ,ERROR,,1,3,20652.70,10014.789189,11435.329101648113,0.9303,Fornecedor com CNPJ suspeito
571,204428,Marília Arraes,SOLIDARIEDADE,PE,Hotéis,"Hospedagem ,exceto Do Parlamentar No Distrito Federal.",1,Situação cadastral não ativa: BAIXADA,FOUND,BAIXADA,1,1,200.00,17089.374528,23447.97906027458,-0.7203,Fornecedor com CNPJ suspeito
127,141405,Celso Maldaner,MDB,SC,Publicidade,Assinatura De Publicações,0,Sem indício cadastral crítico,FOUND,ATIVA,1,1,140.00,1002.800000,856.1605048120359,-1.0078,Comportamento esperado
651,218741,Patrick Dorneles,PSD,PB,Hotéis,"Hospedagem ,exceto Do Parlamentar No Distrito Federal.",0,Sem indício cadastral crítico,FOUND,ATIVA,3,3,450.00,9643.162222,20671.000404330745,-0.4447,Comportamento esperado
248,204421,Edna Henrique,REPUBLICANOS,PB,Viagens,Passagem Aérea - Reembolso,0,Sem indício cadastral crítico,FOUND,ATIVA,1,1,1293.35,14118.253125,32577.997530279183,-0.3937,Comportamento esperado
249,74655,Eduardo Barbosa,PSDB,MG,Combustível,Combustíveis E Lubrificantes.,1,Situação cadastral não ativa: BAIXADA,FOUND,BAIXADA,1,2,230.00,65306.104375,92314.0005265802,-0.7049,Fornecedor com CNPJ suspeito
669,74400,Paulo Pimenta,PT,RS,Locomoção,Locação Ou Fretamento De Veículos Automotores,0,Sem indício cadastral crítico,FOUND,ATIVA,1,3,16813.20,182736.733051,177547.8783363845,-0.9345,Comportamento esperado
268,221149,Elói Pietá,PT,SP,Viagens,Passagem Aérea - Sigepa,,,,,0,2,1161.23,185430.171967,136227.76556134285,-1.3527,Comportamento esperado
564,204432,Marina Santos,REPUBLICANOS,PI,Viagens,Passagem Aérea - Rpa,0,Sem indício cadastral crítico,FOUND,ATIVA,1,2,4937.10,17321.367273,29804.932291452395,-0.4155,Comportamento esperado
259,204364,Eli Borges,REPUBLICANOS,TO,Hotéis,"Hospedagem ,exceto Do Parlamentar No Distrito Federal.",1,Situação cadastral não ativa: SUSPENSA,FOUND,SUSPENSA,1,2,450.00,12387.293158,19170.891927221925,-0.6227,Fornecedor com CNPJ suspeito
801,220569,Silvye Alves,UNIÃO,GO,Combustível,Combustíveis E Lubrificantes.,1,Situação cadastral não ativa: BAIXADA,FOUND,BAIXADA,3,3,822.38,65044.277593,95738.05404592726,-0.6708,Fornecedor com CNPJ suspeito
757,160651,Rogério Peninha Mendonça,MDB,SC,Serviços profissionais,"Consultorias, Pesquisas E Trabalhos Técnicos.",0,Sem indício cadastral crítico,FOUND,ATIVA,1,2,24000.00,54951.871000,53748.576570772435,-0.5759,Comportamento esperado
583,74428,Mendonça Filho,PL,PE,Viagens,Passagem Aérea - Reembolso,1,Erro na consulta pública de CNPJ,ERROR,,1,2,5730.00,7471.163333,10016.291980131698,-0.1738,Fornecedor com CNPJ suspeito
677,220667,Pedro Campos,PSB,PE,Viagens,Passagem Aérea - Reembolso,1,Erro na consulta pública de CNPJ,ERROR,,1,1,14349.90,7471.163333,10016.291980131698,0.6868,Fornecedor com CNPJ suspeito
164,220555,Daiana Santos,PCDOB,RS,Hotéis,"Hospedagem ,exceto Do Parlamentar No Distrito Federal.",1,Erro na consulta pública de CNPJ,ERROR,,1,1,1677.66,21826.986437,35658.661568585754,-0.5651,Fornecedor com CNPJ suspeito
856,178992,Vitor Lippi,PSDB,SP,Viagens,Passagem Aérea - Reembolso,0,Sem indício cadastral crítico,FOUND,ATIVA,1,1,90.00,9758.571000,11443.414965885137,-0.8449,Comportamento esperado
699,204446,Professor Joziel,PATRIOTA,RJ,Viagens,Passagem Aérea - Reembolso,0,Sem indício cadastral crítico,FOUND,ATIVA,2,3,4608.74,9840.865893,10669.362639943789,-0.4904,Comportamento esperado
839,204385,Valdevan Noventa,PL,SE,Locomoção,Locação Ou Fretamento De Veículos Automotores,0,Sem indício cadastral crítico,FOUND,ATIVA,1,4,14800.00,212589.297222,162975.5333971958,-1.2136,Comportamento esperado
175,204454,Daniel Silveira,PTB,RJ,Outros,"Serviço De Táxi, Pedágio E Estacionamento",1,Situação cadastral não ativa: BAIXADA,FOUND,BAIXADA,1,2,44.30,8455.730411,14321.838989715481,-0.5873,Fornecedor com CNPJ suspeito
777,178990,Samuel Moreira,PSDB,SP,Publicidade,Assinatura De Publicações,0,Sem indício cadastral crítico,FOUND,ATIVA,1,1,1765.86,3369.241333,3418.330377283657,-0.4691,Comportamento esperado
24,160511,Alessandro Molon,PSB,RJ,Outros,Manutenção De Escritório De Apoio À Atividade Parlamentar,1,Situação cadastral não ativa: BAIXADA,FOUND,BAIXADA,1,1,281.70,80988.593819,134414.71100556676,-0.6004,Fornecedor com CNPJ suspeito
339,74383,Giacobo,PL,PR,Comunicação,Telefonia,0,Sem indício cadastral crítico,FOUND,ATIVA,1,1,526.23,10984.091277,13121.60062975809,-0.797,Comportamento esperado
13,178835,Afonso Motta,PDT,RS,Outros,"Passagens Terrestres, Marítimas Ou Fluviais",1,Erro na consulta pública de CNPJ,ERROR,,1,2,377.50,4236.036552,8253.072405382596,-0.4675,Fornecedor com CNPJ suspeito
383,141450,Hugo Leal,PSD,RJ,Outros,"Serviço De Táxi, Pedágio E Estacionamento",1,Situação cadastral não ativa: INAPTA,FOUND,INAPTA,1,1,38.00,8455.730411,14321.838989715481,-0.5878,Fornecedor com CNPJ suspeito
325,224117,Gabriel Mota,UNIÃO,RR,Outros,Aquisição De Tokens E Certificados Digitais,0,Sem indício cadastral crítico,FOUND,ATIVA,1,1,7500.00,7500.000000,,,Comportamento esperado
521,220669,Lula Da Fonte,PP,PE,Outros,Manutenção De Escritório De Apoio À Atividade Parlamentar,1,Situação cadastral não ativa: BAIXADA,FOUND,BAIXADA,1,1,42.05,90785.734524,140277.34198893898,-0.6469,Fornecedor com CNPJ suspeito
431,74079,José Priante,MDB,PA,Hotéis,"Hospedagem ,exceto Do Parlamentar No Distrito Federal.",0,Sem indício cadastral crítico,FOUND,ATIVA,1,1,567.00,12723.705217,19811.362899516178,-0.6136,Comportamento esperado
612,204449,Nelson Barbudo,PL,MT,Publicidade,Divulgação Da Atividade Parlamentar.,1,Situação cadastral não ativa: BAIXADA,FOUND,BAIXADA,1,7,45500.00,167205.955714,207800.9242977291,-0.5857,Fornecedor com CNPJ suspeito
305,141434,Flaviano Melo,MDB,AC,Outros,Serviço De Segurança Prestado Por Empresa Especializada.,0,Sem indício cadastral crítico,FOUND,ATIVA,1,1,543.00,2251.500000,2416.183871314433,-0.7071,Comportamento esperado
47,220596,Amália Barros,PL,MT,Combustível,Combustíveis E Lubrificantes.,1,Situação cadastral não ativa: BAIXADA,FOUND,BAIXADA,1,1,234.56,34330.305532,57340.29977264771,-0.5946,Fornecedor com CNPJ suspeito
338,204394,Gervásio Maia,PCDOB,PB,Viagens,Passagem Aérea - Reembolso,0,Sem indício cadastral crítico,FOUND,ATIVA,1,1,3074.57,14118.253125,32577.997530279183,-0.339,Comportamento esperado
378,204539,Hercílio Coelho Diniz,MDB,MG,Viagens,Passagem Aérea - Reembolso,0,Sem indício cadastral crítico,FOUND,ATIVA,1,1,1766.61,7020.191961,10297.188894597206,-0.5102,Comportamento esperado
39,204400,Aline Sleutjes,PROS,PR,Serviços profissionais,"Consultorias, Pesquisas E Trabalhos Técnicos.",1,Situação cadastral não ativa: BAIXADA,FOUND,BAIXADA,1,3,25500.00,58752.690645,58141.82428785019,-0.5719,Fornecedor com CNPJ suspeito
804,104552,Socorro Neri,PP,AC,Combustível,Combustíveis E Lubrificantes.,1,Situação cadastral não ativa: BAIXADA,FOUND,BAIXADA,2,2,355.15,74559.202308,89345.09325877228,-0.8305,Fornecedor com CNPJ suspeito
658,178860,Paulo Azi,UNIÃO,BA,Outros,Manutenção De Escritório De Apoio À Atividade Parlamentar,1,Situação cadastral não ativa: BAIXADA,FOUND,BAIXADA,1,1,212.20,98257.521290,134321.8726415135,-0.7299,Fornecedor com CNPJ suspeito
110,204487,Capitão Wagner,UNIÃO,CE,Combustível,Combustíveis E Lubrificantes.,1,Situação cadastral não ativa: BAIXADA,FOUND,BAIXADA,1,1,300.00,41977.960833,76764.60304100714,-0.5429,Fornecedor com CNPJ suspeito
262,204389,Elias Vaz,PSB,GO,Viagens,Passagem Aérea - Reembolso,0,Sem indício cadastral crítico,FOUND,ATIVA,2,5,1831.73,9320.806667,11516.786579017313,-0.6503,Comportamento esperado
313,204510,Franco Cartafina,PP,MG,Viagens,Passagem Aérea - Rpa,0,Sem indício cadastral crítico,FOUND,ATIVA,1,2,2600.70,40253.940526,63478.97879162227,-0.5932,Comportamento esperado
637,141515,Otavio Leite,PSDB,RJ,Outros,Manutenção De Escritório De Apoio À Atividade Parlamentar,0,Documento não consultado por não ser CNPJ,NOT_APPLICABLE,,1,4,13660.80,80988.593819,134414.71100556676,-0.5009,Comportamento esperado
824,180018,Thiago Cartaxo,PODE,RN,Alimentação,Fornecimento De Alimentação Do Parlamentar,1,Situação cadastral não ativa: INAPTA,FOUND,INAPTA,1,1,69.69,3041.730000,4181.690443923367,-0.7107,Fornecedor com CNPJ suspeito
155,234840,Cristiano Furlan,REDE,AP,Publicidade,Divulgação Da Atividade Parlamentar.,0,Sem indício cadastral crítico,FOUND,ATIVA,1,2,80000.00,282209.245429,388109.6753004129,-0.521,Comportamento esperado
617,74165,Neucimar Fraga,PP,ES,Viagens,Passagem Aérea - Rpa,0,Sem indício cadastral crítico,FOUND,ATIVA,1,6,895.00,13452.752000,24537.48964332959,-0.5118,Comportamento esperado
646,160642,Pastor Eurico,PL,PE,Alimentação,Fornecimento De Alimentação Do Parlamentar,1,Situação cadastral não ativa: INAPTA,FOUND,INAPTA,1,1,88.80,3487.092941,8073.709935566787,-0.4209,Fornecedor com CNPJ suspeito
385,204373,Hélio Costa,PSD,SC,Combustível,Combustíveis E Lubrificantes.,1,Situação cadastral não ativa: BAIXADA,FOUND,BAIXADA,2,4,450.00,63943.250339,85631.6159933909,-0.7415,Fornecedor com CNPJ suspeito
323,160587,Fábio Trad,PSD,MS,Hotéis,"Hospedagem ,exceto Do Parlamentar No Distrito Federal.",0,Sem indício cadastral crítico,FOUND,ATIVA,1,1,348.00,14950.264286,18538.468264889183,-0.7877,Comportamento esperado
617,74165,Neucimar Fraga,PP,ES,Publicidade,Divulgação Da Atividade Parlamentar.,1,Situação cadastral não ativa: BAIXADA,FOUND,BAIXADA,2,4,8000.00,254942.876552,301625.34822291706,-0.8187,Fornecedor com CNPJ suspeito
133,74171,Chico Alencar,PSOL,RJ,Outros,Manutenção De Escritório De Apoio À Atividade Parlamentar,1,Situação cadastral não ativa: SUSPENSA,FOUND,SUSPENSA,1,2,274.50,80988.593819,134414.71100556676,-0.6005,Fornecedor com CNPJ suspeito
337,220587,Gerlen Diniz,PP,AC,Outros,Manutenção De Escritório De Apoio À Atividade Parlamentar,0,Sem indício cadastral crítico,FOUND,ATIVA,1,4,1755.00,29735.132000,50394.769544197494,-0.5552,Comportamento esperado
361,220664,Guilherme Uchoa,PSD,PE,Comunicação,Telefonia,0,Sem indício cadastral crítico,FOUND,ATIVA,1,2,1152.00,10941.974167,12252.099914667077,-0.799,Comportamento esperado
652,74160,Patrus Ananias,PT,MG,Hotéis,"Hospedagem ,exceto Do Parlamentar No Distrito Federal.",1,Situação cadastral não ativa: BAIXADA,FOUND,BAIXADA,1,1,87.90,17018.453084,26330.369533202334,-0.643,Fornecedor com CNPJ suspeito
159,204370,Célio Moura,PT,TO,Hotéis,"Hospedagem ,exceto Do Parlamentar No Distrito Federal.",1,Situação cadastral não ativa: INAPTA,FOUND,INAPTA,1,2,316.50,12387.293158,19170.891927221925,-0.6296,Fornecedor com CNPJ suspeito
3,204554,Abílio Santana,PSC,BA,Viagens,Passagem Aérea - Reembolso,0,Sem indício cadastral crítico,FOUND,ATIVA,1,1,3351.68,6722.195000,9392.208684505544,-0.3589,Comportamento esperado
901,,,,NA,Serviços profissionais,"Consultorias, Pesquisas E Trabalhos Técnicos.",0,Sem indício cadastral crítico,FOUND,ATIVA,1,3,33000.00,12966.386667,11624.099921008938,1.7235,Comportamento esperado
377,178981,Herculano Passos,REPUBLICANOS,SP,Serviços profissionais,"Consultorias, Pesquisas E Trabalhos Técnicos.",1,Situação cadastral não ativa: BAIXADA,FOUND,BAIXADA,1,1,10500.00,42478.291429,47664.49520078613,-0.6709,Fornecedor com CNPJ suspeito
230,204439,Dr. Leonardo,REPUBLICANOS,MT,Outros,"Passagens Terrestres, Marítimas Ou Fluviais",0,Sem indício cadastral crítico,FOUND,ATIVA,2,2,329.13,342.182500,259.3180178165137,-0.0503,Comportamento esperado
97,160589,Bruna Furlan,PSDB,SP,Publicidade,Divulgação Da Atividade Parlamentar.,1,Situação cadastral não ativa: BAIXADA,FOUND,BAIXADA,1,5,24000.00,243741.226243,313657.1515008437,-0.7006,Fornecedor com CNPJ suspeito
10,141372,Aelton Freitas,PP,MG,Outros,"Serviço De Táxi, Pedágio E Estacionamento",0,Documento não consultado por não ser CNPJ,NOT_APPLICABLE,,1,1,80.00,5572.245385,10370.293242628488,-0.5296,Comportamento esperado
217,227433,Douglas Viegas,UNIÃO,SP,Outros,Manutenção De Escritório De Apoio À Atividade Parlamentar,1,Situação cadastral não ativa: BAIXADA,FOUND,BAIXADA,1,1,652.30,98538.487659,143509.98800071477,-0.6821,Fornecedor com CNPJ suspeito
595,178997,Moses Rodrigues,UNIÃO,CE,Serviços profissionais,"Consultorias, Pesquisas E Trabalhos Técnicos.",1,Situação cadastral não ativa: BAIXADA,FOUND,BAIXADA,1,1,20000.00,67459.660000,60466.2251856053,-0.7849,Fornecedor com CNPJ suspeito
244,178994,Dulce Miranda,MDB,TO,Comunicação,Telefonia,1,Situação cadastral não ativa: BAIXADA,FOUND,BAIXADA,1,2,338.10,6929.241333,13569.93291877454,-0.4857,Fornecedor com CNPJ suspeito
787,226837,Saulo Pedroso,PSD,SP,Outros,"Passagens Terrestres, Marítimas Ou Fluviais",0,Sem indício cadastral crítico,FOUND,ATIVA,1,1,163.30,996.486667,1138.3419633085512,-0.7319,Comportamento esperado
450,204457,Juninho Do Pneu,UNIÃO,RJ,Comunicação,Telefonia,0,Sem indício cadastral crítico,FOUND,ATIVA,2,7,923.84,11897.719661,18918.17939394703,-0.5801,Comportamento esperado
479,74299,Leônidas Cristino,PDT,CE,Serviços profissionais,"Consultorias, Pesquisas E Trabalhos Técnicos.",0,Sem indício cadastral crítico,FOUND,ATIVA,1,3,25000.00,67459.660000,60466.2251856053,-0.7022,Comportamento esperado
59,204515,André Janones,REDE,MG,Publicidade,Divulgação Da Atividade Parlamentar.,1,Situação cadastral não ativa: BAIXADA,FOUND,BAIXADA,1,1,6000.00,194891.353020,276881.75990132586,-0.6822,Fornecedor com CNPJ suspeito
299,141431,Fernando Coelho Filho,UNIÃO,PE,Viagens,Passagem Aérea - Reembolso,0,Sem indício cadastral crítico,FOUND,ATIVA,1,1,2343.33,7471.163333,10016.291980131698,-0.5119,Comportamento esperado
788,178921,Sebastião Oliveira,AVANTE,PE,Locomoção,Locação Ou Fretamento De Veículos Automotores,1,Situação cadastral não ativa: BAIXADA,FOUND,BAIXADA,1,1,2476.88,220869.240392,185976.71020526288,-1.1743,Fornecedor com CNPJ suspeito
462,162067,Kiko Celeguim,PT,SP,Combustível,Combustíveis E Lubrificantes.,1,Situação cadastral não ativa: BAIXADA,FOUND,BAIXADA,1,1,179.16,42192.750821,64034.19773844777,-0.6561,Fornecedor com CNPJ suspeito
690,204524,Pinheirinho,PP,MG,Combustível,Combustíveis E Lubrificantes.,1,CNPJ não encontrado na API pública,NOT_FOUND,,1,1,200.00,65306.104375,92314.0005265802,-0.7053,Fornecedor com CNPJ suspeito
422,220578,Josenildo,PDT,AP,Publicidade,Divulgação Da Atividade Parlamentar.,1,Situação cadastral não ativa: BAIXADA,FOUND,BAIXADA,1,1,500.00,282209.245429,388109.6753004129,-0.7258,Fornecedor com CNPJ suspeito
322,220653,Fábio Teruel,MDB,SP,Alimentação,Fornecimento De Alimentação Do Parlamentar,1,Situação cadastral não ativa: BAIXADA,FOUND,BAIXADA,1,3,146.97,3366.001170,5609.697337170304,-0.5738,Fornecedor com CNPJ suspeito
848,74283,Vicentinho,PT,SP,Publicidade,Divulgação Da Atividade Parlamentar.,1,Situação cadastral não ativa: BAIXADA,FOUND,BAIXADA,2,2,9800.00,243741.226243,313657.1515008437,-0.7459,Fornecedor com CNPJ suspeito
651,218741,Patrick Dorneles,PSD,PB,Alimentação,Fornecimento De Alimentação Do Parlamentar,0,Sem indício cadastral crítico,FOUND,ATIVA,1,2,135.23,1884.650000,4639.955468391323,-0.377,Comportamento esperado
297,204407,Fernanda Melchionna,PSOL,RS,Outros,"Passagens Terrestres, Marítimas Ou Fluviais",1,Situação cadastral não ativa: BAIXADA,FOUND,BAIXADA,1,1,274.41,4236.036552,8253.072405382596,-0.48,Fornecedor com CNPJ suspeito
62,160553,Antonio Brito,PSD,BA,Outros,Manutenção De Escritório De Apoio À Atividade Parlamentar,1,Situação cadastral não ativa: BAIXADA,FOUND,BAIXADA,1,1,135.00,98257.521290,134321.8726415135,-0.7305,Fornecedor com CNPJ suspeito
81,73701,Benedita Da Silva,PT,RJ,Combustível,Combustíveis E Lubrificantes.,1,Situação cadastral não ativa: INAPTA,FOUND,INAPTA,1,1,200.00,44023.319398,62812.667137756165,-0.6977,Fornecedor com CNPJ suspeito
344,204365,Gilson Marques,NOVO,SC,Alimentação,Fornecimento De Alimentação Do Parlamentar,0,Sem indício cadastral crítico,FOUND,ATIVA,1,1,83.37,5345.501750,9873.801589562949,-0.5329,Comportamento esperado
537,220599,Marcelo Crivella,REPUBLICANOS,RJ,Viagens,Passagem Aérea - Reembolso,0,Sem indício cadastral crítico,FOUND,ATIVA,2,2,4617.25,9840.865893,10669.362639943789,-0.4896,Comportamento esperado
651,218741,Patrick Dorneles,PSD,PB,Outros,Manutenção De Escritório De Apoio À Atividade Parlamentar,0,Sem indício cadastral crítico,FOUND,ATIVA,1,1,407.60,40088.436364,59072.75761932022,-0.6717,Comportamento esperado
208,220691,Diego Coronel,REPUBLICANOS,BA,Outros,Aquisição De Tokens E Certificados Digitais,0,Sem indício cadastral crítico,FOUND,ATIVA,1,1,170.00,2209.000000,2883.5814536787407,-0.7071,Comportamento esperado
740,160653,Roberto De Lucena,REPUBLICANOS,SP,Combustível,Combustíveis E Lubrificantes.,1,Situação cadastral não ativa: INAPTA,FOUND,INAPTA,1,1,166.05,42192.750821,64034.19773844777,-0.6563,Fornecedor com CNPJ suspeito
128,73441,Celso Russomanno,REPUBLICANOS,SP,Combustível,Combustíveis E Lubrificantes.,1,Situação cadastral não ativa: BAIXADA,FOUND,BAIXADA,2,2,977.55,42192.750821,64034.19773844777,-0.6436,Fornecedor com CNPJ suspeito
336,74374,Geraldo Resende,PSDB,MS,Viagens,Passagem Aérea - Reembolso,0,Sem indício cadastral crítico,FOUND,ATIVA,1,1,1716.46,14452.730000,23720.341588104926,-0.5369,Comportamento esperado
429,204391,José Nelto,PP,GO,Viagens,Passagem Aérea - Sigepa,,,,,0,1,1926.95,12997.291429,13545.423262596489,-0.8173,Comportamento esperado
377,178981,Herculano Passos,REPUBLICANOS,SP,Combustível,Combustíveis E Lubrificantes.,1,CNPJ não encontrado na API pública,NOT_FOUND,,1,1,100.00,42192.750821,64034.19773844777,-0.6573,Fornecedor com CNPJ suspeito
858,91228,Waldemar Oliveira,AVANTE,PE,Viagens,Passagem Aérea - Rpa,0,Sem indício cadastral crítico,FOUND,ATIVA,1,1,2115.85,15238.795000,22485.76149111043,-0.5836,Comportamento esperado
708,178951,Rafael Motta,PSB,RN,Hotéis,"Hospedagem ,exceto Do Parlamentar No Distrito Federal.",0,Sem indício cadastral crítico,FOUND,ATIVA,1,1,683.10,10401.272857,14188.915930464025,-0.6849,Comportamento esperado
84,204358,Beto Pereira,REPUBLICANOS,MS,Viagens,Passagem Aérea - Reembolso,1,Erro na consulta pública de CNPJ,ERROR,,1,1,4229.11,14452.730000,23720.341588104926,-0.431,Fornecedor com CNPJ suspeito
554,204506,Marcos Pereira,REPUBLICANOS,SP,Outros,Serviços Postais,0,Sem indício cadastral crítico,FOUND,ATIVA,1,1,56.40,1015.584878,1403.5425598127083,-0.6834,Comportamento esperado
484,171139,Loreny,SOLIDARIEDADE,SP,Locomoção,Locação Ou Fretamento De Veículos Automotores,0,Sem indício cadastral crítico,FOUND,ATIVA,1,3,5673.33,147254.510948,139673.23431152088,-1.0137,Comportamento esperado
236,220674,Dra. Alessandra Haber,PODE,PA,Alimentação,Fornecimento De Alimentação Do Parlamentar,0,Sem indício cadastral crítico,FOUND,ATIVA,1,1,104.21,3234.680000,6858.9099531514485,-0.4564,Comportamento esperado
111,229106,Carla Ayres,PT,SC,Publicidade,Divulgação Da Atividade Parlamentar.,0,Sem indício cadastral crítico,FOUND,ATIVA,1,1,4890.00,148561.773265,217765.15459275612,-0.6598,Comportamento esperado
440,112437,João Marcelo Souza,MDB,MA,Serviços profissionais,"Consultorias, Pesquisas E Trabalhos Técnicos.",0,Sem indício cadastral crítico,FOUND,ATIVA,2,2,30000.00,73247.500000,60193.25778602398,-0.7185,Comportamento esperado
383,141450,Hugo Leal,PSD,RJ,Publicidade,Divulgação Da Atividade Parlamentar.,1,Situação cadastral não ativa: BAIXADA,FOUND,BAIXADA,1,2,6000.00,226781.355120,259582.44863584734,-0.8505,Fornecedor com CNPJ suspeito
96,204502,Bozzella,UNIÃO,SP,Outros,Manutenção De Escritório De Apoio À Atividade Parlamentar,1,Situação cadastral não ativa: BAIXADA,FOUND,BAIXADA,1,2,318.00,98538.487659,143509.98800071477,-0.6844,Fornecedor com CNPJ suspeito
501,222429,Luis Carlos Gomes,REPUBLICANOS,RJ,Viagens,Passagem Aérea - Reembolso,1,Erro na consulta pública de CNPJ,ERROR,,1,1,5900.00,9840.865893,10669.362639943789,-0.3694,Fornecedor com CNPJ suspeito
339,74383,Giacobo,PL,PR,Hotéis,"Hospedagem ,exceto Do Parlamentar No Distrito Federal.",0,Sem indício cadastral crítico,FOUND,ATIVA,2,3,3838.90,18419.328649,34024.43115299299,-0.4285,Comportamento esperado
278,160640,Eros Biondini,PL,MG,Hotéis,"Hospedagem ,exceto Do Parlamentar No Distrito Federal.",1,Situação cadastral não ativa: BAIXADA,FOUND,BAIXADA,3,4,1057.00,17018.453084,26330.369533202334,-0.6062,Fornecedor com CNPJ suspeito
446,228837,Juliana Kolankiewicz,MDB,MT,Locomoção,Locação Ou Fretamento De Veículos Automotores,0,Sem indício cadastral crítico,FOUND,ATIVA,1,3,12000.00,134358.602609,119146.49353274485,-1.027,Comportamento esperado
31,220554,Alexandre Lindenmeyer,PT,RS,Combustível,Combustíveis E Lubrificantes.,1,CNPJ não encontrado na API pública,NOT_FOUND,,1,1,100.00,60520.148547,97388.05968907535,-0.6204,Fornecedor com CNPJ suspeito
401,74848,Jandira Feghali,PCDOB,RJ,Outros,"Serviço De Táxi, Pedágio E Estacionamento",0,Sem indício cadastral crítico,FOUND,ATIVA,1,1,77.00,8455.730411,14321.838989715481,-0.585,Comportamento esperado
293,204398,Felipe Francischini,UNIÃO,PR,Serviços profissionais,"Consultorias, Pesquisas E Trabalhos Técnicos.",1,Situação cadastral não ativa: BAIXADA,FOUND,BAIXADA,1,2,24000.00,58752.690645,58141.82428785019,-0.5977,Fornecedor com CNPJ suspeito
466,98057,Lafayette De Andrada,REPUBLICANOS,MG,Serviços profissionais,"Consultorias, Pesquisas E Trabalhos Técnicos.",0,Sem indício cadastral crítico,FOUND,ATIVA,1,1,2500.00,50370.301935,57079.85828457048,-0.8387,Comportamento esperado
378,204539,Hercílio Coelho Diniz,MDB,MG,Viagens,Passagem Aérea - Reembolso,1,Erro na consulta pública de CNPJ,ERROR,,1,1,1243.97,7020.191961,10297.188894597206,-0.561,Fornecedor com CNPJ suspeito
120,204426,Carlos Veras,PT,PE,Outros,"Serviço De Táxi, Pedágio E Estacionamento",1,Situação cadastral não ativa: INAPTA,FOUND,INAPTA,1,4,257.00,5084.056842,13620.11056577697,-0.3544,Fornecedor com CNPJ suspeito
689,161440,Pezenti,MDB,SC,Combustível,Combustíveis E Lubrificantes.,1,Situação cadastral não ativa: BAIXADA,FOUND,BAIXADA,1,1,200.00,63943.250339,85631.6159933909,-0.7444,Fornecedor com CNPJ suspeito
830,204519,Tiago Mitraud,NOVO,MG,Publicidade,Divulgação Da Atividade Parlamentar.,1,Erro na consulta pública de CNPJ,ERROR,,1,1,439.56,194891.353020,276881.75990132586,-0.7023,Fornecedor com CNPJ suspeito
56,204423,André Ferreira,PL,PE,Outros,Serviços Postais,0,Sem indício cadastral crítico,FOUND,ATIVA,1,1,357.90,1109.518571,1801.0661627901457,-0.4173,Comportamento esperado
307,220700,Florentino Neto,PT,PI,Viagens,Passagem Aérea - Reembolso,0,Sem indício cadastral crítico,FOUND,ATIVA,1,1,1050.14,2975.296000,1532.0079186577332,-1.2566,Comportamento esperado
742,220613,Roberto Monteiro Pai,PL,RJ,Outros,Manutenção De Escritório De Apoio À Atividade Parlamentar,1,Situação cadastral não ativa: BAIXADA,FOUND,BAIXADA,1,1,387.60,80988.593819,134414.71100556676,-0.5996,Fornecedor com CNPJ suspeito
154,220608,Cristiane Lopes,PODE,RO,Alimentação,Fornecimento De Alimentação Do Parlamentar,1,Situação cadastral não ativa: SUSPENSA,FOUND,SUSPENSA,1,1,30.45,3332.884500,5228.833199412531,-0.6316,Fornecedor com CNPJ suspeito
237,230088,Dra. Mayra Pinheiro,PL,CE,Outros,"Serviço De Táxi, Pedágio E Estacionamento",0,Sem indício cadastral crítico,FOUND,ATIVA,1,1,35.00,1553.572000,3462.198937126519,-0.4386,Comportamento esperado
103,220548,Camila Jara,PT,MS,Combustível,Combustíveis E Lubrificantes.,1,CNPJ não encontrado na API pública,NOT_FOUND,,1,2,200.00,73790.692609,89494.27774679432,-0.8223,Fornecedor com CNPJ suspeito
481,74858,Lindbergh Farias,PT,RJ,Viagens,Passagem Aérea - Rpa,0,Sem indício cadastral crítico,FOUND,ATIVA,1,3,6702.36,24365.871064,36425.48190750471,-0.4849,Comportamento esperado
815,178922,Tadeu Alencar,PSB,PE,Viagens,Passagem Aérea - Rpa,0,Sem indício cadastral crítico,FOUND,ATIVA,1,1,342.90,15238.795000,22485.76149111043,-0.6625,Comportamento esperado
568,204566,Marreca Filho,PATRIOTA,MA,Combustível,Combustíveis E Lubrificantes.,1,Situação cadastral não ativa: BAIXADA,FOUND,BAIXADA,1,1,300.00,34895.172615,52384.05405357016,-0.6604,Fornecedor com CNPJ suspeito
870,178923,Zeca Cavalcanti,PTB,PE,Serviços profissionais,"Consultorias, Pesquisas E Trabalhos Técnicos.",0,Sem indício cadastral crítico,FOUND,ATIVA,1,1,21000.00,33394.939474,25891.938420366478,-0.4787,Comportamento esperado
795,204557,Sidney Leite,PSD,AM,Viagens,Passagem Aérea - Reembolso,0,Sem indício cadastral crítico,FOUND,ATIVA,1,1,3248.93,38248.147500,44487.57276603875,-0.7867,Comportamento esperado
744,204489,Robério Monteiro,PDT,CE,Alimentação,Fornecimento De Alimentação Do Parlamentar,0,Sem indício cadastral crítico,FOUND,ATIVA,1,1,78.73,4778.337742,9185.089924635726,-0.5117,Comportamento esperado
467,74856,Laura Carneiro,PSD,RJ,Viagens,Passagem Aérea - Reembolso,1,Erro na consulta pública de CNPJ,ERROR,,1,1,26094.20,9840.865893,10669.362639943789,1.5234,Fornecedor com CNPJ suspeito
282,178953,Expedito Netto,PSD,RO,Alimentação,Fornecimento De Alimentação Do Parlamentar,0,Sem indício cadastral crítico,FOUND,ATIVA,1,1,61.59,3332.884500,5228.833199412531,-0.6256,Comportamento esperado
10,141372,Aelton Freitas,PP,MG,Serviços profissionais,"Consultorias, Pesquisas E Trabalhos Técnicos.",1,Situação cadastral não ativa: BAIXADA,FOUND,BAIXADA,1,1,5000.00,50370.301935,57079.85828457048,-0.7949,Fornecedor com CNPJ suspeito
281,178871,Evair Vieira De Melo,REPUBLICANOS,ES,Combustível,Combustíveis E Lubrificantes.,1,CNPJ não encontrado na API pública,NOT_FOUND,,1,1,200.01,49148.417879,67749.62213949014,-0.7225,Fornecedor com CNPJ suspeito
84,204358,Beto Pereira,PSDB,MS,Hotéis,"Hospedagem ,exceto Do Parlamentar No Distrito Federal.",1,Situação cadastral não ativa: BAIXADA,FOUND,BAIXADA,1,1,360.00,14950.264286,18538.468264889183,-0.787,Fornecedor com CNPJ suspeito
72,160600,Arthur Oliveira Maia,UNIÃO,BA,Combustível,Combustíveis E Lubrificantes.,1,Situação cadastral não ativa: BAIXADA,FOUND,BAIXADA,1,1,233.46,76280.976842,110667.4963849575,-0.6872,Fornecedor com CNPJ suspeito
793,204437,Severino Pessoa,MDB,AL,Publicidade,Divulgação Da Atividade Parlamentar.,0,Sem indício cadastral crítico,FOUND,ATIVA,6,36,254361.20,358459.172381,402499.84210100886,-0.2586,Comportamento esperado
121,141398,Carlos Zarattini,PT,SP,Outros,Manutenção De Escritório De Apoio À Atividade Parlamentar,0,Sem indício cadastral crítico,FOUND,ATIVA,18,324,548149.13,98538.487659,143509.98800071477,3.133,Anomalia financeira extrema
449,74253,Julio Lopes,PP,RJ,Publicidade,Divulgação Da Atividade Parlamentar.,0,Sem indício cadastral crítico,FOUND,ATIVA,10,87,382328.16,226781.355120,259582.44863584734,0.5992,Comportamento esperado
303,204411,Filipe Barros,PL,PR,Viagens,Passagem Aérea - Sigepa,,,,,0,498,593653.84,173223.575536,125997.34942419773,3.3368,Anomalia financeira extrema
127,141405,Celso Maldaner,MDB,SC,Outros,Manutenção De Escritório De Apoio À Atividade Parlamentar,0,Sem indício cadastral crítico,FOUND,ATIVA,11,92,64520.23,70964.571200,106769.4367602354,-0.0604,Comportamento esperado
59,204515,André Janones,REDE,MG,Combustível,Combustíveis E Lubrificantes.,0,Sem indício cadastral crítico,FOUND,ATIVA,140,528,116753.53,65306.104375,92314.0005265802,0.5573,Comportamento esperado
99,220635,Bruno Ganem,PODE,SP,Viagens,Passagem Aérea - Sigepa,,,,,0,222,271440.53,185430.171967,136227.76556134285,0.6314,Comportamento esperado
276,220645,Erika Hilton,PSOL,SP,Viagens,Passagem Aérea - Sigepa,,,,,0,438,587657.67,185430.171967,136227.76556134285,2.9526,Possível anomalia financeira
10,141372,Aelton Freitas,PP,MG,Combustível,Combustíveis E Lubrificantes.,1,Situação cadastral não ativa: BAIXADA,FOUND,BAIXADA,3,13,3348.63,65306.104375,92314.0005265802,-0.6712,Fornecedor com CNPJ suspeito
366,204456,Gutemberg Reis,MDB,RJ,Outros,Manutenção De Escritório De Apoio À Atividade Parlamentar,0,Sem indício cadastral crítico,FOUND,ATIVA,12,169,106245.95,80988.593819,134414.71100556676,0.1879,Comportamento esperado
224,220610,Dr. Fernando Máximo,PL,RO,Alimentação,Fornecimento De Alimentação Do Parlamentar,0,Sem indício cadastral crítico,FOUND,ATIVA,67,184,11352.76,3332.884500,5228.833199412531,1.5338,Comportamento esperado
750,223128,Rodrigo Estacho,PSD,PR,Publicidade,Divulgação Da Atividade Parlamentar.,0,Sem indício cadastral crítico,FOUND,ATIVA,33,181,195451.14,263664.052022,329972.5348930845,-0.2067,Comportamento esperado
287,204368,Fabio Schiochet,UNIÃO,SC,Locomoção,Locação Ou Fretamento De Veículos Automotores,0,Sem indício cadastral crítico,FOUND,ATIVA,2,104,665236.07,154711.621212,151032.92349497412,3.3802,Anomalia financeira extrema
493,220581,Luciano Amaral,PSD,AL,Alimentação,Fornecimento De Alimentação Do Parlamentar,0,Sem indício cadastral crítico,FOUND,ATIVA,8,23,1370.55,2542.058000,4729.8142873309525,-0.2477,Comportamento esperado
375,73482,Henrique Fontana,PT,RS,Locomoção,Locação Ou Fretamento De Veículos Automotores,0,Sem indício cadastral crítico,FOUND,ATIVA,1,23,64717.29,182736.733051,177547.8783363845,-0.6647,Comportamento esperado
351,204419,Glaustin Da Fokus,PSC,GO,Outros,Manutenção De Escritório De Apoio À Atividade Parlamentar,0,Sem indício cadastral crítico,FOUND,ATIVA,3,19,69365.80,100447.486545,162486.21407041358,-0.1913,Comportamento esperado
86,220683,Beto Richa,PSDB,PR,Publicidade,Divulgação Da Atividade Parlamentar.,1,Situação cadastral não ativa: BAIXADA,FOUND,BAIXADA,1,8,72500.00,263664.052022,329972.5348930845,-0.5793,Fornecedor com CNPJ suspeito
514,204455,Luiz Lima,PL,RJ,Comunicação,Telefonia,0,Sem indício cadastral crítico,FOUND,ATIVA,2,14,2851.22,11897.719661,18918.17939394703,-0.4782,Comportamento esperado
780,204416,Sanderson,PL,RS,Outros,Manutenção De Escritório De Apoio À Atividade Parlamentar,0,Sem indício cadastral crítico,FOUND,ATIVA,6,117,145259.88,109428.142500,149558.61424927576,0.2396,Comportamento esperado
329,160669,Genecias Noronha,PL,CE,Publicidade,Divulgação Da Atividade Parlamentar.,0,Sem indício cadastral crítico,FOUND,ATIVA,5,26,206999.00,263931.285395,366906.3702021798,-0.1552,Comportamento esperado
490,204404,Lucas Redecker,PSDB,RS,Hotéis,"Hospedagem ,exceto Do Parlamentar No Distrito Federal.",0,Sem indício cadastral crítico,FOUND,ATIVA,27,46,10408.83,21826.986437,35658.661568585754,-0.3202,Comportamento esperado
533,156190,Marcel Van Hattem,NOVO,RS,Outros,Manutenção De Escritório De Apoio À Atividade Parlamentar,1,Erro na consulta pública de CNPJ,ERROR,,1,79,18646.25,109428.142500,149558.61424927576,-0.607,Fornecedor com CNPJ suspeito
241,220686,Duarte Jr.,AVANTE,MA,Outros,Manutenção De Escritório De Apoio À Atividade Parlamentar,0,Documento não consultado por não ser CNPJ,NOT_APPLICABLE,,1,15,73500.00,64195.130784,109861.24089764054,0.0847,Comportamento esperado
84,204358,Beto Pereira,REPUBLICANOS,MS,Hotéis,"Hospedagem ,exceto Do Parlamentar No Distrito Federal.",0,Sem indício cadastral crítico,FOUND,ATIVA,14,21,19484.15,14950.264286,18538.468264889183,0.2446,Comportamento esperado
437,178970,João Daniel,PT,SE,Outros,Manutenção De Escritório De Apoio À Atividade Parlamentar,0,Documento não consultado por não ser CNPJ,NOT_APPLICABLE,,1,29,72500.00,43647.935652,66268.36061748704,0.4354,Comportamento esperado
718,205865,Reinhold Stephanes,PSD,PR,Publicidade,Divulgação Da Atividade Parlamentar.,1,Situação cadastral não ativa: BAIXADA,FOUND,BAIXADA,1,3,6000.00,263664.052022,329972.5348930845,-0.7809,Fornecedor com CNPJ suspeito
809,177282,Subtenente Gonzaga,PSD,MG,Outros,"Serviço De Táxi, Pedágio E Estacionamento",1,Situação cadastral não ativa: BAIXADA,FOUND,BAIXADA,4,4,849.60,5572.245385,10370.293242628488,-0.4554,Fornecedor com CNPJ suspeito
788,178921,Sebastião Oliveira,AVANTE,PE,Publicidade,Divulgação Da Atividade Parlamentar.,0,Sem indício cadastral crítico,FOUND,ATIVA,2,3,93196.00,241972.708182,301628.5621101344,-0.4932,Comportamento esperado
127,141405,Celso Maldaner,MDB,SC,Publicidade,Divulgação Da Atividade Parlamentar.,1,Situação cadastral não ativa: INAPTA,FOUND,INAPTA,1,1,350.00,148561.773265,217765.15459275612,-0.6806,Fornecedor com CNPJ suspeito
348,178996,Giovani Feltes,MDB,RS,Hotéis,"Hospedagem ,exceto Do Parlamentar No Distrito Federal.",0,Sem indício cadastral crítico,FOUND,ATIVA,27,58,10494.92,21826.986437,35658.661568585754,-0.3178,Comportamento esperado
293,204398,Felipe Francischini,UNIÃO,PR,Viagens,Passagem Aérea - Sigepa,,,,,0,112,120133.21,173223.575536,125997.34942419773,-0.4214,Comportamento esperado
45,204356,Amaro Neto,PP,ES,Viagens,Passagem Aérea - Sigepa,,,,,0,130,146680.87,159760.155882,99464.81207952778,-0.1315,Comportamento esperado
545,179000,Marcelo Álvaro Antônio,PL,MG,Viagens,Passagem Aérea - Sigepa,,,,,0,342,343307.56,195216.599630,167832.49260588933,0.8824,Comportamento esperado
774,73604,Rui Falcão,PT,SP,Viagens,Passagem Aérea - Sigepa,,,,,0,290,419060.33,185430.171967,136227.76556134285,1.715,Comportamento esperado
772,74371,Rubens Otoni,PT,GO,Locomoção,Locação Ou Fretamento De Veículos Automotores,0,Sem indício cadastral crítico,FOUND,ATIVA,2,82,279009.00,189142.637500,142661.57624064668,0.6299,Comportamento esperado
240,227800,Duarte Gonçalves Jr,REPUBLICANOS,MG,Combustível,Combustíveis E Lubrificantes.,0,Sem indício cadastral crítico,FOUND,ATIVA,28,36,6687.81,65306.104375,92314.0005265802,-0.635,Comportamento esperado
670,133968,Paulo Ramos,PDT,RJ,Outros,Manutenção De Escritório De Apoio À Atividade Parlamentar,0,Sem indício cadastral crítico,FOUND,ATIVA,5,30,8864.57,80988.593819,134414.71100556676,-0.5366,Comportamento esperado
715,74161,Reginaldo Lopes,PT,MG,Publicidade,Divulgação Da Atividade Parlamentar.,0,Sem indício cadastral crítico,FOUND,ATIVA,3,12,43009.77,194891.353020,276881.75990132586,-0.5485,Comportamento esperado
393,98615,Ismael,PL,SC,Hotéis,"Hospedagem ,exceto Do Parlamentar No Distrito Federal.",0,Sem indício cadastral crítico,FOUND,ATIVA,46,162,60190.72,36695.958649,43528.74004922331,0.5398,Comportamento esperado
86,220683,Beto Richa,PSDB,PR,Alimentação,Fornecimento De Alimentação Do Parlamentar,0,Sem indício cadastral crítico,FOUND,ATIVA,38,170,12018.61,4173.948542,8441.04850518495,0.9293,Comportamento esperado
621,204479,Nicoletti,PL,RR,Combustível,Combustíveis E Lubrificantes.,1,Situação cadastral não ativa: BAIXADA,FOUND,BAIXADA,1,1,200.00,70971.916364,102686.34049821323,-0.6892,Fornecedor com CNPJ suspeito
214,143632,Domingos Neto,PSD,CE,Viagens,Passagem Aérea - Rpa,0,Sem indício cadastral crítico,FOUND,ATIVA,2,61,113056.70,32586.001200,51600.505956913454,1.5595,Comportamento esperado
446,228837,Juliana Kolankiewicz,MDB,MT,Combustível,Combustíveis E Lubrificantes.,0,Sem indício cadastral crítico,FOUND,ATIVA,20,56,26520.09,34330.305532,57340.29977264771,-0.1362,Comportamento esperado
742,220613,Roberto Monteiro Pai,PL,RJ,Hotéis,"Hospedagem ,exceto Do Parlamentar No Distrito Federal.",0,Sem indício cadastral crítico,FOUND,ATIVA,21,27,30922.05,13016.628636,21468.959145470457,0.834,Comportamento esperado
369,178964,Heitor Schuch,PSD,RS,Combustível,Combustíveis E Lubrificantes.,1,Situação cadastral não ativa: BAIXADA,FOUND,BAIXADA,7,13,3476.52,60520.148547,97388.05968907535,-0.5857,Fornecedor com CNPJ suspeito
313,204510,Franco Cartafina,PP,MG,Serviços profissionais,"Consultorias, Pesquisas E Trabalhos Técnicos.",0,Sem indício cadastral crítico,FOUND,ATIVA,2,10,133200.00,50370.301935,57079.85828457048,1.4511,Comportamento esperado
555,220547,Marcos Pollon,PL,MS,Alimentação,Fornecimento De Alimentação Do Parlamentar,0,Sem indício cadastral crítico,FOUND,ATIVA,8,10,890.44,1353.213333,1612.688595893516,-0.287,Comportamento esperado
757,160651,Rogério Peninha Mendonça,MDB,SC,Combustível,Combustíveis E Lubrificantes.,0,Sem indício cadastral crítico,FOUND,ATIVA,7,39,58055.58,63943.250339,85631.6159933909,-0.0688,Comportamento esperado
636,204422,Ossesio Silva,REPUBLICANOS,PE,Alimentação,Fornecimento De Alimentação Do Parlamentar,0,Sem indício cadastral crítico,FOUND,ATIVA,3,28,2462.84,3487.092941,8073.709935566787,-0.1269,Comportamento esperado
690,204524,Pinheirinho,PP,MG,Publicidade,Divulgação Da Atividade Parlamentar.,1,Situação cadastral não ativa: BAIXADA,FOUND,BAIXADA,5,36,181214.50,194891.353020,276881.75990132586,-0.0494,Fornecedor com CNPJ suspeito
261,226553,Eliane Braz,PSD,CE,Outros,Manutenção De Escritório De Apoio À Atividade Parlamentar,0,Sem indício cadastral crítico,FOUND,ATIVA,2,5,12857.33,68348.775082,105244.60317209057,-0.5273,Comportamento esperado
364,220568,Gustavo Gayer,PL,GO,Outros,"Serviço De Táxi, Pedágio E Estacionamento",0,Sem indício cadastral crítico,FOUND,ATIVA,3,28,6989.95,4054.328571,5832.390128543895,0.5033,Comportamento esperado
717,220606,Reimont,PT,RJ,Publicidade,Divulgação Da Atividade Parlamentar.,1,Situação cadastral não ativa: BAIXADA,FOUND,BAIXADA,1,1,1000.00,226781.355120,259582.44863584734,-0.8698,Fornecedor com CNPJ suspeito
653,74095,Pauderney Avelino,UNIÃO,AM,Outros,Manutenção De Escritório De Apoio À Atividade Parlamentar,0,Sem indício cadastral crítico,FOUND,ATIVA,2,4,3361.41,35177.838000,53399.12696043168,-0.5958,Comportamento esperado
21,160559,Alceu Moreira,MDB,RS,Viagens,Passagem Aérea - Reembolso,0,Sem indício cadastral crítico,FOUND,ATIVA,3,4,6989.08,7846.026333,10735.105702213965,-0.0798,Comportamento esperado
387,220563,Icaro De Valmir,REPUBLICANOS,SE,Comunicação,Telefonia,0,Sem indício cadastral crítico,FOUND,ATIVA,2,30,14799.24,10940.770000,16435.398849269677,0.2348,Comportamento esperado
852,141555,Vinicius Carvalho,REPUBLICANOS,SP,Combustível,Combustíveis E Lubrificantes.,1,Situação cadastral não ativa: BAIXADA,FOUND,BAIXADA,3,3,645.44,42192.750821,64034.19773844777,-0.6488,Fornecedor com CNPJ suspeito
97,160589,Bruna Furlan,PSDB,SP,Comunicação,Telefonia,0,Sem indício cadastral crítico,FOUND,ATIVA,1,13,10026.33,19889.940211,25751.500071775903,-0.383,Comportamento esperado
714,141523,Raul Henry,MDB,PE,Locomoção,Locação Ou Fretamento De Veículos Automotores,1,Situação cadastral não ativa: BAIXADA,FOUND,BAIXADA,1,1,900.45,220869.240392,185976.71020526288,-1.1828,Fornecedor com CNPJ suspeito
63,220638,Antonio Carlos Rodrigues,PL,SP,Viagens,Passagem Aérea - Reembolso,0,Sem indício cadastral crítico,FOUND,ATIVA,1,2,3543.76,9758.571000,11443.414965885137,-0.5431,Comportamento esperado
505,204448,Luiz Antonio Corrêa,PP,RJ,Outros,Manutenção De Escritório De Apoio À Atividade Parlamentar,1,Situação cadastral não ativa: BAIXADA,FOUND,BAIXADA,1,1,378.00,80988.593819,134414.71100556676,-0.5997,Fornecedor com CNPJ suspeito
432,204555,José Ricardo,PT,AM,Comunicação,Telefonia,0,Sem indício cadastral crítico,FOUND,ATIVA,1,23,19406.08,25580.348889,29955.895435557606,-0.2061,Comportamento esperado
668,128760,Paulo Marinho Jr,PL,MA,Publicidade,Divulgação Da Atividade Parlamentar.,0,Sem indício cadastral crítico,FOUND,ATIVA,2,7,151500.00,299945.123175,386285.4495039867,-0.3843,Comportamento esperado
875,178889,Zé Carlos,PT,MA,Hotéis,"Hospedagem ,exceto Do Parlamentar No Distrito Federal.",0,Sem indício cadastral crítico,FOUND,ATIVA,6,14,3641.30,16546.215714,24945.906621691578,-0.5173,Comportamento esperado
107,178829,Capitão Augusto,PL,SP,Outros,"Serviço De Táxi, Pedágio E Estacionamento",0,Sem indício cadastral crítico,FOUND,ATIVA,37,503,67387.91,11967.060840,16796.655097373645,3.2995,Anomalia financeira extrema
438,74550,João Leão,PP,BA,Combustível,Combustíveis E Lubrificantes.,0,Sem indício cadastral crítico,FOUND,ATIVA,94,523,119624.69,76280.976842,110667.4963849575,0.3917,Comportamento esperado
745,220546,Rodolfo Nogueira,PL,MS,Hotéis,"Hospedagem ,exceto Do Parlamentar No Distrito Federal.",0,Sem indício cadastral crítico,FOUND,ATIVA,11,31,9297.38,14950.264286,18538.468264889183,-0.3049,Comportamento esperado
462,162067,Kiko Celeguim,PT,SP,Outros,Manutenção De Escritório De Apoio À Atividade Parlamentar,0,Sem indício cadastral crítico,FOUND,ATIVA,11,266,653350.93,98538.487659,143509.98800071477,3.866,Anomalia financeira extrema
389,204564,Igor Kannário,UNIÃO,BA,Viagens,Passagem Aérea - Rpa,0,Sem indício cadastral crítico,FOUND,ATIVA,2,34,5367.50,31763.658913,54219.86604798766,-0.4868,Comportamento esperado
412,204546,Joice Hasselmann,PSDB,SP,Outros,Manutenção De Escritório De Apoio À Atividade Parlamentar,0,Documento não consultado por não ser CNPJ,NOT_APPLICABLE,,1,7,47760.00,98538.487659,143509.98800071477,-0.3538,Comportamento esperado
577,74749,Mauro Lopes,PP,MG,Outros,Serviços Postais,0,Sem indício cadastral crítico,FOUND,ATIVA,2,4,229.60,2049.065200,4121.470694655126,-0.4415,Comportamento esperado
838,195866,Vaidon Oliveira,UNIÃO,CE,Viagens,Passagem Aérea - Rpa,0,Sem indício cadastral crítico,FOUND,ATIVA,2,22,48166.54,32586.001200,51600.505956913454,0.3019,Comportamento esperado
721,178989,Renata Abreu,PODE,SP,Publicidade,Divulgação Da Atividade Parlamentar.,1,Situação cadastral não ativa: BAIXADA,FOUND,BAIXADA,3,43,402592.03,243741.226243,313657.1515008437,0.5064,Fornecedor com CNPJ suspeito
290,66828,Fausto Pinato,UNIÃO,SP,Outros,"Serviço De Táxi, Pedágio E Estacionamento",0,Sem indício cadastral crítico,FOUND,ATIVA,1,33,64899.50,11967.060840,16796.655097373645,3.1514,Anomalia financeira extrema
539,220634,Marcelo Lima,PSB,SP,Outros,Manutenção De Escritório De Apoio À Atividade Parlamentar,0,Sem indício cadastral crítico,FOUND,ATIVA,1,2,2464.80,98538.487659,143509.98800071477,-0.6695,Comportamento esperado
554,204506,Marcos Pereira,REPUBLICANOS,SP,Hotéis,"Hospedagem ,exceto Do Parlamentar No Distrito Federal.",0,Sem indício cadastral crítico,FOUND,ATIVA,17,23,11314.00,10014.789189,11435.329101648113,0.1136,Comportamento esperado
556,178943,Marcos Soares,PSDB,RJ,Publicidade,Assinatura De Publicações,0,Sem indício cadastral crítico,FOUND,ATIVA,1,8,79.60,4317.763846,4399.037924691675,-0.9634,Comportamento esperado
119,74262,Carlos Sampaio,PSD,SP,Combustível,Combustíveis E Lubrificantes.,0,Sem indício cadastral crítico,FOUND,ATIVA,6,46,18042.94,42192.750821,64034.19773844777,-0.3771,Comportamento esperado
831,160976,Tiririca,PSD,SP,Comunicação,Telefonia,0,Sem indício cadastral crítico,FOUND,ATIVA,2,40,15779.32,19889.940211,25751.500071775903,-0.1596,Comportamento esperado
297,204407,Fernanda Melchionna,PSOL,RS,Outros,Manutenção De Escritório De Apoio À Atividade Parlamentar,1,Erro na consulta pública de CNPJ,ERROR,,1,52,11607.77,109428.142500,149558.61424927576,-0.6541,Fornecedor com CNPJ suspeito
580,75431,Maurício Dziedricki,PODE,RS,Publicidade,Divulgação Da Atividade Parlamentar.,0,Sem indício cadastral crítico,FOUND,ATIVA,6,18,130097.92,215724.063125,265101.600265673,-0.323,Comportamento esperado
117,178993,Carlos Henrique Gaguim,UNIÃO,TO,Outros,Manutenção De Escritório De Apoio À Atividade Parlamentar,0,Sem indício cadastral crítico,FOUND,ATIVA,4,65,160533.57,60332.404118,100110.53801139936,1.0009,Comportamento esperado
188,220625,Delegada Ione,AVANTE,MG,Hotéis,"Hospedagem ,exceto Do Parlamentar No Distrito Federal.",0,Sem indício cadastral crítico,FOUND,ATIVA,34,53,14615.51,17018.453084,26330.369533202334,-0.0913,Comportamento esperado
632,178987,Orlando Silva,PCDOB,SP,Locomoção,Locação Ou Fretamento De Veículos Automotores,0,Sem indício cadastral crítico,FOUND,ATIVA,5,31,151762.05,147254.510948,139673.23431152088,0.0323,Comportamento esperado
650,205535,Patricia Ferraz,PL,AP,Combustível,Combustíveis E Lubrificantes.,0,Sem indício cadastral crítico,FOUND,ATIVA,11,16,3252.88,24571.047667,39205.554475113444,-0.5438,Comportamento esperado
269,198783,Emanuel Pinheiro Neto,PSD,MT,Publicidade,Divulgação Da Atividade Parlamentar.,1,Situação cadastral não ativa: BAIXADA,FOUND,BAIXADA,1,1,5000.00,167205.955714,207800.9242977291,-0.7806,Fornecedor com CNPJ suspeito
265,234406,Elmano Férrer,PP,PI,Alimentação,Fornecimento De Alimentação Do Parlamentar,0,Sem indício cadastral crítico,FOUND,ATIVA,3,8,497.67,3231.855000,6522.778260515771,-0.4192,Comportamento esperado
263,229585,Elisangela Araujo,PT,BA,Publicidade,Divulgação Da Atividade Parlamentar.,0,Sem indício cadastral crítico,FOUND,ATIVA,3,8,86700.00,317318.910361,328157.1355142384,-0.7028,Comportamento esperado
711,204567,Raimundo Costa,PSD,BA,Outros,"Serviço De Táxi, Pedágio E Estacionamento",0,Sem indício cadastral crítico,FOUND,ATIVA,4,8,1513.85,7947.726552,12451.86965129915,-0.5167,Comportamento esperado
551,160535,Marcon,PT,RS,Viagens,Passagem Aérea - Sigepa,,,,,0,386,307999.57,223297.576531,126627.95953182003,0.6689,Comportamento esperado
506,160645,Luiz Carlos,PSDB,AP,Publicidade,Divulgação Da Atividade Parlamentar.,1,Situação cadastral não ativa: INAPTA,FOUND,INAPTA,1,2,20000.00,282209.245429,388109.6753004129,-0.6756,Fornecedor com CNPJ suspeito
840,160610,Valmir Assunção,PT,BA,Outros,"Serviço De Táxi, Pedágio E Estacionamento",0,Sem indício cadastral crítico,FOUND,ATIVA,4,191,6175.44,7947.726552,12451.86965129915,-0.1423,Comportamento esperado
403,220567,Jeferson Rodrigues,PSDB,GO,Publicidade,Divulgação Da Atividade Parlamentar.,0,Sem indício cadastral crítico,FOUND,ATIVA,9,36,754100.00,294423.402917,352090.0693215526,1.3056,Comportamento esperado
534,146788,Marcelo Aro,PP,MG,Hotéis,"Hospedagem ,exceto Do Parlamentar No Distrito Federal.",0,Sem indício cadastral crítico,FOUND,ATIVA,9,17,4728.77,17018.453084,26330.369533202334,-0.4667,Comportamento esperado
243,220623,Duda Salabert,PSOL,MG,Publicidade,Divulgação Da Atividade Parlamentar.,0,Sem indício cadastral crítico,FOUND,ATIVA,21,67,306401.06,194891.353020,276881.75990132586,0.4027,Comportamento esperado
428,204472,José Medeiros,PL,MT,Hotéis,"Hospedagem ,exceto Do Parlamentar No Distrito Federal.",0,Sem indício cadastral crítico,FOUND,ATIVA,51,294,177830.99,20380.542308,35609.06873470771,4.4216,Anomalia financeira extrema
491,178879,Lucas Vergilio,SOLIDARIEDADE,GO,Serviços profissionais,"Consultorias, Pesquisas E Trabalhos Técnicos.",0,Sem indício cadastral crítico,FOUND,ATIVA,1,13,170000.00,99247.891538,60067.72576039702,1.1779,Comportamento esperado
215,160758,Domingos Sávio,PL,MG,Outros,"Serviço De Táxi, Pedágio E Estacionamento",0,Sem indício cadastral crítico,FOUND,ATIVA,11,364,26441.10,5572.245385,10370.293242628488,2.0124,Possível anomalia financeira
414,217480,Jones Moura,PSD,RJ,Locomoção,Locação Ou Fretamento De Veículos Automotores,0,Sem indício cadastral crítico,FOUND,ATIVA,3,23,120520.58,162239.394390,163272.60476613723,-0.2555,Comportamento esperado
683,122158,Pedro Paulo,PSD,RJ,Comunicação,Telefonia,0,Sem indício cadastral crítico,FOUND,ATIVA,2,8,7702.77,11897.719661,18918.17939394703,-0.2217,Comportamento esperado
642,160556,Padre João,PT,MG,Comunicação,Telefonia,0,Sem indício cadastral crítico,FOUND,ATIVA,3,46,21871.30,15607.667083,19082.29985422686,0.3282,Comportamento esperado
641,220706,Padovani,PP,PR,Hotéis,"Hospedagem ,exceto Do Parlamentar No Distrito Federal.",0,Sem indício cadastral crítico,FOUND,ATIVA,18,33,15729.97,18419.328649,34024.43115299299,-0.079,Comportamento esperado
656,141516,Paulo Abi-ackel,PSDB,MG,Serviços profissionais,"Consultorias, Pesquisas E Trabalhos Técnicos.",1,Situação cadastral não ativa: BAIXADA,FOUND,BAIXADA,1,7,35000.00,50370.301935,57079.85828457048,-0.2693,Fornecedor com CNPJ suspeito
461,220677,Keniston Braga,MDB,PA,Publicidade,Assinatura De Publicações,0,Sem indício cadastral crítico,FOUND,ATIVA,1,1,2545.00,2545.000000,,,Comportamento esperado
69,141391,Arnaldo Jardim,CIDADANIA,SP,Viagens,Passagem Aérea - Sigepa,,,,,0,223,273343.48,185430.171967,136227.76556134285,0.6453,Comportamento esperado
183,205548,David Miranda,PDT,RJ,Publicidade,Divulgação Da Atividade Parlamentar.,0,Sem indício cadastral crítico,FOUND,ATIVA,8,18,141675.60,226781.355120,259582.44863584734,-0.3279,Comportamento esperado
567,204403,Marlon Santos,PL,RS,Viagens,Passagem Aérea - Rpa,0,Sem indício cadastral crítico,FOUND,ATIVA,1,32,105547.47,23263.014545,27193.710295909314,3.0259,Anomalia financeira extrema
403,220567,Jeferson Rodrigues,PSDB,GO,Outros,"Serviço De Táxi, Pedágio E Estacionamento",0,Sem indício cadastral crítico,FOUND,ATIVA,1,2,460.00,4054.328571,5832.390128543895,-0.6163,Comportamento esperado
179,160528,Danilo Cabral,PSB,PE,Outros,Serviços Postais,0,Sem indício cadastral crítico,FOUND,ATIVA,2,2,147.00,1109.518571,1801.0661627901457,-0.5344,Comportamento esperado
612,204449,Nelson Barbudo,PL,MT,Comunicação,Telefonia,0,Sem indício cadastral crítico,FOUND,ATIVA,2,9,1313.55,6682.953571,8863.976852355925,-0.6058,Comportamento esperado
223,220614,Dr. Daniel Soranz,PSD,RJ,Viagens,Passagem Aérea - Sigepa,,,,,0,104,120662.33,213577.740357,175550.75566941444,-0.5293,Comportamento esperado
864,224333,Welter,PT,PR,Combustível,Combustíveis E Lubrificantes.,1,CNPJ não encontrado na API pública,NOT_FOUND,,1,1,200.00,57944.345500,82353.4495793919,-0.7012,Fornecedor com CNPJ suspeito
459,204550,Júnior Mano,PL,CE,Hotéis,"Hospedagem ,exceto Do Parlamentar No Distrito Federal.",0,Sem indício cadastral crítico,FOUND,ATIVA,1,1,526.00,14861.399063,17345.750222182687,-0.8265,Comportamento esperado
487,219592,Lucas Follador,PSC,RO,Combustível,Combustíveis E Lubrificantes.,0,Sem indício cadastral crítico,FOUND,ATIVA,8,8,4102.70,64922.175357,86632.41303886044,-0.702,Comportamento esperado
30,160545,Alexandre Leite,UNIÃO,SP,Outros,Serviços Postais,0,Sem indício cadastral crítico,FOUND,ATIVA,2,3,105.30,1015.584878,1403.5425598127083,-0.6486,Comportamento esperado
397,220696,Ivoneide Caetano,PT,BA,Outros,"Passagens Terrestres, Marítimas Ou Fluviais",0,Sem indício cadastral crítico,FOUND,ATIVA,1,2,679.41,3634.349545,9001.916528866017,-0.3283,Comportamento esperado
344,204365,Gilson Marques,NOVO,SC,Combustível,Combustíveis E Lubrificantes.,0,Sem indício cadastral crítico,FOUND,ATIVA,91,238,68806.77,63943.250339,85631.6159933909,0.0568,Comportamento esperado
697,204390,Professor Alcides,PSDB,GO,Combustível,Combustíveis E Lubrificantes.,0,Sem indício cadastral crítico,FOUND,ATIVA,1,112,261635.68,65044.277593,95738.05404592726,2.0534,Possível anomalia financeira
232,228616,Dr. Remy Soares,PP,MA,Combustível,Combustíveis E Lubrificantes.,0,Sem indício cadastral crítico,FOUND,ATIVA,41,71,31348.99,34895.172615,52384.05405357016,-0.0677,Comportamento esperado
430,160619,José Nunes,PSD,BA,Comunicação,Telefonia,0,Sem indício cadastral crítico,FOUND,ATIVA,5,12,8990.29,23153.030698,23468.568952979214,-0.6035,Comportamento esperado
176,204409,Daniel Trzeciak,PSDB,RS,Viagens,Passagem Aérea - Sigepa,,,,,0,268,273449.21,223297.576531,126627.95953182003,0.3961,Comportamento esperado
616,220703,Neto Carletto,AVANTE,BA,Viagens,Passagem Aérea - Sigepa,,,,,0,125,165292.72,219376.223091,157819.4558803826,-0.3427,Comportamento esperado
139,178939,Clarissa Garotinho,UNIÃO,RJ,Combustível,Combustíveis E Lubrificantes.,0,Sem indício cadastral crítico,FOUND,ATIVA,27,48,12257.42,44023.319398,62812.667137756165,-0.5057,Comportamento esperado
506,160645,Luiz Carlos,PSDB,AP,Viagens,Passagem Aérea - Sigepa,,,,,0,75,111279.56,180390.483889,137999.8120825282,-0.5008,Comportamento esperado
307,220700,Florentino Neto,PT,PI,Viagens,Passagem Aérea - Sigepa,,,,,0,201,286162.52,155026.570000,94704.85142824263,1.3847,Comportamento esperado
490,204404,Lucas Redecker,PSDB,RS,Locomoção,Locação Ou Fretamento De Veículos Automotores,1,Situação cadastral não ativa: BAIXADA,FOUND,BAIXADA,1,11,48081.32,182736.733051,177547.8783363845,-0.7584,Fornecedor com CNPJ suspeito
532,220648,Marangoni,PODE,SP,Publicidade,Divulgação Da Atividade Parlamentar.,0,Sem indício cadastral crítico,FOUND,ATIVA,10,130,712924.64,243741.226243,313657.1515008437,1.4958,Comportamento esperado
321,141427,Fábio Ramalho,MDB,MG,Comunicação,Telefonia,0,Sem indício cadastral crítico,FOUND,ATIVA,1,4,1708.84,15607.667083,19082.29985422686,-0.7284,Comportamento esperado
94,74052,Bosco Costa,PL,SE,Viagens,Passagem Aérea - Sigepa,,,,,0,79,105629.81,155702.681579,99733.68864426478,-0.5021,Comportamento esperado
333,204527,Geninho Zuliani,UNIÃO,SP,Publicidade,Divulgação Da Atividade Parlamentar.,0,Sem indício cadastral crítico,FOUND,ATIVA,7,38,185817.27,243741.226243,313657.1515008437,-0.1847,Comportamento esperado
754,165470,Rodrigo Valadares,PL,SE,Outros,Manutenção De Escritório De Apoio À Atividade Parlamentar,0,Sem indício cadastral crítico,FOUND,ATIVA,8,64,81911.11,43647.935652,66268.36061748704,0.5774,Comportamento esperado
575,220647,Mauricio Neves,PP,SP,Combustível,Combustíveis E Lubrificantes.,0,Sem indício cadastral crítico,FOUND,ATIVA,10,52,10802.23,42192.750821,64034.19773844777,-0.4902,Comportamento esperado
248,204421,Edna Henrique,REPUBLICANOS,PB,Viagens,Passagem Aérea - Rpa,0,Sem indício cadastral crítico,FOUND,ATIVA,1,1,33.90,6222.055333,8497.227830281614,-0.7283,Comportamento esperado
850,178888,Victor Mendes,MDB,MA,Outros,Manutenção De Escritório De Apoio À Atividade Parlamentar,0,Sem indício cadastral crítico,FOUND,ATIVA,1,2,389.00,64195.130784,109861.24089764054,-0.5808,Comportamento esperado
635,73692,Osmar Terra,PL,RS,Outros,"Serviço De Táxi, Pedágio E Estacionamento",0,Sem indício cadastral crítico,FOUND,ATIVA,19,34,1149.45,10192.084923,16137.89190584743,-0.5603,Comportamento esperado
112,213762,Carla Dickson,PL,RN,Combustível,Combustíveis E Lubrificantes.,0,Sem indício cadastral crítico,FOUND,ATIVA,91,228,37971.90,51927.710333,76131.03428420173,-0.1833,Comportamento esperado
503,160510,Luis Tibé,AVANTE,MG,Publicidade,Divulgação Da Atividade Parlamentar.,0,Sem indício cadastral crítico,FOUND,ATIVA,6,45,281340.00,194891.353020,276881.75990132586,0.3122,Comportamento esperado
656,141516,Paulo Abi-ackel,PSDB,MG,Publicidade,Divulgação Da Atividade Parlamentar.,0,Sem indício cadastral crítico,FOUND,ATIVA,4,24,248778.10,194891.353020,276881.75990132586,0.1946,Comportamento esperado
657,220650,Paulo Alexandre Barbosa,PSDB,SP,Comunicação,Telefonia,0,Sem indício cadastral crítico,FOUND,ATIVA,1,38,80475.74,19889.940211,25751.500071775903,2.3527,Possível anomalia financeira
776,160635,Ruy Carneiro,PODE,PB,Comunicação,Telefonia,0,Sem indício cadastral crítico,FOUND,ATIVA,2,9,1492.12,7288.602667,11193.533001502294,-0.5178,Comportamento esperado
245,228272,Délio Pinheiro,PDT,MG,Viagens,Passagem Aérea - Sigepa,,,,,0,25,27139.43,195216.599630,167832.49260588933,-1.0015,Comportamento esperado
180,62881,Danilo Forte,UNIÃO,CE,Outros,Manutenção De Escritório De Apoio À Atividade Parlamentar,0,Documento não consultado por não ser CNPJ,NOT_APPLICABLE,,1,9,14400.00,68348.775082,105244.60317209057,-0.5126,Comportamento esperado
12,136811,Afonso Hamm,PP,RS,Publicidade,Divulgação Da Atividade Parlamentar.,1,Situação cadastral não ativa: BAIXADA,FOUND,BAIXADA,1,10,64900.00,215724.063125,265101.600265673,-0.5689,Fornecedor com CNPJ suspeito
871,160592,Zeca Dirceu,PT,PR,Combustível,Combustíveis E Lubrificantes.,1,Situação cadastral não ativa: BAIXADA,FOUND,BAIXADA,2,2,522.29,57944.345500,82353.4495793919,-0.6973,Fornecedor com CNPJ suspeito
136,204462,Chris Tonietto,PL,RJ,Comunicação,Telefonia,0,Sem indício cadastral crítico,FOUND,ATIVA,2,50,7489.92,11897.719661,18918.17939394703,-0.233,Comportamento esperado
43,204545,Alê Silva,REPUBLICANOS,MG,Combustível,Combustíveis E Lubrificantes.,1,Situação cadastral não ativa: BAIXADA,FOUND,BAIXADA,5,16,1778.72,65306.104375,92314.0005265802,-0.6882,Fornecedor com CNPJ suspeito
267,218086,Ely Santos,REPUBLICANOS,SP,Combustível,Combustíveis E Lubrificantes.,0,Sem indício cadastral crítico,FOUND,ATIVA,98,457,93296.60,42192.750821,64034.19773844777,0.7981,Comportamento esperado
526,139285,Lídice Da Mata,PSB,BA,Combustível,Combustíveis E Lubrificantes.,0,Sem indício cadastral crítico,FOUND,ATIVA,186,1149,235911.99,76280.976842,110667.4963849575,1.4424,Comportamento esperado
197,204569,Delegado Pablo,UNIÃO,AM,Combustível,Combustíveis E Lubrificantes.,0,Sem indício cadastral crítico,FOUND,ATIVA,34,71,11899.39,27982.215263,36043.55549981074,-0.4462,Comportamento esperado
56,204423,André Ferreira,PL,PE,Combustível,Combustíveis E Lubrificantes.,0,Sem indício cadastral crítico,FOUND,ATIVA,210,1002,296664.30,53506.291935,82942.380015203,2.9316,Possível anomalia financeira
509,204485,Luiz Carlos Motta,PL,SP,Locomoção,Locação Ou Fretamento De Veículos Automotores,0,Sem indício cadastral crítico,FOUND,ATIVA,3,92,419086.68,147254.510948,139673.23431152088,1.9462,Comportamento esperado
797,204360,Silvia Cristina,PL,RO,Viagens,Passagem Aérea - Rpa,0,Sem indício cadastral crítico,FOUND,ATIVA,3,73,107271.76,78085.307500,52637.50410364546,0.5545,Comportamento esperado
438,74550,João Leão,PP,BA,Comunicação,Telefonia,0,Sem indício cadastral crítico,FOUND,ATIVA,3,135,33479.46,23153.030698,23468.568952979214,0.44,Comportamento esperado
207,160588,Diego Andrade,PSD,MG,Outros,Manutenção De Escritório De Apoio À Atividade Parlamentar,0,Sem indício cadastral crítico,FOUND,ATIVA,7,173,259859.27,123562.947566,162703.54342443834,0.8377,Comportamento esperado
371,220537,Helena Lima,PSD,RR,Outros,Manutenção De Escritório De Apoio À Atividade Parlamentar,0,Sem indício cadastral crítico,FOUND,ATIVA,8,125,273964.90,80921.562903,170825.55022261123,1.1301,Comportamento esperado
482,204405,Liziane Bayer,REPUBLICANOS,RS,Publicidade,Divulgação Da Atividade Parlamentar.,0,Sem indício cadastral crítico,FOUND,ATIVA,7,25,124633.39,215724.063125,265101.600265673,-0.3436,Comportamento esperado
836,178863,Uldurico Junior,MDB,BA,Hotéis,"Hospedagem ,exceto Do Parlamentar No Distrito Federal.",0,Sem indício cadastral crítico,FOUND,ATIVA,2,8,5830.93,14559.116889,26542.375379101115,-0.3288,Comportamento esperado
50,220632,Ana Pimentel,PT,MG,Locomoção,Locação Ou Fretamento De Veículos Automotores,0,Sem indício cadastral crítico,FOUND,ATIVA,4,39,147199.39,199358.988889,190617.58878325575,-0.2736,Comportamento esperado
349,226179,Gisela Simona,UNIÃO,MT,Combustível,Combustíveis E Lubrificantes.,0,Sem indício cadastral crítico,FOUND,ATIVA,62,322,74776.71,34330.305532,57340.29977264771,0.7054,Comportamento esperado
688,73943,Perpétua Almeida,PCDOB,AC,Hotéis,"Hospedagem ,exceto Do Parlamentar No Distrito Federal.",0,Sem indício cadastral crítico,FOUND,ATIVA,6,22,12783.68,11165.562105,15437.148423150342,0.1048,Comportamento esperado
339,74383,Giacobo,PSD,PR,Viagens,Passagem Aérea - Sigepa,,,,,0,162,225671.99,173223.575536,125997.34942419773,0.4163,Comportamento esperado
826,220597,Thiago Flores,UNIÃO,RO,Outros,"Passagens Terrestres, Marítimas Ou Fluviais",0,Sem indício cadastral crítico,FOUND,ATIVA,1,5,464.33,1587.393333,2447.2122798455116,-0.4589,Comportamento esperado
427,141470,José Guimarães,PT,CE,Publicidade,Assinatura De Publicações,0,Sem indício cadastral crítico,FOUND,ATIVA,2,8,4467.70,3249.055000,4250.208219057374,0.2867,Comportamento esperado
612,204449,Nelson Barbudo,PL,MT,Viagens,Passagem Aérea - Reembolso,0,Sem indício cadastral crítico,FOUND,ATIVA,5,39,70851.92,36104.208462,85065.80718840551,0.4085,Comportamento esperado
544,118594,Marcelo Squassoni,REPUBLICANOS,SP,Outros,"Serviço De Táxi, Pedágio E Estacionamento",0,Sem indício cadastral crítico,FOUND,ATIVA,1,2,68.00,11967.060840,16796.655097373645,-0.7084,Comportamento esperado
275,220663,Eriberto Medeiros,PSB,PE,Comunicação,Telefonia,0,Sem indício cadastral crítico,FOUND,ATIVA,3,65,11905.24,10941.974167,12252.099914667077,0.0786,Comportamento esperado
560,74398,Maria Do Rosário,PT,RS,Combustível,Combustíveis E Lubrificantes.,1,Situação cadastral não ativa: BAIXADA,FOUND,BAIXADA,18,42,7551.41,60520.148547,97388.05968907535,-0.5439,Fornecedor com CNPJ suspeito
316,204393,Frei Anastacio Ribeiro,PT,PB,Outros,Manutenção De Escritório De Apoio À Atividade Parlamentar,0,Documento não consultado por não ser CNPJ,NOT_APPLICABLE,,1,12,57000.00,40088.436364,59072.75761932022,0.2863,Comportamento esperado
582,220591,Meire Serafim,UNIÃO,AC,Hotéis,"Hospedagem ,exceto Do Parlamentar No Distrito Federal.",0,Sem indício cadastral crítico,FOUND,ATIVA,4,4,8084.38,11165.562105,15437.148423150342,-0.1996,Comportamento esperado
116,178962,Carlos Gomes,REPUBLICANOS,RS,Alimentação,Fornecimento De Alimentação Do Parlamentar,1,Erro na consulta pública de CNPJ,ERROR,,1,2,484.95,7368.085075,13657.337051272762,-0.504,Fornecedor com CNPJ suspeito
12,136811,Afonso Hamm,PP,RS,Viagens,Passagem Aérea - Rpa,0,Sem indício cadastral crítico,FOUND,ATIVA,3,10,11359.92,23263.014545,27193.710295909314,-0.4377,Comportamento esperado
56,204423,André Ferreira,PL,PE,Viagens,Passagem Aérea - Reembolso,0,Sem indício cadastral crítico,FOUND,ATIVA,3,3,6857.04,7471.163333,10016.291980131698,-0.0613,Comportamento esperado
441,204576,João Roma,PL,BA,Outros,Manutenção De Escritório De Apoio À Atividade Parlamentar,0,Documento não consultado por não ser CNPJ,NOT_APPLICABLE,,1,9,87200.00,98257.521290,134321.8726415135,-0.0823,Comportamento esperado
806,220575,Sonize Barbosa,PL,AP,Publicidade,Divulgação Da Atividade Parlamentar.,1,Situação cadastral não ativa: BAIXADA,FOUND,BAIXADA,2,9,129995.00,282209.245429,388109.6753004129,-0.3922,Fornecedor com CNPJ suspeito
453,178886,Juscelino Filho,PSDB,MA,Comunicação,Telefonia,0,Sem indício cadastral crítico,FOUND,ATIVA,4,19,6391.20,18512.680625,18171.321371846523,-0.6671,Comportamento esperado
84,204358,Beto Pereira,REPUBLICANOS,MS,Alimentação,Fornecimento De Alimentação Do Parlamentar,0,Sem indício cadastral crítico,FOUND,ATIVA,2,2,156.78,1353.213333,1612.688595893516,-0.7419,Comportamento esperado
131,205476,Charles Fernandes,PSD,BA,Hotéis,"Hospedagem ,exceto Do Parlamentar No Distrito Federal.",0,Sem indício cadastral crítico,FOUND,ATIVA,5,10,16282.98,14559.116889,26542.375379101115,0.0649,Comportamento esperado
329,160669,Genecias Noronha,PL,CE,Locomoção,Locação Ou Fretamento De Aeronaves,0,Sem indício cadastral crítico,FOUND,ATIVA,1,1,23000.00,46678.600000,38881.59920573464,-0.609,Comportamento esperado
832,197438,Tito,AVANTE,BA,Combustível,Combustíveis E Lubrificantes.,0,Sem indício cadastral crítico,FOUND,ATIVA,70,214,48273.63,76280.976842,110667.4963849575,-0.2531,Comportamento esperado
768,178935,Rossoni,PSDB,PR,Comunicação,Telefonia,0,Sem indício cadastral crítico,FOUND,ATIVA,2,8,2638.04,10984.091277,13121.60062975809,-0.6361,Comportamento esperado
690,204524,Pinheirinho,PP,MG,Viagens,Passagem Aérea - Sigepa,,,,,0,259,287653.38,195216.599630,167832.49260588933,0.5508,Comportamento esperado
74,220577,Augusto Puppio,MDB,AP,Comunicação,Telefonia,0,Sem indício cadastral crítico,FOUND,ATIVA,1,10,1730.38,4978.914286,4084.738765910076,-0.7953,Comportamento esperado
409,178910,Joaquim Passarinho,PL,PA,Outros,Manutenção De Escritório De Apoio À Atividade Parlamentar,0,Sem indício cadastral crítico,FOUND,ATIVA,11,213,319365.28,42888.542571,70113.4772677672,3.9433,Anomalia financeira extrema
738,220693,Roberta Roma,PL,BA,Combustível,Combustíveis E Lubrificantes.,0,Sem indício cadastral crítico,FOUND,ATIVA,242,927,252188.11,76280.976842,110667.4963849575,1.5895,Comportamento esperado
571,204428,Marília Arraes,SOLIDARIEDADE,PE,Comunicação,Telefonia,0,Sem indício cadastral crítico,FOUND,ATIVA,3,47,17442.77,10941.974167,12252.099914667077,0.5306,Comportamento esperado
708,178951,Rafael Motta,PSB,RN,Combustível,Combustíveis E Lubrificantes.,0,Sem indício cadastral crítico,FOUND,ATIVA,32,101,28381.31,51927.710333,76131.03428420173,-0.3093,Comportamento esperado
856,178992,Vitor Lippi,PSD,SP,Hotéis,"Hospedagem ,exceto Do Parlamentar No Distrito Federal.",0,Sem indício cadastral crítico,FOUND,ATIVA,31,119,41986.99,10014.789189,11435.329101648113,2.7959,Possível anomalia financeira
95,204551,Bosco Saraiva,SOLIDARIEDADE,AM,Combustível,Combustíveis E Lubrificantes.,0,Sem indício cadastral crítico,FOUND,ATIVA,27,53,11085.90,27982.215263,36043.55549981074,-0.4688,Comportamento esperado
408,141456,Jilmar Tatto,PT,SP,Publicidade,Divulgação Da Atividade Parlamentar.,0,Sem indício cadastral crítico,FOUND,ATIVA,11,200,1304860.63,243741.226243,313657.1515008437,3.3831,Anomalia financeira extrema
863,74043,Wellington Roberto,PL,PB,Viagens,Passagem Aérea - Rpa,0,Sem indício cadastral crítico,FOUND,ATIVA,3,33,33499.31,6222.055333,8497.227830281614,3.2101,Anomalia financeira extrema
543,204556,Marcelo Ramos,PSD,AM,Publicidade,Divulgação Da Atividade Parlamentar.,0,Sem indício cadastral crítico,FOUND,ATIVA,4,15,48500.00,309286.770000,323174.1425425514,-0.807,Comportamento esperado
690,204524,Pinheirinho,PP,MG,Locomoção,Locação Ou Fretamento De Veículos Automotores,0,Sem indício cadastral crítico,FOUND,ATIVA,6,95,562428.33,199358.988889,190617.58878325575,1.9047,Comportamento esperado
556,178943,Marcos Soares,PSDB,RJ,Locomoção,Locação Ou Fretamento De Veículos Automotores,0,Sem indício cadastral crítico,FOUND,ATIVA,10,77,427856.38,162239.394390,163272.60476613723,1.6268,Comportamento esperado
390,204508,Igor Timo,UNIÃO,MG,Hotéis,"Hospedagem ,exceto Do Parlamentar No Distrito Federal.",0,Sem indício cadastral crítico,FOUND,ATIVA,60,161,53342.03,17018.453084,26330.369533202334,1.3795,Comportamento esperado
117,178993,Carlos Henrique Gaguim,UNIÃO,TO,Outros,Manutenção De Escritório De Apoio À Atividade Parlamentar,0,Documento não consultado por não ser CNPJ,NOT_APPLICABLE,,2,52,357200.00,60332.404118,100110.53801139936,2.9654,Possível anomalia financeira
411,204468,Joenia Wapichana,REDE,RR,Outros,Manutenção De Escritório De Apoio À Atividade Parlamentar,0,Sem indício cadastral crítico,FOUND,ATIVA,7,55,24259.69,80921.562903,170825.55022261123,-0.3317,Comportamento esperado
6,221328,Adilson Barroso,PL,SP,Publicidade,Divulgação Da Atividade Parlamentar.,0,Sem indício cadastral crítico,FOUND,ATIVA,7,45,516233.34,243741.226243,313657.1515008437,0.8688,Comportamento esperado
622,209787,Nikolas Ferreira,PL,MG,Publicidade,Divulgação Da Atividade Parlamentar.,1,Situação cadastral não ativa: BAIXADA,FOUND,BAIXADA,1,26,91000.00,194891.353020,276881.75990132586,-0.3752,Fornecedor com CNPJ suspeito
48,107970,Ana Paula Leão,PP,MG,Comunicação,Telefonia,0,Sem indício cadastral crítico,FOUND,ATIVA,4,62,53982.87,15607.667083,19082.29985422686,2.011,Possível anomalia financeira
159,204370,Célio Moura,PT,TO,Alimentação,Fornecimento De Alimentação Do Parlamentar,0,Sem indício cadastral crítico,FOUND,ATIVA,28,73,3670.74,977.828571,1259.2622814625577,2.1385,Possível anomalia financeira
163,141411,Dagoberto Nogueira,PP,MS,Publicidade,Assinatura De Publicações,0,Sem indício cadastral crítico,FOUND,ATIVA,1,2,618.00,525.333333,187.99024797401947,0.4929,Comportamento esperado
556,178943,Marcos Soares,PSDB,RJ,Alimentação,Fornecimento De Alimentação Do Parlamentar,1,Erro na consulta pública de CNPJ,ERROR,,1,7,1080.42,5314.154545,11413.915891543053,-0.3709,Fornecedor com CNPJ suspeito
32,204503,Alexandre Padilha,PT,SP,Locomoção,Locação Ou Fretamento De Veículos Automotores,0,Sem indício cadastral crítico,FOUND,ATIVA,1,2,1192.25,147254.510948,139673.23431152088,-1.0457,Comportamento esperado
711,204567,Raimundo Costa,PODE,BA,Alimentação,Fornecimento De Alimentação Do Parlamentar,1,Situação cadastral não ativa: BAIXADA,FOUND,BAIXADA,4,4,403.78,5334.958511,10548.888785765435,-0.4675,Fornecedor com CNPJ suspeito
545,179000,Marcelo Álvaro Antônio,PL,MG,Locomoção,Locação Ou Fretamento De Veículos Automotores,0,Sem indício cadastral crítico,FOUND,ATIVA,6,82,480500.00,199358.988889,190617.58878325575,1.4749,Comportamento esperado
343,220529,Gilson Daniel,PODE,ES,Locomoção,Locação Ou Fretamento De Veículos Automotores,1,Situação cadastral não ativa: BAIXADA,FOUND,BAIXADA,1,20,126847.50,171214.090476,129265.73835992759,-0.3432,Fornecedor com CNPJ suspeito
690,204524,Pinheirinho,PP,MG,Outros,Manutenção De Escritório De Apoio À Atividade Parlamentar,0,Sem indício cadastral crítico,FOUND,ATIVA,2,64,39394.05,123562.947566,162703.54342443834,-0.5173,Comportamento esperado
630,204498,Olival Marques,MDB,PA,Publicidade,Divulgação Da Atividade Parlamentar.,0,Sem indício cadastral crítico,FOUND,ATIVA,2,11,141516.14,319971.475333,323849.5425991789,-0.551,Comportamento esperado
394,204436,Isnaldo Bulhões Jr.,MDB,AL,Hotéis,"Hospedagem ,exceto Do Parlamentar No Distrito Federal.",0,Sem indício cadastral crítico,FOUND,ATIVA,8,32,14658.10,10355.987000,9952.54062426837,0.4323,Comportamento esperado
692,73486,Pompeo De Mattos,PDT,RS,Combustível,Combustíveis E Lubrificantes.,1,Situação cadastral não ativa: BAIXADA,FOUND,BAIXADA,16,17,3161.16,60520.148547,97388.05968907535,-0.589,Fornecedor com CNPJ suspeito
490,204404,Lucas Redecker,PSD,RS,Comunicação,Telefonia,0,Sem indício cadastral crítico,FOUND,ATIVA,1,38,19893.48,19321.830435,18898.364290143905,0.0302,Comportamento esperado
76,74646,Aécio Neves,PSDB,MG,Outros,Manutenção De Escritório De Apoio À Atividade Parlamentar,1,Situação cadastral não ativa: BAIXADA,FOUND,BAIXADA,2,6,1818.49,123562.947566,162703.54342443834,-0.7483,Fornecedor com CNPJ suspeito
34,221148,Alfredinho,PT,SP,Combustível,Combustíveis E Lubrificantes.,1,Situação cadastral não ativa: BAIXADA,FOUND,BAIXADA,2,2,452.26,42192.750821,64034.19773844777,-0.6518,Fornecedor com CNPJ suspeito
249,74655,Eduardo Barbosa,PSDB,MG,Locomoção,Locação Ou Fretamento De Veículos Automotores,0,Sem indício cadastral crítico,FOUND,ATIVA,1,18,72612.32,199358.988889,190617.58878325575,-0.6649,Comportamento esperado
572,220661,Matheus Noronha,PL,CE,Combustível,Combustíveis E Lubrificantes.,0,Sem indício cadastral crítico,FOUND,ATIVA,10,40,140816.19,41977.960833,76764.60304100714,1.2875,Comportamento esperado
814,204534,Tabata Amaral,PSB,SP,Publicidade,Assinatura De Publicações,0,Sem indício cadastral crítico,FOUND,ATIVA,4,5,1766.19,3369.241333,3418.330377283657,-0.469,Comportamento esperado
73,160665,Augusto Coutinho,REPUBLICANOS,PE,Viagens,Passagem Aérea - Reembolso,1,Erro na consulta pública de CNPJ,ERROR,,1,1,5526.45,7471.163333,10016.291980131698,-0.1942,Fornecedor com CNPJ suspeito
107,178829,Capitão Augusto,PL,SP,Viagens,Passagem Aérea - Reembolso,0,Sem indício cadastral crítico,FOUND,ATIVA,2,8,11701.89,9758.571000,11443.414965885137,0.1698,Comportamento esperado
291,220646,Felipe Becari,PODE,SP,Combustível,Combustíveis E Lubrificantes.,0,Sem indício cadastral crítico,FOUND,ATIVA,95,215,33652.57,42192.750821,64034.19773844777,-0.1334,Comportamento esperado
471,204375,Leda Sadala,PP,AP,Alimentação,Fornecimento De Alimentação Do Parlamentar,0,Sem indício cadastral crítico,FOUND,ATIVA,7,15,822.72,2913.228750,3743.7956562078907,-0.5584,Comportamento esperado
588,178985,Miguel Lombardi,PL,SP,Combustível,Combustíveis E Lubrificantes.,0,Sem indício cadastral crítico,FOUND,ATIVA,125,1012,180607.54,42192.750821,64034.19773844777,2.1616,Possível anomalia financeira
589,171786,Miguel Ângelo,PT,MG,Hotéis,"Hospedagem ,exceto Do Parlamentar No Distrito Federal.",0,Sem indício cadastral crítico,FOUND,ATIVA,26,54,23432.50,17018.453084,26330.369533202334,0.2436,Comportamento esperado
332,204484,General Peternelli,UNIÃO,SP,Comunicação,Telefonia,0,Sem indício cadastral crítico,FOUND,ATIVA,6,74,11073.27,19889.940211,25751.500071775903,-0.3424,Comportamento esperado
705,204467,Professora Rosa Neide,PT,MT,Outros,Serviço De Segurança Prestado Por Empresa Especializada.,0,Sem indício cadastral crítico,FOUND,ATIVA,1,6,2950.00,43311.225000,57079.39178899202,-0.7071,Comportamento esperado
54,74471,André De Paula,PSD,PE,Comunicação,Telefonia,0,Sem indício cadastral crítico,FOUND,ATIVA,5,24,5069.58,10941.974167,12252.099914667077,-0.4793,Comportamento esperado
758,178930,Roman,PP,PR,Hotéis,"Hospedagem ,exceto Do Parlamentar No Distrito Federal.",0,Sem indício cadastral crítico,FOUND,ATIVA,5,8,5227.04,18419.328649,34024.43115299299,-0.3877,Comportamento esperado
560,74398,Maria Do Rosário,PT,RS,Serviços profissionais,"Consultorias, Pesquisas E Trabalhos Técnicos.",0,Sem indício cadastral crítico,FOUND,ATIVA,2,5,16355.00,39996.666667,35707.577110401064,-0.6621,Comportamento esperado
740,160653,Roberto De Lucena,REPUBLICANOS,SP,Outros,"Serviço De Táxi, Pedágio E Estacionamento",0,Sem indício cadastral crítico,FOUND,ATIVA,1,18,13530.03,11967.060840,16796.655097373645,0.0931,Comportamento esperado
225,220688,Dr. Francisco,PT,PI,Locomoção,Locação Ou Fretamento De Veículos Automotores,0,Sem indício cadastral crítico,FOUND,ATIVA,4,111,369422.68,264114.661053,215307.58327079436,0.4891,Comportamento esperado
508,73778,Luiz Carlos Hauly,PODE,PR,Viagens,Passagem Aérea - Rpa,0,Sem indício cadastral crítico,FOUND,ATIVA,3,4,6745.81,26722.504474,58025.433845182,-0.3443,Comportamento esperado
718,205865,Reinhold Stephanes,PL,PR,Alimentação,Fornecimento De Alimentação Do Parlamentar,1,Situação cadastral não ativa: BAIXADA,FOUND,BAIXADA,1,1,21.00,4173.948542,8441.04850518495,-0.492,Fornecedor com CNPJ suspeito
302,204427,Fernando Rodolfo,PRD,PE,Combustível,Combustíveis E Lubrificantes.,1,CNPJ não encontrado na API pública,NOT_FOUND,,1,1,200.01,53506.291935,82942.380015203,-0.6427,Fornecedor com CNPJ suspeito
519,178866,Luizianne Lins,PT,CE,Publicidade,Assinatura De Publicações,0,Sem indício cadastral crítico,FOUND,ATIVA,1,3,5404.80,3249.055000,4250.208219057374,0.5072,Comportamento esperado
38,204353,Aline Gurgel,REPUBLICANOS,AP,Serviços profissionais,"Consultorias, Pesquisas E Trabalhos Técnicos.",0,Sem indício cadastral crítico,FOUND,ATIVA,1,6,193000.00,74193.690909,67500.34505342109,1.7601,Comportamento esperado
249,74655,Eduardo Barbosa,PSDB,MG,Hotéis,"Hospedagem ,exceto Do Parlamentar No Distrito Federal.",0,Sem indício cadastral crítico,FOUND,ATIVA,29,67,11280.80,17018.453084,26330.369533202334,-0.2179,Comportamento esperado
113,204507,Carla Zambelli,PL,SP,Publicidade,Divulgação Da Atividade Parlamentar.,0,Sem indício cadastral crítico,FOUND,ATIVA,28,115,638972.74,243741.226243,313657.1515008437,1.2601,Comportamento esperado
822,178901,Tereza Cristina,PP,MS,Combustível,Combustíveis E Lubrificantes.,0,Sem indício cadastral crítico,FOUND,ATIVA,20,58,20322.17,73790.692609,89494.27774679432,-0.5975,Comportamento esperado
390,204508,Igor Timo,PODE,MG,Publicidade,Divulgação Da Atividade Parlamentar.,0,Sem indício cadastral crítico,FOUND,ATIVA,6,16,66296.59,194891.353020,276881.75990132586,-0.4644,Comportamento esperado
864,224333,Welter,PT,PR,Comunicação,Telefonia,0,Sem indício cadastral crítico,FOUND,ATIVA,2,7,1573.08,10984.091277,13121.60062975809,-0.7172,Comportamento esperado
205,220553,Denise Pessôa,PT,RS,Outros,"Passagens Terrestres, Marítimas Ou Fluviais",0,Sem indício cadastral crítico,FOUND,ATIVA,4,28,2222.60,4236.036552,8253.072405382596,-0.244,Comportamento esperado
646,160642,Pastor Eurico,PSDB,PE,Alimentação,Fornecimento De Alimentação Do Parlamentar,1,Situação cadastral não ativa: BAIXADA,FOUND,BAIXADA,4,10,1060.83,3487.092941,8073.709935566787,-0.3005,Fornecedor com CNPJ suspeito
300,204445,Fernando Mineiro,PT,RN,Outros,Aquisição De Tokens E Certificados Digitais,0,Sem indício cadastral crítico,FOUND,ATIVA,2,3,998.00,998.000000,,,Comportamento esperado
597,220584,Murilo Galdino,REPUBLICANOS,PB,Hotéis,"Hospedagem ,exceto Do Parlamentar No Distrito Federal.",0,Sem indício cadastral crítico,FOUND,ATIVA,1,2,1052.00,9643.162222,20671.000404330745,-0.4156,Comportamento esperado
679,217330,Pedro Dalua,PSC,AP,Combustível,Combustíveis E Lubrificantes.,0,Sem indício cadastral crítico,FOUND,ATIVA,7,9,2856.83,24571.047667,39205.554475113444,-0.5539,Comportamento esperado
559,220668,Maria Arraes,PSB,PE,Combustível,Combustíveis E Lubrificantes.,1,CNPJ não encontrado na API pública,NOT_FOUND,,1,1,200.00,53506.291935,82942.380015203,-0.6427,Fornecedor com CNPJ suspeito
727,221329,Ricardo Abrão,PSDB,RJ,Outros,"Serviço De Táxi, Pedágio E Estacionamento",0,Sem indício cadastral crítico,FOUND,ATIVA,6,14,174.95,8455.730411,14321.838989715481,-0.5782,Comportamento esperado
390,204508,Igor Timo,UNIÃO,MG,Locomoção,Locação Ou Fretamento De Veículos Automotores,0,Sem indício cadastral crítico,FOUND,ATIVA,1,2,4610.00,199358.988889,190617.58878325575,-1.0217,Comportamento esperado
824,180018,Thiago Cartaxo,PODE,RN,Viagens,Passagem Aérea - Sigepa,,,,,0,11,9825.43,162797.373750,139730.51949096413,-1.0948,Comportamento esperado
321,141427,Fábio Ramalho,MDB,MG,Outros,"Serviço De Táxi, Pedágio E Estacionamento",0,Sem indício cadastral crítico,FOUND,ATIVA,1,3,17.40,5572.245385,10370.293242628488,-0.5356,Comportamento esperado
405,160570,Jerônimo Goergen,PP,RS,Publicidade,Assinatura De Publicações,0,Sem indício cadastral crítico,FOUND,ATIVA,1,1,113.70,4387.790000,5356.19612339018,-0.798,Comportamento esperado
401,74848,Jandira Feghali,PCDOB,RJ,Outros,Serviços Postais,0,Sem indício cadastral crítico,FOUND,ATIVA,1,1,282.00,243.509167,238.83926913525045,0.1612,Comportamento esperado
629,74159,Odair Cunha,PT,MG,Hotéis,"Hospedagem ,exceto Do Parlamentar No Distrito Federal.",0,Sem indício cadastral crítico,FOUND,ATIVA,78,291,65766.96,17018.453084,26330.369533202334,1.8514,Comportamento esperado
9,121948,Adriano Do Baldy,PP,GO,Hotéis,"Hospedagem ,exceto Do Parlamentar No Distrito Federal.",0,Sem indício cadastral crítico,FOUND,ATIVA,71,123,27847.90,7024.380500,8737.204954294128,2.3833,Possível anomalia financeira
815,178922,Tadeu Alencar,PSB,PE,Outros,"Serviço De Táxi, Pedágio E Estacionamento",0,Sem indício cadastral crítico,FOUND,ATIVA,6,261,7002.71,5084.056842,13620.11056577697,0.1409,Comportamento esperado
290,66828,Fausto Pinato,PP,SP,Combustível,Combustíveis E Lubrificantes.,0,Sem indício cadastral crítico,FOUND,ATIVA,45,94,52839.14,42192.750821,64034.19773844777,0.1663,Comportamento esperado
674,220630,Pedro Aihara,PP,MG,Viagens,Passagem Aérea - Sigepa,,,,,0,205,202176.37,195216.599630,167832.49260588933,0.0415,Comportamento esperado
133,74171,Chico Alencar,PSOL,RJ,Outros,Manutenção De Escritório De Apoio À Atividade Parlamentar,0,Sem indício cadastral crítico,FOUND,ATIVA,14,209,262545.33,80988.593819,134414.71100556676,1.3507,Comportamento esperado
130,204504,Cezinha De Madureira,PSD,SP,Outros,Manutenção De Escritório De Apoio À Atividade Parlamentar,0,Sem indício cadastral crítico,FOUND,ATIVA,6,31,6153.76,98538.487659,143509.98800071477,-0.6438,Comportamento esperado
96,204502,Bozzella,UNIÃO,SP,Publicidade,Divulgação Da Atividade Parlamentar.,0,Sem indício cadastral crítico,FOUND,ATIVA,4,10,55048.39,243741.226243,313657.1515008437,-0.6016,Comportamento esperado
652,74160,Patrus Ananias,PT,MG,Viagens,Passagem Aérea - Rpa,0,Sem indício cadastral crítico,FOUND,ATIVA,2,44,72310.06,40253.940526,63478.97879162227,0.505,Comportamento esperado
624,178986,Nilto Tatto,PT,SP,Outros,Serviços Postais,0,Sem indício cadastral crítico,FOUND,ATIVA,4,24,1075.45,1015.584878,1403.5425598127083,0.0427,Comportamento esperado
788,178921,Sebastião Oliveira,AVANTE,PE,Viagens,Passagem Aérea - Rpa,0,Sem indício cadastral crítico,FOUND,ATIVA,3,34,16017.99,15238.795000,22485.76149111043,0.0347,Comportamento esperado
599,226410,Márcio Correa,MDB,GO,Outros,Manutenção De Escritório De Apoio À Atividade Parlamentar,0,Sem indício cadastral crítico,FOUND,ATIVA,1,1,776.70,100447.486545,162486.21407041358,-0.6134,Comportamento esperado
467,74856,Laura Carneiro,PSD,RJ,Outros,Manutenção De Escritório De Apoio À Atividade Parlamentar,0,Sem indício cadastral crítico,FOUND,ATIVA,10,147,159816.92,80988.593819,134414.71100556676,0.5865,Comportamento esperado
223,220614,Dr. Daniel Soranz,PSD,RJ,Outros,Manutenção De Escritório De Apoio À Atividade Parlamentar,0,Sem indício cadastral crítico,FOUND,ATIVA,8,16,18549.87,80988.593819,134414.71100556676,-0.4645,Comportamento esperado
772,74371,Rubens Otoni,PT,GO,Combustível,Combustíveis E Lubrificantes.,0,Sem indício cadastral crítico,FOUND,ATIVA,4,108,306990.41,65044.277593,95738.05404592726,2.5272,Possível anomalia financeira
194,220583,Delegado Fabio Costa,PP,AL,Combustível,Combustíveis E Lubrificantes.,1,Situação cadastral não ativa: BAIXADA,FOUND,BAIXADA,2,6,919.76,41184.340741,54405.12179897842,-0.7401,Fornecedor com CNPJ suspeito
559,220668,Maria Arraes,PSB,PE,Locomoção,Locação Ou Fretamento De Veículos Automotores,0,Sem indício cadastral crítico,FOUND,ATIVA,3,55,354038.00,220869.240392,185976.71020526288,0.7161,Comportamento esperado
819,204464,Talíria Petrone,PSOL,RJ,Publicidade,Assinatura De Publicações,0,Sem indício cadastral crítico,FOUND,ATIVA,1,5,12081.00,4317.763846,4399.037924691675,1.7648,Comportamento esperado
216,220573,Dorinaldo Malafaia,PDT,AP,Outros,Manutenção De Escritório De Apoio À Atividade Parlamentar,0,Sem indício cadastral crítico,FOUND,ATIVA,6,48,28401.09,30123.933200,30290.240248736845,-0.0569,Comportamento esperado
366,204456,Gutemberg Reis,MDB,RJ,Publicidade,Divulgação Da Atividade Parlamentar.,0,Sem indício cadastral crítico,FOUND,ATIVA,1,32,176000.00,226781.355120,259582.44863584734,-0.1956,Comportamento esperado
232,228616,Dr. Remy Soares,PP,MA,Outros,"Participação Em Curso, Palestra Ou Evento Similar",0,Sem indício cadastral crítico,FOUND,ATIVA,1,2,14000.00,6379.883333,6887.791517666119,1.1063,Comportamento esperado
177,204459,Daniela Do Waguinho,UNIÃO,RJ,Serviços profissionais,"Consultorias, Pesquisas E Trabalhos Técnicos.",0,Sem indício cadastral crítico,FOUND,ATIVA,1,5,12000.00,51555.638000,51954.41216850247,-0.7614,Comportamento esperado
264,220008,Eliza Virgínia,PP,PB,Outros,Manutenção De Escritório De Apoio À Atividade Parlamentar,0,Documento não consultado por não ser CNPJ,NOT_APPLICABLE,,1,8,77200.00,40088.436364,59072.75761932022,0.6282,Comportamento esperado
435,141458,João Carlos Bacelar,PL,BA,Alimentação,Fornecimento De Alimentação Do Parlamentar,1,Situação cadastral não ativa: BAIXADA,FOUND,BAIXADA,3,3,176.00,5334.958511,10548.888785765435,-0.4891,Fornecedor com CNPJ suspeito
334,178966,Geovania De Sá,REPUBLICANOS,SC,Outros,"Serviço De Táxi, Pedágio E Estacionamento",1,Situação cadastral não ativa: BAIXADA,FOUND,BAIXADA,1,1,10.00,2658.067742,3431.982973130558,-0.7716,Fornecedor com CNPJ suspeito
282,178953,Expedito Netto,PSD,RO,Comunicação,Telefonia,0,Sem indício cadastral crítico,FOUND,ATIVA,1,12,17260.73,15683.564000,17340.40119270922,0.091,Comportamento esperado
519,178866,Luizianne Lins,PT,CE,Combustível,Combustíveis E Lubrificantes.,1,Situação cadastral não ativa: BAIXADA,FOUND,BAIXADA,1,1,100.00,41977.960833,76764.60304100714,-0.5455,Fornecedor com CNPJ suspeito
159,204370,Célio Moura,PT,TO,Outros,"Passagens Terrestres, Marítimas Ou Fluviais",0,Sem indício cadastral crítico,FOUND,ATIVA,1,1,120.00,2000.096667,1575.0680622838706,-1.1937,Comportamento esperado
287,204368,Fabio Schiochet,UNIÃO,SC,Serviços profissionais,"Consultorias, Pesquisas E Trabalhos Técnicos.",0,Sem indício cadastral crítico,FOUND,ATIVA,1,13,140000.00,54951.871000,53748.576570772435,1.5823,Comportamento esperado
629,74159,Odair Cunha,PT,MG,Comunicação,Telefonia,0,Sem indício cadastral crítico,FOUND,ATIVA,1,48,74521.93,15607.667083,19082.29985422686,3.0874,Anomalia financeira extrema
884,204509,Áurea Carolina,PSOL,MG,Viagens,Passagem Aérea - Sigepa,,,,,0,159,188092.81,195216.599630,167832.49260588933,-0.0424,Comportamento esperado
502,204381,Luis Miranda,REPUBLICANOS,DF,Combustível,Combustíveis E Lubrificantes.,0,Sem indício cadastral crítico,FOUND,ATIVA,30,58,17209.93,33372.670769,51515.7382887601,-0.3137,Comportamento esperado
615,146307,Neri Geller,PP,MT,Outros,Manutenção De Escritório De Apoio À Atividade Parlamentar,0,Sem indício cadastral crítico,FOUND,ATIVA,5,47,19472.47,55063.669706,75019.05976556618,-0.4744,Comportamento esperado
404,74273,Jefferson Campos,PL,SP,Outros,Serviço De Segurança Prestado Por Empresa Especializada.,0,Sem indício cadastral crítico,FOUND,ATIVA,2,55,168480.00,57471.443333,111341.01915358497,0.997,Comportamento esperado
390,204508,Igor Timo,UNIÃO,MG,Combustível,Combustíveis E Lubrificantes.,0,Sem indício cadastral crítico,FOUND,ATIVA,206,691,199408.01,65306.104375,92314.0005265802,1.4527,Comportamento esperado
508,73778,Luiz Carlos Hauly,PODE,PR,Combustível,Combustíveis E Lubrificantes.,0,Sem indício cadastral crítico,FOUND,ATIVA,90,446,67174.70,57944.345500,82353.4495793919,0.1121,Comportamento esperado
711,204567,Raimundo Costa,PSD,BA,Outros,"Passagens Terrestres, Marítimas Ou Fluviais",0,Sem indício cadastral crítico,FOUND,ATIVA,1,372,41851.25,3634.349545,9001.916528866017,4.2454,Anomalia financeira extrema
776,160635,Ruy Carneiro,PODE,PB,Locomoção,Locação Ou Fretamento De Veículos Automotores,0,Sem indício cadastral crítico,FOUND,ATIVA,1,68,401883.42,197980.822174,165434.59936969794,1.2325,Comportamento esperado
800,204425,Silvio Costa Filho,REPUBLICANOS,PE,Publicidade,Divulgação Da Atividade Parlamentar.,1,Situação cadastral não ativa: BAIXADA,FOUND,BAIXADA,2,13,70600.00,241972.708182,301628.5621101344,-0.5682,Fornecedor com CNPJ suspeito
226,204518,Dr. Frederico,PATRIOTA,MG,Locomoção,Locação Ou Fretamento De Veículos Automotores,0,Sem indício cadastral crítico,FOUND,ATIVA,3,29,99118.34,199358.988889,190617.58878325575,-0.5259,Comportamento esperado
119,74262,Carlos Sampaio,PSDB,SP,Comunicação,Telefonia,0,Sem indício cadastral crítico,FOUND,ATIVA,1,38,12487.41,19889.940211,25751.500071775903,-0.2875,Comportamento esperado
379,73772,Hermes Parcianello,MDB,PR,Publicidade,Divulgação Da Atividade Parlamentar.,0,Sem indício cadastral crítico,FOUND,ATIVA,11,21,282399.30,263664.052022,329972.5348930845,0.0568,Comportamento esperado
249,74655,Eduardo Barbosa,PSDB,MG,Viagens,Passagem Aérea - Rpa,0,Sem indício cadastral crítico,FOUND,ATIVA,3,79,74651.93,40253.940526,63478.97879162227,0.5419,Comportamento esperado
372,204444,Helio Lopes,PL,RJ,Comunicação,Telefonia,0,Sem indício cadastral crítico,FOUND,ATIVA,2,55,16059.21,11897.719661,18918.17939394703,0.22,Comportamento esperado
163,141411,Dagoberto Nogueira,PSDB,MS,Viagens,Passagem Aérea - Sigepa,,,,,0,56,45522.86,136850.719231,90603.58730528376,-1.008,Comportamento esperado
596,220617,Murillo Gouvea,PSDB,RJ,Outros,Serviço De Segurança Prestado Por Empresa Especializada.,0,Sem indício cadastral crítico,FOUND,ATIVA,2,5,40287.70,20518.758000,20004.550993027562,0.9882,Comportamento esperado
671,141488,Paulo Teixeira,PT,SP,Publicidade,Divulgação Da Atividade Parlamentar.,1,Situação cadastral não ativa: BAIXADA,FOUND,BAIXADA,1,8,38210.00,243741.226243,313657.1515008437,-0.6553,Fornecedor com CNPJ suspeito
2,204521,Abou Anni,UNIÃO,SP,Publicidade,Divulgação Da Atividade Parlamentar.,0,Sem indício cadastral crítico,FOUND,ATIVA,5,11,82438.30,243741.226243,313657.1515008437,-0.5143,Comportamento esperado
568,204566,Marreca Filho,PRD,MA,Locomoção,Locação Ou Fretamento De Veículos Automotores,0,Sem indício cadastral crítico,FOUND,ATIVA,7,30,184589.37,122090.952683,112418.39663710551,0.5559,Comportamento esperado
711,204567,Raimundo Costa,PSD,BA,Comunicação,Telefonia,0,Sem indício cadastral crítico,FOUND,ATIVA,1,1,59.90,23153.030698,23468.568952979214,-0.984,Comportamento esperado
484,171139,Loreny,SOLIDARIEDADE,SP,Alimentação,Fornecimento De Alimentação Do Parlamentar,0,Sem indício cadastral crítico,FOUND,ATIVA,8,10,765.83,3366.001170,5609.697337170304,-0.4635,Comportamento esperado
801,220569,Silvye Alves,UNIÃO,GO,Combustível,Combustíveis E Lubrificantes.,1,Situação cadastral não ativa: SUSPENSA,FOUND,SUSPENSA,2,3,681.51,65044.277593,95738.05404592726,-0.6723,Fornecedor com CNPJ suspeito
100,220574,Cabo Gilberto Silva,PL,PB,Hotéis,"Hospedagem ,exceto Do Parlamentar No Distrito Federal.",0,Sem indício cadastral crítico,FOUND,ATIVA,3,3,812.00,9643.162222,20671.000404330745,-0.4272,Comportamento esperado
502,204381,Luis Miranda,REPUBLICANOS,DF,Publicidade,Divulgação Da Atividade Parlamentar.,0,Sem indício cadastral crítico,FOUND,ATIVA,2,5,147900.00,274983.723704,375023.4293293225,-0.3389,Comportamento esperado
809,177282,Subtenente Gonzaga,PSD,MG,Viagens,Passagem Aérea - Sigepa,,,,,0,90,116144.12,195216.599630,167832.49260588933,-0.4711,Comportamento esperado
90,204388,Bibo Nunes,PL,RS,Alimentação,Fornecimento De Alimentação Do Parlamentar,1,Situação cadastral não ativa: BAIXADA,FOUND,BAIXADA,22,75,3949.41,7368.085075,13657.337051272762,-0.2503,Fornecedor com CNPJ suspeito
347,160673,Giovani Cherini,PL,RS,Combustível,Combustíveis E Lubrificantes.,0,Sem indício cadastral crítico,FOUND,ATIVA,368,1090,228284.65,60520.148547,97388.05968907535,1.7226,Comportamento esperado
425,215043,Josivaldo Jp,UNIÃO,MA,Combustível,Combustíveis E Lubrificantes.,0,Sem indício cadastral crítico,FOUND,ATIVA,91,352,72026.54,34895.172615,52384.05405357016,0.7088,Comportamento esperado
194,220583,Delegado Fabio Costa,PP,AL,Combustível,Combustíveis E Lubrificantes.,0,Sem indício cadastral crítico,FOUND,ATIVA,68,211,52271.92,41184.340741,54405.12179897842,0.2038,Comportamento esperado
127,141405,Celso Maldaner,MDB,SC,Combustível,Combustíveis E Lubrificantes.,0,Sem indício cadastral crítico,FOUND,ATIVA,84,256,50212.79,63943.250339,85631.6159933909,-0.1603,Comportamento esperado
574,220550,Mauricio Marcon,PL,RS,Alimentação,Fornecimento De Alimentação Do Parlamentar,0,Sem indício cadastral crítico,FOUND,ATIVA,26,45,3485.56,7368.085075,13657.337051272762,-0.2843,Comportamento esperado
653,74095,Pauderney Avelino,UNIÃO,AM,Publicidade,Divulgação Da Atividade Parlamentar.,0,Sem indício cadastral crítico,FOUND,ATIVA,3,51,278279.30,309286.770000,323174.1425425514,-0.0959,Comportamento esperado
209,178929,Diego Garcia,REPUBLICANOS,PR,Hotéis,"Hospedagem ,exceto Do Parlamentar No Distrito Federal.",0,Sem indício cadastral crítico,FOUND,ATIVA,14,29,6643.01,18419.328649,34024.43115299299,-0.3461,Comportamento esperado
878,160632,Zé Silva,UNIÃO,MG,Outros,Manutenção De Escritório De Apoio À Atividade Parlamentar,1,Situação cadastral não ativa: BAIXADA,FOUND,BAIXADA,1,10,3714.30,123562.947566,162703.54342443834,-0.7366,Fornecedor com CNPJ suspeito
21,160559,Alceu Moreira,MDB,RS,Outros,Serviço De Segurança Prestado Por Empresa Especializada.,0,Sem indício cadastral crítico,FOUND,ATIVA,3,45,6768.14,50994.120000,102899.62785238729,-0.4298,Comportamento esperado
602,81055,Márcio Jerry,PCDOB,MA,Outros,"Serviço De Táxi, Pedágio E Estacionamento",0,Sem indício cadastral crítico,FOUND,ATIVA,9,405,11062.64,3095.474615,4475.3830763031065,1.7802,Comportamento esperado
504,204410,Luisa Canziani,UNIÃO,PR,Viagens,Passagem Aérea - Sigepa,,,,,0,212,265383.08,173223.575536,125997.34942419773,0.7314,Comportamento esperado
402,108338,Jaqueline Cassol,PP,RO,Publicidade,Divulgação Da Atividade Parlamentar.,1,Situação cadastral não ativa: BAIXADA,FOUND,BAIXADA,7,17,17900.00,289552.191071,359934.1329827757,-0.7547,Fornecedor com CNPJ suspeito
656,141516,Paulo Abi-ackel,PSDB,MG,Outros,Manutenção De Escritório De Apoio À Atividade Parlamentar,0,Sem indício cadastral crítico,FOUND,ATIVA,11,212,136441.29,123562.947566,162703.54342443834,0.0792,Comportamento esperado
361,220664,Guilherme Uchoa,PSD,PE,Locomoção,Locação Ou Fretamento De Veículos Automotores,0,Sem indício cadastral crítico,FOUND,ATIVA,7,36,361516.75,220869.240392,185976.71020526288,0.7563,Comportamento esperado
387,220563,Icaro De Valmir,REPUBLICANOS,SE,Publicidade,Divulgação Da Atividade Parlamentar.,0,Sem indício cadastral crítico,FOUND,ATIVA,25,157,658600.00,230946.483077,301200.1033422071,1.4198,Comportamento esperado
374,220672,Henderson Pinto,UNIÃO,PA,Publicidade,Divulgação Da Atividade Parlamentar.,0,Sem indício cadastral crítico,FOUND,ATIVA,17,70,738834.00,319971.475333,323849.5425991789,1.2934,Comportamento esperado
673,171617,Paulão,PT,AL,Outros,Manutenção De Escritório De Apoio À Atividade Parlamentar,0,Sem indício cadastral crítico,FOUND,ATIVA,5,48,18688.70,55960.761000,68535.24676411308,-0.5438,Comportamento esperado
591,154178,Milton Vieira,REPUBLICANOS,SP,Publicidade,Divulgação Da Atividade Parlamentar.,1,Situação cadastral não ativa: BAIXADA,FOUND,BAIXADA,2,10,41500.00,243741.226243,313657.1515008437,-0.6448,Fornecedor com CNPJ suspeito
244,178994,Dulce Miranda,MDB,TO,Viagens,Passagem Aérea - Sigepa,,,,,0,37,68224.01,76378.544118,54414.42672468753,-0.1499,Comportamento esperado
378,204539,Hercílio Coelho Diniz,MDB,MG,Outros,Manutenção De Escritório De Apoio À Atividade Parlamentar,0,Sem indício cadastral crítico,FOUND,ATIVA,8,35,14419.06,123562.947566,162703.54342443834,-0.6708,Comportamento esperado
424,204563,Josimar Maranhãozinho,PL,MA,Locomoção,Locação Ou Fretamento De Veículos Automotores,0,Sem indício cadastral crítico,FOUND,ATIVA,1,30,343200.00,122090.952683,112418.39663710551,1.9668,Comportamento esperado
94,74052,Bosco Costa,PL,SE,Viagens,Passagem Aérea - Rpa,0,Sem indício cadastral crítico,FOUND,ATIVA,2,2,3184.57,13988.180000,15171.00483116322,-0.7121,Comportamento esperado
594,160561,Missionário José Olimpio,PL,SP,Locomoção,Locação Ou Fretamento De Veículos Automotores,0,Sem indício cadastral crítico,FOUND,ATIVA,2,16,77866.63,147254.510948,139673.23431152088,-0.4968,Comportamento esperado
406,204435,Jesus Sérgio,PDT,AC,Locomoção,Locação Ou Fretamento De Veículos Automotores,0,Sem indício cadastral crítico,FOUND,ATIVA,1,8,96000.00,136825.250667,132327.06516765346,-0.3085,Comportamento esperado
116,178962,Carlos Gomes,REPUBLICANOS,RS,Combustível,Combustíveis E Lubrificantes.,1,Situação cadastral não ativa: BAIXADA,FOUND,BAIXADA,1,1,320.05,60520.148547,97388.05968907535,-0.6181,Fornecedor com CNPJ suspeito
846,204505,Vavá Martins,REPUBLICANOS,PA,Publicidade,Divulgação Da Atividade Parlamentar.,1,Situação cadastral não ativa: BAIXADA,FOUND,BAIXADA,1,2,90000.00,319971.475333,323849.5425991789,-0.7101,Fornecedor com CNPJ suspeito
705,204467,Professora Rosa Neide,PT,MT,Alimentação,Fornecimento De Alimentação Do Parlamentar,1,Situação cadastral não ativa: BAIXADA,FOUND,BAIXADA,1,1,70.00,2273.261250,4466.178507118996,-0.4933,Fornecedor com CNPJ suspeito
175,204454,Daniel Silveira,PTB,RJ,Outros,"Passagens Terrestres, Marítimas Ou Fluviais",0,Sem indício cadastral crítico,FOUND,ATIVA,5,14,896.72,1539.978571,2924.304901002727,-0.22,Comportamento esperado
580,75431,Maurício Dziedricki,PODE,RS,Hotéis,"Hospedagem ,exceto Do Parlamentar No Distrito Federal.",0,Sem indício cadastral crítico,FOUND,ATIVA,38,104,21860.50,21826.986437,35658.661568585754,9.0E-4,Comportamento esperado
876,220536,Zé Haroldo Cathedral,UNIÃO,RR,Combustível,Combustíveis E Lubrificantes.,0,Sem indício cadastral crítico,FOUND,ATIVA,30,168,53075.23,70971.916364,102686.34049821323,-0.1743,Comportamento esperado
414,217480,Jones Moura,PSD,RJ,Combustível,Combustíveis E Lubrificantes.,0,Sem indício cadastral crítico,FOUND,ATIVA,96,189,48255.15,44023.319398,62812.667137756165,0.0674,Comportamento esperado
313,204510,Franco Cartafina,PP,MG,Combustível,Combustíveis E Lubrificantes.,0,Sem indício cadastral crítico,FOUND,ATIVA,33,85,47998.17,65306.104375,92314.0005265802,-0.1875,Comportamento esperado
718,205865,Reinhold Stephanes,PL,PR,Combustível,Combustíveis E Lubrificantes.,0,Sem indício cadastral crítico,FOUND,ATIVA,73,228,64482.16,57944.345500,82353.4495793919,0.0794,Comportamento esperado
133,74171,Chico Alencar,PSOL,RJ,Alimentação,Fornecimento De Alimentação Do Parlamentar,0,Sem indício cadastral crítico,FOUND,ATIVA,31,385,13239.48,5314.154545,11413.915891543053,0.6944,Comportamento esperado
208,220691,Diego Coronel,REPUBLICANOS,BA,Viagens,Passagem Aérea - Sigepa,,,,,0,253,168743.54,219376.223091,157819.4558803826,-0.3208,Comportamento esperado
122,164360,Carmen Zanotto,CIDADANIA,SC,Hotéis,"Hospedagem ,exceto Do Parlamentar No Distrito Federal.",0,Sem indício cadastral crítico,FOUND,ATIVA,27,50,13301.79,36695.958649,43528.74004922331,-0.5374,Comportamento esperado
347,160673,Giovani Cherini,PL,RS,Publicidade,Divulgação Da Atividade Parlamentar.,0,Sem indício cadastral crítico,FOUND,ATIVA,63,249,572861.33,215724.063125,265101.600265673,1.3472,Comportamento esperado
187,220565,Delegada Adriana Accorsi,PT,GO,Comunicação,Telefonia,0,Sem indício cadastral crítico,FOUND,ATIVA,2,5,3415.29,16840.076000,26049.85234640615,-0.5153,Comportamento esperado
647,204570,Pastor Gil,PL,MA,Publicidade,Divulgação Da Atividade Parlamentar.,1,Situação cadastral não ativa: BAIXADA,FOUND,BAIXADA,1,13,164565.31,299945.123175,386285.4495039867,-0.3505,Fornecedor com CNPJ suspeito
302,204427,Fernando Rodolfo,PRD,PE,Publicidade,Divulgação Da Atividade Parlamentar.,0,Sem indício cadastral crítico,FOUND,ATIVA,14,44,523939.37,241972.708182,301628.5621101344,0.9348,Comportamento esperado
195,204512,Delegado Marcelo Freitas,UNIÃO,MG,Locomoção,Locação Ou Fretamento De Veículos Automotores,0,Sem indício cadastral crítico,FOUND,ATIVA,4,101,617941.13,199358.988889,190617.58878325575,2.1959,Possível anomalia financeira
894,,,,NA,Alimentação,Fornecimento De Alimentação Do Parlamentar,1,Situação cadastral não ativa: BAIXADA,FOUND,BAIXADA,1,96,135520.60,76824.316875,122514.48277202321,0.4791,Fornecedor com CNPJ suspeito
433,74554,José Rocha,UNIÃO,BA,Locomoção,Locação Ou Fretamento De Veículos Automotores,0,Sem indício cadastral crítico,FOUND,ATIVA,2,39,447858.00,292409.611930,213979.496522466,0.7265,Comportamento esperado
234,220528,Dr. Victor Linhalis,PODE,ES,Publicidade,Divulgação Da Atividade Parlamentar.,0,Sem indício cadastral crítico,FOUND,ATIVA,20,106,698302.00,254942.876552,301625.34822291706,1.4699,Comportamento esperado
578,141508,Mauro Nazif,PSB,RO,Viagens,Passagem Aérea - Reembolso,0,Sem indício cadastral crítico,FOUND,ATIVA,2,8,18088.56,7101.265556,5024.360135719054,2.1868,Possível anomalia financeira
70,204414,Aroldo Martins,REPUBLICANOS,PR,Serviços profissionais,"Consultorias, Pesquisas E Trabalhos Técnicos.",0,Sem indício cadastral crítico,FOUND,ATIVA,1,9,88000.00,58752.690645,58141.82428785019,0.503,Comportamento esperado
455,74317,Júlio Cesar,PSD,PI,Combustível,Combustíveis E Lubrificantes.,1,Situação cadastral não ativa: BAIXADA,FOUND,BAIXADA,1,3,17830.70,73929.545357,101552.42380940972,-0.5524,Fornecedor com CNPJ suspeito
208,220691,Diego Coronel,REPUBLICANOS,BA,Outros,Manutenção De Escritório De Apoio À Atividade Parlamentar,0,Sem indício cadastral crítico,FOUND,ATIVA,2,22,17127.90,98257.521290,134321.8726415135,-0.604,Comportamento esperado
823,204466,Tereza Nelma,PSD,AL,Outros,Manutenção De Escritório De Apoio À Atividade Parlamentar,0,Sem indício cadastral crítico,FOUND,ATIVA,3,13,39775.15,55960.761000,68535.24676411308,-0.2362,Comportamento esperado
337,220587,Gerlen Diniz,PP,AC,Hotéis,"Hospedagem ,exceto Do Parlamentar No Distrito Federal.",0,Sem indício cadastral crítico,FOUND,ATIVA,4,5,4538.53,11165.562105,15437.148423150342,-0.4293,Comportamento esperado
590,92172,Milton Coelho,PSB,PE,Viagens,Passagem Aérea - Reembolso,0,Sem indício cadastral crítico,FOUND,ATIVA,1,1,2321.68,7471.163333,10016.291980131698,-0.5141,Comportamento esperado
628,216198,Norma Pereira,PSDB,SC,Hotéis,"Hospedagem ,exceto Do Parlamentar No Distrito Federal.",0,Sem indício cadastral crítico,FOUND,ATIVA,4,5,2010.92,36695.958649,43528.74004922331,-0.7968,Comportamento esperado
474,80815,Leo Prates,REPUBLICANOS,BA,Combustível,Combustíveis E Lubrificantes.,0,Sem indício cadastral crítico,FOUND,ATIVA,95,371,109240.57,76280.976842,110667.4963849575,0.2978,Comportamento esperado
463,204536,Kim Kataguiri,MISSÃO,SP,Viagens,Passagem Aérea - Sigepa,,,,,0,406,456348.99,185430.171967,136227.76556134285,1.9887,Comportamento esperado
116,178962,Carlos Gomes,REPUBLICANOS,RS,Publicidade,Divulgação Da Atividade Parlamentar.,0,Sem indício cadastral crítico,FOUND,ATIVA,9,13,21949.90,215724.063125,265101.600265673,-0.7309,Comportamento esperado
170,74060,Daniel Almeida,PCDOB,BA,Viagens,Passagem Aérea - Sigepa,,,,,0,323,268453.09,219376.223091,157819.4558803826,0.311,Comportamento esperado
330,204473,General Girão,PL,RN,Alimentação,Fornecimento De Alimentação Do Parlamentar,0,Sem indício cadastral crítico,FOUND,ATIVA,78,223,11859.67,3041.730000,4181.690443923367,2.1087,Possível anomalia financeira
668,128760,Paulo Marinho Jr,PL,MA,Viagens,Passagem Aérea - Sigepa,,,,,0,62,75459.57,132207.227045,122458.5508602934,-0.4634,Comportamento esperado
112,213762,Carla Dickson,UNIÃO,RN,Publicidade,Divulgação Da Atividade Parlamentar.,0,Sem indício cadastral crítico,FOUND,ATIVA,11,24,94820.10,246483.533462,299233.5953313259,-0.5068,Comportamento esperado
705,204467,Professora Rosa Neide,PT,MT,Outros,Manutenção De Escritório De Apoio À Atividade Parlamentar,0,Sem indício cadastral crítico,FOUND,ATIVA,6,44,18924.25,55063.669706,75019.05976556618,-0.4817,Comportamento esperado
716,221378,Reginete Bispo,PT,RS,Locomoção,Locação Ou Fretamento De Veículos Automotores,0,Sem indício cadastral crítico,FOUND,ATIVA,3,60,179296.99,182736.733051,177547.8783363845,-0.0194,Comportamento esperado
178,220557,Daniela Reinehr,PL,SC,Outros,Manutenção De Escritório De Apoio À Atividade Parlamentar,0,Sem indício cadastral crítico,FOUND,ATIVA,9,116,141645.53,70964.571200,106769.4367602354,0.662,Comportamento esperado
89,204374,Bia Kicis,PL,DF,Outros,Manutenção De Escritório De Apoio À Atividade Parlamentar,0,Documento não consultado por não ser CNPJ,NOT_APPLICABLE,,1,23,19800.00,95246.480000,164390.52276665662,-0.4589,Comportamento esperado
681,122974,Pedro Lucas Fernandes,UNIÃO,MA,Outros,Manutenção De Escritório De Apoio À Atividade Parlamentar,0,Sem indício cadastral crítico,FOUND,ATIVA,3,77,311377.13,64195.130784,109861.24089764054,2.2499,Possível anomalia financeira
229,204481,Dr. Jaziel,PL,CE,Viagens,Passagem Aérea - Rpa,0,Sem indício cadastral crítico,FOUND,ATIVA,2,60,135762.68,32586.001200,51600.505956913454,1.9995,Comportamento esperado
78,178975,Baleia Rossi,MDB,SP,Outros,Serviço De Segurança Prestado Por Empresa Especializada.,0,Sem indício cadastral crítico,FOUND,ATIVA,2,47,18896.80,57471.443333,111341.01915358497,-0.3465,Comportamento esperado
602,81055,Márcio Jerry,PCDOB,MA,Hotéis,"Hospedagem ,exceto Do Parlamentar No Distrito Federal.",0,Sem indício cadastral crítico,FOUND,ATIVA,11,33,15092.78,16546.215714,24945.906621691578,-0.0583,Comportamento esperado
717,220606,Reimont,PT,RJ,Locomoção,Locação Ou Fretamento De Veículos Automotores,0,Sem indício cadastral crítico,FOUND,ATIVA,1,29,173764.00,162239.394390,163272.60476613723,0.0706,Comportamento esperado
460,208297,Katia Dias,REPUBLICANOS,MG,Combustível,Combustíveis E Lubrificantes.,0,Sem indício cadastral crítico,FOUND,ATIVA,8,9,2229.27,65306.104375,92314.0005265802,-0.6833,Comportamento esperado
465,141478,Laerte Bessa,PL,DF,Combustível,Combustíveis E Lubrificantes.,0,Sem indício cadastral crítico,FOUND,ATIVA,11,17,5122.94,33372.670769,51515.7382887601,-0.5484,Comportamento esperado
120,204426,Carlos Veras,PT,PE,Combustível,Combustíveis E Lubrificantes.,1,CNPJ não encontrado na API pública,NOT_FOUND,,1,1,100.00,53506.291935,82942.380015203,-0.6439,Fornecedor com CNPJ suspeito
721,178989,Renata Abreu,PODE,SP,Outros,"Serviço De Táxi, Pedágio E Estacionamento",0,Sem indício cadastral crítico,FOUND,ATIVA,6,40,7177.96,11967.060840,16796.655097373645,-0.2851,Comportamento esperado
95,204551,Bosco Saraiva,SOLIDARIEDADE,AM,Comunicação,Telefonia,0,Sem indício cadastral crítico,FOUND,ATIVA,1,9,3892.97,25580.348889,29955.895435557606,-0.724,Comportamento esperado
59,204515,André Janones,REDE,MG,Hotéis,"Hospedagem ,exceto Do Parlamentar No Distrito Federal.",0,Sem indício cadastral crítico,FOUND,ATIVA,11,40,21732.19,17018.453084,26330.369533202334,0.179,Comportamento esperado
412,204546,Joice Hasselmann,PSDB,SP,Outros,Manutenção De Escritório De Apoio À Atividade Parlamentar,0,Sem indício cadastral crítico,FOUND,ATIVA,5,13,7047.93,98538.487659,143509.98800071477,-0.6375,Comportamento esperado
414,217480,Jones Moura,PSD,RJ,Viagens,Passagem Aérea - Rpa,0,Sem indício cadastral crítico,FOUND,ATIVA,2,10,8694.52,24365.871064,36425.48190750471,-0.4302,Comportamento esperado
60,73696,Angela Amin,PP,SC,Outros,Serviços Postais,0,Sem indício cadastral crítico,FOUND,ATIVA,1,6,3354.95,1043.824167,1437.984649529007,1.6072,Comportamento esperado
424,204563,Josimar Maranhãozinho,PL,MA,Outros,"Serviço De Táxi, Pedágio E Estacionamento",0,Sem indício cadastral crítico,FOUND,ATIVA,1,1,27.90,3095.474615,4475.3830763031065,-0.6854,Comportamento esperado
338,204394,Gervásio Maia,PSB,PB,Outros,Manutenção De Escritório De Apoio À Atividade Parlamentar,0,Documento não consultado por não ser CNPJ,NOT_APPLICABLE,,1,13,26000.00,40088.436364,59072.75761932022,-0.2385,Comportamento esperado
182,116379,Darci De Matos,PSD,SC,Serviços profissionais,"Consultorias, Pesquisas E Trabalhos Técnicos.",0,Sem indício cadastral crítico,FOUND,ATIVA,2,9,80700.00,54951.871000,53748.576570772435,0.479,Comportamento esperado
122,164360,Carmen Zanotto,CIDADANIA,SC,Publicidade,Divulgação Da Atividade Parlamentar.,1,Situação cadastral não ativa: INAPTA,FOUND,INAPTA,1,1,500.00,148561.773265,217765.15459275612,-0.6799,Fornecedor com CNPJ suspeito
12,136811,Afonso Hamm,PP,RS,Comunicação,Telefonia,1,Situação cadastral não ativa: BAIXADA,FOUND,BAIXADA,1,1,270.70,19321.830435,18898.364290143905,-1.0081,Fornecedor com CNPJ suspeito
483,204382,Loester Trutis,PL,MS,Hotéis,"Hospedagem ,exceto Do Parlamentar No Distrito Federal.",0,Sem indício cadastral crítico,FOUND,ATIVA,7,9,3993.00,14950.264286,18538.468264889183,-0.5911,Comportamento esperado
161,204488,Célio Studart,PSD,CE,Outros,Serviços Postais,0,Sem indício cadastral crítico,FOUND,ATIVA,2,7,27602.40,3829.738750,9609.91874267183,2.4738,Possível anomalia financeira
301,92699,Fernando Monteiro,PP,PE,Comunicação,Telefonia,0,Sem indício cadastral crítico,FOUND,ATIVA,4,10,5639.00,10941.974167,12252.099914667077,-0.4328,Comportamento esperado
880,204517,Zé Vitor,PL,MG,Outros,"Serviço De Táxi, Pedágio E Estacionamento",0,Sem indício cadastral crítico,FOUND,ATIVA,8,66,5121.49,5572.245385,10370.293242628488,-0.0435,Comportamento esperado
175,204454,Daniel Silveira,PTB,RJ,Combustível,Combustíveis E Lubrificantes.,0,Sem indício cadastral crítico,FOUND,ATIVA,46,136,69729.97,44023.319398,62812.667137756165,0.4093,Comportamento esperado
640,204573,Otto Alencar Filho,PSD,BA,Viagens,Passagem Aérea - Sigepa,,,,,0,134,155647.64,219376.223091,157819.4558803826,-0.4038,Comportamento esperado
619,178896,Newton Cardoso Jr,MDB,MG,Combustível,Combustíveis E Lubrificantes.,0,Sem indício cadastral crítico,FOUND,ATIVA,164,317,59382.02,65306.104375,92314.0005265802,-0.0642,Comportamento esperado
23,204501,Alencar Santana,PT,SP,Comunicação,Telefonia,0,Sem indício cadastral crítico,FOUND,ATIVA,3,31,15404.31,19889.940211,25751.500071775903,-0.1742,Comportamento esperado
459,204550,Júnior Mano,PSB,CE,Viagens,Passagem Aérea - Sigepa,,,,,0,222,289207.67,190828.457826,170630.5409255439,0.5766,Comportamento esperado
455,74317,Júlio Cesar,PSD,PI,Comunicação,Telefonia,0,Sem indício cadastral crítico,FOUND,ATIVA,5,117,45510.93,15912.685455,14251.787111607697,2.0768,Possível anomalia financeira
820,220598,Tarcísio Motta,PSOL,RJ,Publicidade,Divulgação Da Atividade Parlamentar.,0,Sem indício cadastral crítico,FOUND,ATIVA,9,36,247170.00,226781.355120,259582.44863584734,0.0785,Comportamento esperado
646,160642,Pastor Eurico,PL,PE,Locomoção,Locação Ou Fretamento De Veículos Automotores,0,Sem indício cadastral crítico,FOUND,ATIVA,1,26,149050.00,220869.240392,185976.71020526288,-0.3862,Comportamento esperado
16,204549,Aj Albuquerque,PP,CE,Locomoção,Locação Ou Fretamento De Veículos Automotores,0,Sem indício cadastral crítico,FOUND,ATIVA,3,41,405613.00,139651.247778,143531.8586124825,1.853,Comportamento esperado
747,204366,Rodrigo Coelho,PODE,SC,Serviços profissionais,"Consultorias, Pesquisas E Trabalhos Técnicos.",0,Sem indício cadastral crítico,FOUND,ATIVA,1,3,5400.00,54951.871000,53748.576570772435,-0.9219,Comportamento esperado
779,220631,Samuel Viana,UNIÃO,MG,Hotéis,"Hospedagem ,exceto Do Parlamentar No Distrito Federal.",1,Situação cadastral não ativa: BAIXADA,FOUND,BAIXADA,1,2,300.00,17018.453084,26330.369533202334,-0.6349,Fornecedor com CNPJ suspeito
642,160556,Padre João,PT,MG,Outros,"Passagens Terrestres, Marítimas Ou Fluviais",0,Sem indício cadastral crítico,FOUND,ATIVA,13,68,11560.89,3858.240000,6358.142634643256,1.2115,Comportamento esperado
898,,,,NA,Publicidade,Divulgação Da Atividade Parlamentar.,1,Erro na consulta pública de CNPJ,ERROR,,1,4,364.77,50979.424375,81608.46012151951,-0.6202,Fornecedor com CNPJ suspeito
451,204520,Junio Amaral,PL,MG,Combustível,Combustíveis E Lubrificantes.,1,Situação cadastral não ativa: BAIXADA,FOUND,BAIXADA,5,6,1308.43,65306.104375,92314.0005265802,-0.6933,Fornecedor com CNPJ suspeito
150,204514,Coronel Tadeu,PL,SP,Outros,"Serviço De Táxi, Pedágio E Estacionamento",0,Sem indício cadastral crítico,FOUND,ATIVA,5,26,10876.63,11967.060840,16796.655097373645,-0.0649,Comportamento esperado
216,220573,Dorinaldo Malafaia,PDT,AP,Viagens,Passagem Aérea - Reembolso,0,Sem indício cadastral crítico,FOUND,ATIVA,1,1,1099.69,8586.811250,7146.613846186054,-1.0476,Comportamento esperado
126,204380,Celina Leão,PP,DF,Locomoção,Locação Ou Fretamento De Veículos Automotores,0,Sem indício cadastral crítico,FOUND,ATIVA,1,8,16000.00,118149.428125,89877.33858167462,-1.1365,Comportamento esperado
476,74156,Leonardo Monteiro,PT,MG,Outros,Serviços Postais,0,Sem indício cadastral crítico,FOUND,ATIVA,1,6,5587.78,2049.065200,4121.470694655126,0.8586,Comportamento esperado
513,220658,Luiz Gastão,PSD,CE,Publicidade,Divulgação Da Atividade Parlamentar.,0,Sem indício cadastral crítico,FOUND,ATIVA,7,80,1085438.75,263931.285395,366906.3702021798,2.239,Possível anomalia financeira
281,178871,Evair Vieira De Melo,REPUBLICANOS,ES,Combustível,Combustíveis E Lubrificantes.,0,Sem indício cadastral crítico,FOUND,ATIVA,115,455,221395.63,49148.417879,67749.62213949014,2.5424,Possível anomalia financeira
275,220663,Eriberto Medeiros,PSB,PE,Hotéis,"Hospedagem ,exceto Do Parlamentar No Distrito Federal.",0,Sem indício cadastral crítico,FOUND,ATIVA,2,2,1430.32,17089.374528,23447.97906027458,-0.6678,Comportamento esperado
12,136811,Afonso Hamm,PP,RS,Viagens,Passagem Aérea - Sigepa,,,,,0,360,388988.02,223297.576531,126627.95953182003,1.3085,Comportamento esperado
104,204352,Camilo Capiberibe,PSB,AP,Publicidade,Divulgação Da Atividade Parlamentar.,0,Sem indício cadastral crítico,FOUND,ATIVA,10,25,158925.54,282209.245429,388109.6753004129,-0.3177,Comportamento esperado
345,220526,Gilvan Da Federal,PL,ES,Outros,"Serviço De Táxi, Pedágio E Estacionamento",0,Sem indício cadastral crítico,FOUND,ATIVA,4,43,6030.85,4193.280000,4516.28138620702,0.4069,Comportamento esperado
743,220624,Robinson Faria,PP,RN,Viagens,Passagem Aérea - Sigepa,,,,,0,271,265493.34,162797.373750,139730.51949096413,0.735,Comportamento esperado
118,204460,Carlos Jordy,PL,RJ,Outros,Manutenção De Escritório De Apoio À Atividade Parlamentar,0,Sem indício cadastral crítico,FOUND,ATIVA,19,185,220323.18,80988.593819,134414.71100556676,1.0366,Comportamento esperado
393,98615,Ismael,PL,SC,Alimentação,Fornecimento De Alimentação Do Parlamentar,0,Sem indício cadastral crítico,FOUND,ATIVA,16,19,1369.67,5345.501750,9873.801589562949,-0.4027,Comportamento esperado
837,223398,Ulisses Guimarães,MDB,MG,Combustível,Combustíveis E Lubrificantes.,0,Sem indício cadastral crítico,FOUND,ATIVA,19,23,4006.83,65306.104375,92314.0005265802,-0.664,Comportamento esperado
343,220529,Gilson Daniel,PODE,ES,Publicidade,Divulgação Da Atividade Parlamentar.,1,Situação cadastral não ativa: BAIXADA,FOUND,BAIXADA,4,6,11800.00,254942.876552,301625.34822291706,-0.8061,Fornecedor com CNPJ suspeito
560,74398,Maria Do Rosário,PT,RS,Viagens,Passagem Aérea - Reembolso,0,Sem indício cadastral crítico,FOUND,ATIVA,1,2,5158.68,7846.026333,10735.105702213965,-0.2503,Comportamento esperado
442,204474,Juarez Costa,MDB,MT,Combustível,Combustíveis E Lubrificantes.,1,Situação cadastral não ativa: SUSPENSA,FOUND,SUSPENSA,1,3,426.57,34330.305532,57340.29977264771,-0.5913,Fornecedor com CNPJ suspeito
35,220576,Alfredo Gaspar,PL,AL,Publicidade,Divulgação Da Atividade Parlamentar.,0,Sem indício cadastral crítico,FOUND,ATIVA,11,121,817363.50,358459.172381,402499.84210100886,1.1401,Comportamento esperado
863,74043,Wellington Roberto,PL,PB,Locomoção,Locação Ou Fretamento De Veículos Automotores,0,Sem indício cadastral crítico,FOUND,ATIVA,1,13,50310.00,197980.822174,165434.59936969794,-0.8926,Comportamento esperado
418,178857,Jorge Solla,PT,BA,Combustível,Combustíveis E Lubrificantes.,1,Situação cadastral não ativa: INAPTA,FOUND,INAPTA,1,1,363.12,76280.976842,110667.4963849575,-0.686,Fornecedor com CNPJ suspeito
302,204427,Fernando Rodolfo,PL,PE,Publicidade,Divulgação Da Atividade Parlamentar.,1,Situação cadastral não ativa: BAIXADA,FOUND,BAIXADA,1,6,9000.00,241972.708182,301628.5621101344,-0.7724,Fornecedor com CNPJ suspeito
132,204490,Charlles Evangelista,PP,MG,Publicidade,Divulgação Da Atividade Parlamentar.,0,Sem indício cadastral crítico,FOUND,ATIVA,1,5,5000.00,194891.353020,276881.75990132586,-0.6858,Comportamento esperado
520,204418,Luizão Goulart,SOLIDARIEDADE,PR,Outros,"Serviço De Táxi, Pedágio E Estacionamento",0,Sem indício cadastral crítico,FOUND,ATIVA,1,12,720.66,5713.999474,13397.131596894355,-0.3727,Comportamento esperado
244,178994,Dulce Miranda,MDB,TO,Outros,Serviço De Segurança Prestado Por Empresa Especializada.,0,Sem indício cadastral crítico,FOUND,ATIVA,1,13,3900.80,6104.400000,3116.361006045352,-0.7071,Comportamento esperado
623,74352,Nilson Pinto,PSDB,PA,Comunicação,Telefonia,0,Sem indício cadastral crítico,FOUND,ATIVA,2,32,21205.86,14410.800000,15329.862478744984,0.4433,Comportamento esperado
418,178857,Jorge Solla,PT,BA,Alimentação,Fornecimento De Alimentação Do Parlamentar,1,Situação cadastral não ativa: BAIXADA,FOUND,BAIXADA,14,21,1072.86,5334.958511,10548.888785765435,-0.404,Fornecedor com CNPJ suspeito
744,204489,Robério Monteiro,PSB,CE,Outros,Manutenção De Escritório De Apoio À Atividade Parlamentar,0,Sem indício cadastral crítico,FOUND,ATIVA,1,6,1830.40,68348.775082,105244.60317209057,-0.632,Comportamento esperado
593,229225,Missionária Michele Collins,PP,PE,Viagens,Passagem Aérea - Sigepa,,,,,0,13,14202.06,221741.150682,163177.94412569836,-1.2719,Comportamento esperado
382,178959,Hiran Gonçalves,PP,RR,Viagens,Passagem Aérea - Rpa,0,Sem indício cadastral crítico,FOUND,ATIVA,3,17,26132.24,27007.868571,28285.776224385536,-0.031,Comportamento esperado
648,220615,Pastor Henrique Vieira,PSOL,RJ,Viagens,Passagem Aérea - Reembolso,0,Sem indício cadastral crítico,FOUND,ATIVA,2,2,2519.91,9840.865893,10669.362639943789,-0.6862,Comportamento esperado
93,160538,Bohn Gass,PT,RS,Outros,"Passagens Terrestres, Marítimas Ou Fluviais",0,Sem indício cadastral crítico,FOUND,ATIVA,11,130,38091.52,4236.036552,8253.072405382596,4.1022,Anomalia financeira extrema
147,204378,Coronel Chrisóstomo,PL,RO,Viagens,Passagem Aérea - Sigepa,,,,,0,121,197503.05,146544.061250,69636.83718620405,0.7318,Comportamento esperado
602,81055,Márcio Jerry,PCDOB,MA,Combustível,Combustíveis E Lubrificantes.,0,Sem indício cadastral crítico,FOUND,ATIVA,109,471,99006.33,34895.172615,52384.05405357016,1.2239,Comportamento esperado
19,74696,Alberto Mourão,MDB,SP,Viagens,Passagem Aérea - Sigepa,,,,,0,142,102964.26,185430.171967,136227.76556134285,-0.6054,Comportamento esperado
418,178857,Jorge Solla,PT,BA,Alimentação,Fornecimento De Alimentação Do Parlamentar,1,Situação cadastral não ativa: INAPTA,FOUND,INAPTA,2,5,129.78,5334.958511,10548.888785765435,-0.4934,Fornecedor com CNPJ suspeito
496,178931,Luciano Ducci,PSB,PR,Combustível,Combustíveis E Lubrificantes.,0,Sem indício cadastral crítico,FOUND,ATIVA,295,1131,240784.24,57944.345500,82353.4495793919,2.2202,Possível anomalia financeira
871,160592,Zeca Dirceu,PT,PR,Outros,Manutenção De Escritório De Apoio À Atividade Parlamentar,0,Sem indício cadastral crítico,FOUND,ATIVA,12,112,141012.02,86193.122500,116860.66498214444,0.4691,Comportamento esperado
141,74537,Claudio Cajado,PP,BA,Viagens,Passagem Aérea - Sigepa,,,,,0,433,327837.67,219376.223091,157819.4558803826,0.6873,Comportamento esperado
467,74856,Laura Carneiro,PSD,RJ,Alimentação,Fornecimento De Alimentação Do Parlamentar,0,Sem indício cadastral crítico,FOUND,ATIVA,100,302,28717.19,5314.154545,11413.915891543053,2.0504,Possível anomalia financeira
107,178829,Capitão Augusto,PL,SP,Outros,Manutenção De Escritório De Apoio À Atividade Parlamentar,1,Situação cadastral não ativa: BAIXADA,FOUND,BAIXADA,1,25,2533.67,98538.487659,143509.98800071477,-0.669,Fornecedor com CNPJ suspeito
37,178927,Aliel Machado,PV,PR,Outros,Manutenção De Escritório De Apoio À Atividade Parlamentar,0,Documento não consultado por não ser CNPJ,NOT_APPLICABLE,,1,50,236020.00,86193.122500,116860.66498214444,1.2821,Comportamento esperado
301,92699,Fernando Monteiro,PSD,PE,Combustível,Combustíveis E Lubrificantes.,1,Situação cadastral não ativa: BAIXADA,FOUND,BAIXADA,5,14,4720.85,53506.291935,82942.380015203,-0.5882,Fornecedor com CNPJ suspeito
287,204368,Fabio Schiochet,UNIÃO,SC,Publicidade,Divulgação Da Atividade Parlamentar.,0,Sem indício cadastral crítico,FOUND,ATIVA,5,9,246650.00,148561.773265,217765.15459275612,0.4504,Comportamento esperado
511,141487,Luiz Fernando Faria,UNIÃO,MG,Outros,Manutenção De Escritório De Apoio À Atividade Parlamentar,0,Documento não consultado por não ser CNPJ,NOT_APPLICABLE,,2,81,196352.75,123562.947566,162703.54342443834,0.4474,Comportamento esperado
889,,,,NA,Publicidade,Divulgação Da Atividade Parlamentar.,0,Sem indício cadastral crítico,FOUND,ATIVA,4,18,116335.00,50979.424375,81608.46012151951,0.8008,Comportamento esperado
295,227370,Felipe Saliba,PRD,MG,Outros,"Serviço De Táxi, Pedágio E Estacionamento",0,Sem indício cadastral crítico,FOUND,ATIVA,4,49,1098.75,5572.245385,10370.293242628488,-0.4314,Comportamento esperado
516,162332,Luiz Nishimori,PSD,PR,Viagens,Passagem Aérea - Sigepa,,,,,0,123,108522.69,173223.575536,125997.34942419773,-0.5135,Comportamento esperado
209,178929,Diego Garcia,UNIÃO,PR,Viagens,Passagem Aérea - Reembolso,0,Sem indício cadastral crítico,FOUND,ATIVA,5,70,199465.04,17801.644063,39455.64199846602,4.6042,Anomalia financeira extrema
871,160592,Zeca Dirceu,PT,PR,Locomoção,Locação Ou Fretamento De Veículos Automotores,0,Sem indício cadastral crítico,FOUND,ATIVA,1,4,2661.99,113439.957419,130977.93601797776,-0.8458,Comportamento esperado
20,220538,Albuquerque,REPUBLICANOS,RR,Publicidade,Divulgação Da Atividade Parlamentar.,0,Sem indício cadastral crítico,FOUND,ATIVA,10,133,1144705.88,302008.159333,364968.0243701814,2.309,Possível anomalia financeira
180,62881,Danilo Forte,PP,CE,Locomoção,Locação Ou Fretamento De Veículos Automotores,0,Sem indício cadastral crítico,FOUND,ATIVA,4,16,80692.85,139651.247778,143531.8586124825,-0.4108,Comportamento esperado
419,218245,Jorielson,PL,AP,Combustível,Combustíveis E Lubrificantes.,0,Sem indício cadastral crítico,FOUND,ATIVA,5,6,1567.61,24571.047667,39205.554475113444,-0.5867,Comportamento esperado
552,204431,Marcos Aurélio Sampaio,PSD,PI,Outros,Manutenção De Escritório De Apoio À Atividade Parlamentar,0,Sem indício cadastral crítico,FOUND,ATIVA,3,33,4971.10,64892.367419,74159.10998309037,-0.808,Comportamento esperado
570,178843,Marx Beltrão,UNIÃO,AL,Outros,Manutenção De Escritório De Apoio À Atividade Parlamentar,0,Sem indício cadastral crítico,FOUND,ATIVA,1,9,2291.70,55960.761000,68535.24676411308,-0.7831,Comportamento esperado
353,229333,Gláucia Santiago,PL,MG,Viagens,Passagem Aérea - Sigepa,,,,,0,22,32718.86,195216.599630,167832.49260588933,-0.9682,Comportamento esperado
179,160528,Danilo Cabral,PSB,PE,Locomoção,Locação Ou Fretamento De Veículos Automotores,0,Sem indício cadastral crítico,FOUND,ATIVA,1,13,36250.00,220869.240392,185976.71020526288,-0.9927,Comportamento esperado
60,73696,Angela Amin,PP,SC,Hotéis,"Hospedagem ,exceto Do Parlamentar No Distrito Federal.",0,Sem indício cadastral crítico,FOUND,ATIVA,2,5,4199.80,36695.958649,43528.74004922331,-0.7465,Comportamento esperado
290,66828,Fausto Pinato,PP,SP,Comunicação,Telefonia,0,Sem indício cadastral crítico,FOUND,ATIVA,1,18,8528.64,19889.940211,25751.500071775903,-0.4412,Comportamento esperado
486,234253,Lucas Abrahao,REDE,AP,Publicidade,Divulgação Da Atividade Parlamentar.,0,Sem indício cadastral crítico,FOUND,ATIVA,3,5,78100.00,282209.245429,388109.6753004129,-0.5259,Comportamento esperado
810,204535,Sâmia Bomfim,PSOL,SP,Outros,Manutenção De Escritório De Apoio À Atividade Parlamentar,1,Situação cadastral não ativa: INAPTA,FOUND,INAPTA,1,8,6549.00,98538.487659,143509.98800071477,-0.641,Fornecedor com CNPJ suspeito
173,204367,Daniel Freitas,PL,SC,Combustível,Combustíveis E Lubrificantes.,0,Sem indício cadastral crítico,FOUND,ATIVA,213,873,215154.88,63943.250339,85631.6159933909,1.7658,Comportamento esperado
310,191923,Flávio Nogueira,PT,PI,Viagens,Passagem Aérea - Sigepa,,,,,0,198,176587.13,155026.570000,94704.85142824263,0.2277,Comportamento esperado
1,220593,Abilio Brunini,PL,MT,Combustível,Combustíveis E Lubrificantes.,0,Sem indício cadastral crítico,FOUND,ATIVA,138,539,100757.69,34330.305532,57340.29977264771,1.1585,Comportamento esperado
479,74299,Leônidas Cristino,PDT,CE,Locomoção,Locação Ou Fretamento De Veículos Automotores,0,Sem indício cadastral crítico,FOUND,ATIVA,2,63,392456.67,139651.247778,143531.8586124825,1.7613,Comportamento esperado
339,74383,Giacobo,PL,PR,Viagens,Passagem Aérea - Sigepa,,,,,0,93,122703.50,173223.575536,125997.34942419773,-0.401,Comportamento esperado
364,220568,Gustavo Gayer,PL,GO,Alimentação,Fornecimento De Alimentação Do Parlamentar,0,Sem indício cadastral crítico,FOUND,ATIVA,43,452,12797.39,3293.239000,7032.529544734017,1.3515,Comportamento esperado
769,220620,Rosângela Reis,PL,MG,Outros,Manutenção De Escritório De Apoio À Atividade Parlamentar,0,Sem indício cadastral crítico,FOUND,ATIVA,14,197,263909.36,123562.947566,162703.54342443834,0.8626,Comportamento esperado
551,160535,Marcon,PT,RS,Comunicação,Telefonia,0,Sem indício cadastral crítico,FOUND,ATIVA,1,49,58507.89,19321.830435,18898.364290143905,2.0735,Possível anomalia financeira
745,220546,Rodolfo Nogueira,PL,MS,Viagens,Passagem Aérea - Sigepa,,,,,0,259,78175.35,136850.719231,90603.58730528376,-0.6476,Comportamento esperado
156,135054,Cristiano Vale,PP,PA,Locomoção,Locação Ou Fretamento De Veículos Automotores,0,Sem indício cadastral crítico,FOUND,ATIVA,1,39,164970.00,121907.551481,147158.0353457022,0.2926,Comportamento esperado
783,204387,Sargento Fahur,PSD,PR,Comunicação,Telefonia,0,Sem indício cadastral crítico,FOUND,ATIVA,5,65,6707.74,10984.091277,13121.60062975809,-0.3259,Comportamento esperado
786,220713,Saullo Vianna,MDB,AM,Locomoção,Locação Ou Fretamento De Veículos Automotores,0,Sem indício cadastral crítico,FOUND,ATIVA,2,20,128500.00,152696.895000,125499.30922769064,-0.1928,Comportamento esperado
260,160532,Eli Corrêa Filho,UNIÃO,SP,Viagens,Passagem Aérea - Sigepa,,,,,0,127,188504.51,185430.171967,136227.76556134285,0.0226,Comportamento esperado
165,220692,Dal Barreto,UNIÃO,BA,Outros,Manutenção De Escritório De Apoio À Atividade Parlamentar,0,Sem indício cadastral crítico,FOUND,ATIVA,1,3,2577.80,98257.521290,134321.8726415135,-0.7123,Comportamento esperado
543,204556,Marcelo Ramos,PSD,AM,Publicidade,Assinatura De Publicações,0,Sem indício cadastral crítico,FOUND,ATIVA,1,1,465.00,960.290000,700.4458353077702,-0.7071,Comportamento esperado
879,220558,Zé Trovão,PL,SC,Outros,Manutenção De Escritório De Apoio À Atividade Parlamentar,1,Situação cadastral não ativa: BAIXADA,FOUND,BAIXADA,1,1,202.00,70964.571200,106769.4367602354,-0.6628,Fornecedor com CNPJ suspeito
160,178876,Célio Silveira,MDB,GO,Outros,Manutenção De Escritório De Apoio À Atividade Parlamentar,0,Sem indício cadastral crítico,FOUND,ATIVA,1,13,5824.90,100447.486545,162486.21407041358,-0.5823,Comportamento esperado
499,178954,Lucio Mosquini,PL,RO,Hotéis,"Hospedagem ,exceto Do Parlamentar No Distrito Federal.",1,CNPJ não encontrado na API pública,NOT_FOUND,,1,1,210.00,15598.613913,18502.405565050612,-0.8317,Fornecedor com CNPJ suspeito
356,198197,Greyce Elias,PL,MG,Alimentação,Fornecimento De Alimentação Do Parlamentar,1,Erro na consulta pública de CNPJ,ERROR,,1,2,324.43,3421.773553,6721.942950865462,-0.4608,Fornecedor com CNPJ suspeito
576,204486,Mauro Benevides Filho,UNIÃO,CE,Outros,Manutenção De Escritório De Apoio À Atividade Parlamentar,0,Sem indício cadastral crítico,FOUND,ATIVA,3,119,172913.61,68348.775082,105244.60317209057,0.9935,Comportamento esperado
401,74848,Jandira Feghali,PCDOB,RJ,Outros,Manutenção De Escritório De Apoio À Atividade Parlamentar,0,Documento não consultado por não ser CNPJ,NOT_APPLICABLE,,1,24,108000.00,80988.593819,134414.71100556676,0.201,Comportamento esperado
630,204498,Olival Marques,MDB,PA,Serviços profissionais,"Consultorias, Pesquisas E Trabalhos Técnicos.",0,Sem indício cadastral crítico,FOUND,ATIVA,3,12,174000.00,71687.224615,51239.3397316542,1.9968,Comportamento esperado
199,220654,Delegado Paulo Bilynskyj,PL,SP,Viagens,Passagem Aérea - Reembolso,1,Erro na consulta pública de CNPJ,ERROR,,1,4,37427.89,9758.571000,11443.414965885137,2.4179,Possível anomalia com fornecedor suspeito
267,218086,Ely Santos,REPUBLICANOS,SP,Serviços profissionais,"Consultorias, Pesquisas E Trabalhos Técnicos.",0,Sem indício cadastral crítico,FOUND,ATIVA,1,2,20000.00,42478.291429,47664.49520078613,-0.4716,Comportamento esperado
309,160598,Flávia Morais,PDT,GO,Outros,Manutenção De Escritório De Apoio À Atividade Parlamentar,0,Sem indício cadastral crítico,FOUND,ATIVA,1,12,45741.94,100447.486545,162486.21407041358,-0.3367,Comportamento esperado
311,220551,Franciane Bayer,REPUBLICANOS,RS,Outros,"Serviço De Táxi, Pedágio E Estacionamento",0,Sem indício cadastral crítico,FOUND,ATIVA,16,443,14666.83,10192.084923,16137.89190584743,0.2773,Comportamento esperado
533,156190,Marcel Van Hattem,NOVO,RS,Outros,"Serviço De Táxi, Pedágio E Estacionamento",0,Sem indício cadastral crítico,FOUND,ATIVA,19,295,9604.01,10192.084923,16137.89190584743,-0.0364,Comportamento esperado
617,74165,Neucimar Fraga,PP,ES,Viagens,Passagem Aérea - Sigepa,,,,,0,138,91203.66,159760.155882,99464.81207952778,-0.6893,Comportamento esperado
196,220701,Delegado Matheus Laiola,UNIÃO,PR,Viagens,Passagem Aérea - Rpa,0,Sem indício cadastral crítico,FOUND,ATIVA,1,2,308.76,26722.504474,58025.433845182,-0.4552,Comportamento esperado
445,220640,Juliana Cardoso,PT,SP,Outros,"Serviço De Táxi, Pedágio E Estacionamento",0,Sem indício cadastral crítico,FOUND,ATIVA,18,657,22328.29,11967.060840,16796.655097373645,0.6169,Comportamento esperado
849,137070,Vicentinho Júnior,PSDB,TO,Publicidade,Divulgação Da Atividade Parlamentar.,0,Sem indício cadastral crítico,FOUND,ATIVA,15,83,726900.00,260231.601071,329408.0872597135,1.4167,Comportamento esperado
736,213274,Ricardo Silva,PSD,SP,Outros,Manutenção De Escritório De Apoio À Atividade Parlamentar,0,Sem indício cadastral crítico,FOUND,ATIVA,10,135,184543.06,98538.487659,143509.98800071477,0.5993,Comportamento esperado
430,160619,José Nunes,PSD,BA,Viagens,Passagem Aérea - Sigepa,,,,,0,31,35354.39,219376.223091,157819.4558803826,-1.166,Comportamento esperado
281,178871,Evair Vieira De Melo,REPUBLICANOS,ES,Locomoção,Locação Ou Fretamento De Veículos Automotores,0,Sem indício cadastral crítico,FOUND,ATIVA,4,70,341893.67,171214.090476,129265.73835992759,1.3204,Comportamento esperado
766,204357,Rose Modesto,UNIÃO,MS,Outros,Manutenção De Escritório De Apoio À Atividade Parlamentar,0,Sem indício cadastral crítico,FOUND,ATIVA,8,62,53309.41,74966.746667,80602.5088063342,-0.2687,Comportamento esperado
829,143084,Tiago Dimas,PODE,TO,Combustível,Combustíveis E Lubrificantes.,0,Sem indício cadastral crítico,FOUND,ATIVA,69,247,125796.28,73777.441071,109277.9364585353,0.476,Comportamento esperado
461,220677,Keniston Braga,MDB,PA,Outros,Manutenção De Escritório De Apoio À Atividade Parlamentar,0,Sem indício cadastral crítico,FOUND,ATIVA,3,61,62066.80,42888.542571,70113.4772677672,0.2735,Comportamento esperado
98,210989,Bruno Farias,REPUBLICANOS,MG,Outros,"Serviço De Táxi, Pedágio E Estacionamento",0,Sem indício cadastral crítico,FOUND,ATIVA,12,73,4599.40,5572.245385,10370.293242628488,-0.0938,Comportamento esperado
701,160639,Professora Dorinha Seabra Rezende,UNIÃO,TO,Serviços profissionais,"Consultorias, Pesquisas E Trabalhos Técnicos.",0,Sem indício cadastral crítico,FOUND,ATIVA,1,6,2706.00,116859.636364,127191.31032210709,-0.8975,Comportamento esperado
797,204360,Silvia Cristina,PL,RO,Publicidade,Divulgação Da Atividade Parlamentar.,1,Situação cadastral não ativa: BAIXADA,FOUND,BAIXADA,1,1,1500.00,289552.191071,359934.1329827757,-0.8003,Fornecedor com CNPJ suspeito
350,152605,Glauber Braga,PSOL,RJ,Viagens,Passagem Aérea - Rpa,0,Sem indício cadastral crítico,FOUND,ATIVA,3,37,75665.80,24365.871064,36425.48190750471,1.4084,Comportamento esperado
519,178866,Luizianne Lins,PT,CE,Viagens,Passagem Aérea - Sigepa,,,,,0,103,128959.33,190828.457826,170630.5409255439,-0.3626,Comportamento esperado
360,160667,Guilherme Mussi,PP,SP,Viagens,Passagem Aérea - Sigepa,,,,,0,90,173870.53,185430.171967,136227.76556134285,-0.0849,Comportamento esperado
36,74057,Alice Portugal,PCDOB,BA,Publicidade,Divulgação Da Atividade Parlamentar.,0,Sem indício cadastral crítico,FOUND,ATIVA,7,62,1149191.50,317318.910361,328157.1355142384,2.535,Possível anomalia financeira
140,220665,Clarissa Tércio,PP,PE,Publicidade,Divulgação Da Atividade Parlamentar.,0,Sem indício cadastral crítico,FOUND,ATIVA,13,215,457915.73,241972.708182,301628.5621101344,0.7159,Comportamento esperado
305,141434,Flaviano Melo,MDB,AC,Combustível,Combustíveis E Lubrificantes.,1,Situação cadastral não ativa: BAIXADA,FOUND,BAIXADA,1,11,60609.21,74559.202308,89345.09325877228,-0.1561,Fornecedor com CNPJ suspeito
149,220666,Coronel Meira,PL,PE,Comunicação,Telefonia,0,Sem indício cadastral crítico,FOUND,ATIVA,1,4,519.24,10941.974167,12252.099914667077,-0.8507,Comportamento esperado
477,74254,Leonardo Picciani,MDB,RJ,Publicidade,Divulgação Da Atividade Parlamentar.,1,Situação cadastral não ativa: BAIXADA,FOUND,BAIXADA,2,6,66000.00,226781.355120,259582.44863584734,-0.6194,Fornecedor com CNPJ suspeito
451,204520,Junio Amaral,PL,MG,Viagens,Passagem Aérea - Reembolso,0,Sem indício cadastral crítico,FOUND,ATIVA,4,7,4188.01,7020.191961,10297.188894597206,-0.275,Comportamento esperado
163,141411,Dagoberto Nogueira,PSDB,MS,Alimentação,Fornecimento De Alimentação Do Parlamentar,0,Sem indício cadastral crítico,FOUND,ATIVA,2,5,307.48,1353.213333,1612.688595893516,-0.6484,Comportamento esperado
475,122195,Leonardo Gadelha,PODE,PB,Outros,Manutenção De Escritório De Apoio À Atividade Parlamentar,0,Sem indício cadastral crítico,FOUND,ATIVA,1,1,512.50,40088.436364,59072.75761932022,-0.67,Comportamento esperado
346,220531,Gilvan Maximo,REPUBLICANOS,DF,Combustível,Combustíveis E Lubrificantes.,1,Situação cadastral não ativa: BAIXADA,FOUND,BAIXADA,3,3,662.08,33372.670769,51515.7382887601,-0.635,Fornecedor com CNPJ suspeito
557,220604,Marcos Tavares,PDT,RJ,Viagens,Passagem Aérea - Reembolso,0,Sem indício cadastral crítico,FOUND,ATIVA,1,1,5063.18,9840.865893,10669.362639943789,-0.4478,Comportamento esperado
43,204545,Alê Silva,REPUBLICANOS,MG,Serviços profissionais,"Consultorias, Pesquisas E Trabalhos Técnicos.",0,Sem indício cadastral crítico,FOUND,ATIVA,1,4,48000.00,50370.301935,57079.85828457048,-0.0415,Comportamento esperado
444,204420,Julian Lemos,UNIÃO,PB,Publicidade,Divulgação Da Atividade Parlamentar.,0,Sem indício cadastral crítico,FOUND,ATIVA,4,8,161188.04,324815.111538,407718.48875224456,-0.4013,Comportamento esperado
110,204487,Capitão Wagner,UNIÃO,CE,Hotéis,"Hospedagem ,exceto Do Parlamentar No Distrito Federal.",0,Sem indício cadastral crítico,FOUND,ATIVA,5,6,6686.82,14861.399063,17345.750222182687,-0.4713,Comportamento esperado
551,160535,Marcon,PT,RS,Outros,Manutenção De Escritório De Apoio À Atividade Parlamentar,1,Erro na consulta pública de CNPJ,ERROR,,1,5,1978.69,109428.142500,149558.61424927576,-0.7184,Fornecedor com CNPJ suspeito
80,220612,Bebeto,PP,RJ,Comunicação,Telefonia,0,Sem indício cadastral crítico,FOUND,ATIVA,2,22,3316.43,11897.719661,18918.17939394703,-0.4536,Comportamento esperado
507,141485,Luiz Carlos Busato,UNIÃO,RS,Locomoção,Locação Ou Fretamento De Veículos Automotores,0,Sem indício cadastral crítico,FOUND,ATIVA,3,12,77761.46,182736.733051,177547.8783363845,-0.5913,Comportamento esperado
819,204464,Talíria Petrone,PSOL,RJ,Viagens,Passagem Aérea - Sigepa,,,,,0,439,612649.82,213577.740357,175550.75566941444,2.2733,Possível anomalia financeira
496,178931,Luciano Ducci,PSB,PR,Hotéis,"Hospedagem ,exceto Do Parlamentar No Distrito Federal.",0,Sem indício cadastral crítico,FOUND,ATIVA,37,131,52400.67,18419.328649,34024.43115299299,0.9987,Comportamento esperado
142,141408,Cleber Verde,MDB,MA,Viagens,Passagem Aérea - Sigepa,,,,,0,138,151606.46,132207.227045,122458.5508602934,0.1584,Comportamento esperado
784,220621,Sargento Gonçalves,PL,RN,Combustível,Combustíveis E Lubrificantes.,1,Situação cadastral não ativa: BAIXADA,FOUND,BAIXADA,3,3,1314.91,51927.710333,76131.03428420173,-0.6648,Fornecedor com CNPJ suspeito
766,204357,Rose Modesto,UNIÃO,MS,Viagens,Passagem Aérea - Reembolso,0,Sem indício cadastral crítico,FOUND,ATIVA,3,43,82800.47,14452.730000,23720.341588104926,2.8814,Possível anomalia financeira
121,141398,Carlos Zarattini,PT,SP,Comunicação,Telefonia,0,Sem indício cadastral crítico,FOUND,ATIVA,3,381,71115.50,19889.940211,25751.500071775903,1.9892,Comportamento esperado
258,154919,Eleuses Paiva,PSD,SP,Combustível,Combustíveis E Lubrificantes.,0,Sem indício cadastral crítico,FOUND,ATIVA,26,49,12422.10,42192.750821,64034.19773844777,-0.4649,Comportamento esperado
526,139285,Lídice Da Mata,PSB,BA,Outros,Manutenção De Escritório De Apoio À Atividade Parlamentar,0,Sem indício cadastral crítico,FOUND,ATIVA,14,481,274916.87,98257.521290,134321.8726415135,1.3152,Comportamento esperado
756,204480,Rogério Correia,PT,MG,Outros,"Serviço De Táxi, Pedágio E Estacionamento",0,Sem indício cadastral crítico,FOUND,ATIVA,13,647,23713.19,5572.245385,10370.293242628488,1.7493,Comportamento esperado
72,160600,Arthur Oliveira Maia,UNIÃO,BA,Viagens,Passagem Aérea - Rpa,0,Sem indício cadastral crítico,FOUND,ATIVA,1,13,9278.54,31763.658913,54219.86604798766,-0.4147,Comportamento esperado
617,74165,Neucimar Fraga,PP,ES,Publicidade,Divulgação Da Atividade Parlamentar.,0,Sem indício cadastral crítico,FOUND,ATIVA,13,32,140025.00,254942.876552,301625.34822291706,-0.381,Comportamento esperado
146,220594,Coronel Assis,PL,MT,Combustível,Combustíveis E Lubrificantes.,0,Sem indício cadastral crítico,FOUND,ATIVA,138,687,165117.11,34330.305532,57340.29977264771,2.2809,Possível anomalia financeira
759,160629,Romero Rodrigues,PODE,PB,Outros,Manutenção De Escritório De Apoio À Atividade Parlamentar,1,Situação cadastral não ativa: BAIXADA,FOUND,BAIXADA,2,5,1526.62,40088.436364,59072.75761932022,-0.6528,Fornecedor com CNPJ suspeito
520,204418,Luizão Goulart,SOLIDARIEDADE,PR,Publicidade,Divulgação Da Atividade Parlamentar.,0,Sem indício cadastral crítico,FOUND,ATIVA,10,22,124190.00,263664.052022,329972.5348930845,-0.4227,Comportamento esperado
701,160639,Professora Dorinha Seabra Rezende,UNIÃO,TO,Outros,Manutenção De Escritório De Apoio À Atividade Parlamentar,0,Sem indício cadastral crítico,FOUND,ATIVA,8,54,52751.70,60332.404118,100110.53801139936,-0.0757,Comportamento esperado
338,204394,Gervásio Maia,PSB,PB,Serviços profissionais,"Consultorias, Pesquisas E Trabalhos Técnicos.",0,Sem indício cadastral crítico,FOUND,ATIVA,1,4,32000.00,52901.666667,54299.06776921737,-0.3849,Comportamento esperado
879,220558,Zé Trovão,PL,SC,Outros,Serviço De Segurança Prestado Por Empresa Especializada.,0,Sem indício cadastral crítico,FOUND,ATIVA,2,65,22758.56,6348.014000,9442.953517040101,1.7379,Comportamento esperado
136,204462,Chris Tonietto,PL,RJ,Viagens,Passagem Aérea - Rpa,0,Sem indício cadastral crítico,FOUND,ATIVA,1,8,7110.49,24365.871064,36425.48190750471,-0.4737,Comportamento esperado
357,204513,Guiga Peixoto,PSC,SP,Comunicação,Telefonia,0,Sem indício cadastral crítico,FOUND,ATIVA,2,17,4998.60,19889.940211,25751.500071775903,-0.5783,Comportamento esperado
196,220701,Delegado Matheus Laiola,UNIÃO,PR,Locomoção,Locação Ou Fretamento De Veículos Automotores,0,Sem indício cadastral crítico,FOUND,ATIVA,2,44,223092.23,113439.957419,130977.93601797776,0.8372,Comportamento esperado
210,73768,Dilceu Sperafico,PP,PR,Locomoção,Locação Ou Fretamento De Veículos Automotores,0,Sem indício cadastral crítico,FOUND,ATIVA,1,47,215533.33,113439.957419,130977.93601797776,0.7795,Comportamento esperado
370,178873,Helder Salomão,PT,ES,Viagens,Passagem Aérea - Sigepa,,,,,0,77,64828.06,159760.155882,99464.81207952778,-0.9544,Comportamento esperado
837,223398,Ulisses Guimarães,MDB,MG,Outros,Manutenção De Escritório De Apoio À Atividade Parlamentar,0,Sem indício cadastral crítico,FOUND,ATIVA,2,2,19924.40,123562.947566,162703.54342443834,-0.637,Comportamento esperado
852,141555,Vinicius Carvalho,PL,SP,Combustível,Combustíveis E Lubrificantes.,1,Situação cadastral não ativa: BAIXADA,FOUND,BAIXADA,3,3,550.16,42192.750821,64034.19773844777,-0.6503,Fornecedor com CNPJ suspeito
78,178975,Baleia Rossi,MDB,SP,Hotéis,"Hospedagem ,exceto Do Parlamentar No Distrito Federal.",0,Sem indício cadastral crítico,FOUND,ATIVA,3,3,1241.24,10014.789189,11435.329101648113,-0.7672,Comportamento esperado
749,141531,Rodrigo De Castro,UNIÃO,MG,Outros,"Passagens Terrestres, Marítimas Ou Fluviais",0,Sem indício cadastral crítico,FOUND,ATIVA,1,1,133.00,3858.240000,6358.142634643256,-0.5859,Comportamento esperado
352,107283,Gleisi Hoffmann,PT,PR,Publicidade,Divulgação Da Atividade Parlamentar.,1,Situação cadastral não ativa: BAIXADA,FOUND,BAIXADA,2,4,17000.00,263664.052022,329972.5348930845,-0.7475,Fornecedor com CNPJ suspeito
272,230765,Enfermeira Rejane,PCDOB,RJ,Combustível,Combustíveis E Lubrificantes.,0,Sem indício cadastral crítico,FOUND,ATIVA,37,99,21114.25,44023.319398,62812.667137756165,-0.3647,Comportamento esperado
514,204455,Luiz Lima,PL,RJ,Locomoção,Locação Ou Fretamento De Veículos Automotores,0,Sem indício cadastral crítico,FOUND,ATIVA,1,14,50400.00,162239.394390,163272.60476613723,-0.685,Comportamento esperado
503,160510,Luis Tibé,AVANTE,MG,Viagens,Passagem Aérea - Rpa,0,Sem indício cadastral crítico,FOUND,ATIVA,1,1,1534.00,40253.940526,63478.97879162227,-0.61,Comportamento esperado
596,220617,Murillo Gouvea,PSDB,RJ,Viagens,Passagem Aérea - Reembolso,0,Sem indício cadastral crítico,FOUND,ATIVA,1,1,2271.96,9840.865893,10669.362639943789,-0.7094,Comportamento esperado
410,214865,Joceval Rodrigues,CIDADANIA,BA,Serviços profissionais,"Consultorias, Pesquisas E Trabalhos Técnicos.",0,Sem indício cadastral crítico,FOUND,ATIVA,1,3,12200.00,64386.903226,47821.13506693795,-1.0913,Comportamento esperado
634,73463,Osmar Serraglio,PP,PR,Viagens,Passagem Aérea - Rpa,0,Sem indício cadastral crítico,FOUND,ATIVA,1,1,1079.56,26722.504474,58025.433845182,-0.4419,Comportamento esperado
687,204406,Pedro Westphalen,PP,RS,Hotéis,"Hospedagem ,exceto Do Parlamentar No Distrito Federal.",0,Sem indício cadastral crítico,FOUND,ATIVA,86,308,108441.77,21826.986437,35658.661568585754,2.429,Possível anomalia financeira
490,204404,Lucas Redecker,PSD,RS,Viagens,Passagem Aérea - Sigepa,,,,,0,375,358396.54,223297.576531,126627.95953182003,1.0669,Comportamento esperado
783,204387,Sargento Fahur,PL,PR,Combustível,Combustíveis E Lubrificantes.,0,Sem indício cadastral crítico,FOUND,ATIVA,181,710,181775.16,57944.345500,82353.4495793919,1.5037,Comportamento esperado
503,160510,Luis Tibé,AVANTE,MG,Locomoção,Locação Ou Fretamento De Veículos Automotores,0,Sem indício cadastral crítico,FOUND,ATIVA,4,44,188212.66,199358.988889,190617.58878325575,-0.0585,Comportamento esperado
409,178910,Joaquim Passarinho,PL,PA,Viagens,Passagem Aérea - Rpa,0,Sem indício cadastral crítico,FOUND,ATIVA,3,82,117756.63,40638.794706,54559.71826891466,1.4135,Comportamento esperado
280,74454,Eunício Oliveira,MDB,CE,Viagens,Passagem Aérea - Sigepa,,,,,0,14,12940.88,190828.457826,170630.5409255439,-1.0425,Comportamento esperado
741,220588,Roberto Duarte,REPUBLICANOS,AC,Locomoção,Locação Ou Fretamento De Veículos Automotores,0,Sem indício cadastral crítico,FOUND,ATIVA,2,61,410123.40,136825.250667,132327.06516765346,2.0653,Possível anomalia financeira
696,220533,Prof. Reginaldo Veras,PV,DF,Outros,Manutenção De Escritório De Apoio À Atividade Parlamentar,0,Sem indício cadastral crítico,FOUND,ATIVA,8,22,54598.49,95246.480000,164390.52276665662,-0.2473,Comportamento esperado
142,141408,Cleber Verde,MDB,MA,Publicidade,Divulgação Da Atividade Parlamentar.,0,Sem indício cadastral crítico,FOUND,ATIVA,10,95,1017000.00,299945.123175,386285.4495039867,1.8563,Comportamento esperado
779,220631,Samuel Viana,UNIÃO,MG,Alimentação,Fornecimento De Alimentação Do Parlamentar,1,Situação cadastral não ativa: BAIXADA,FOUND,BAIXADA,8,21,824.60,3421.773553,6721.942950865462,-0.3864,Fornecedor com CNPJ suspeito
468,160534,Lauriete,PSC,ES,Outros,Manutenção De Escritório De Apoio À Atividade Parlamentar,0,Sem indício cadastral crítico,FOUND,ATIVA,8,66,52756.39,101936.796563,164857.25422120074,-0.2983,Comportamento esperado
638,204441,Otoni De Paula,PSD,RJ,Comunicação,Telefonia,0,Sem indício cadastral crítico,FOUND,ATIVA,1,24,53678.50,11897.719661,18918.17939394703,2.2085,Possível anomalia financeira
868,220564,Yandra Moura,UNIÃO,SE,Outros,Manutenção De Escritório De Apoio À Atividade Parlamentar,0,Sem indício cadastral crítico,FOUND,ATIVA,2,35,25666.20,43647.935652,66268.36061748704,-0.2713,Comportamento esperado
714,141523,Raul Henry,MDB,PE,Outros,Manutenção De Escritório De Apoio À Atividade Parlamentar,0,Documento não consultado por não ser CNPJ,NOT_APPLICABLE,,1,13,13000.00,90785.734524,140277.34198893898,-0.5545,Comportamento esperado
733,160655,Ricardo Izar,REPUBLICANOS,SP,Comunicação,Telefonia,0,Sem indício cadastral crítico,FOUND,ATIVA,1,33,17273.12,19889.940211,25751.500071775903,-0.1016,Comportamento esperado
620,204384,Ney Leprevost,UNIÃO,PR,Outros,Manutenção De Escritório De Apoio À Atividade Parlamentar,0,Sem indício cadastral crítico,FOUND,ATIVA,4,14,3525.96,86193.122500,116860.66498214444,-0.7074,Comportamento esperado
748,230767,Rodrigo Da Zaeli,PL,MT,Hotéis,"Hospedagem ,exceto Do Parlamentar No Distrito Federal.",0,Sem indício cadastral crítico,FOUND,ATIVA,51,127,41455.32,20380.542308,35609.06873470771,0.5918,Comportamento esperado
664,204492,Paulo Guedes,PT,MG,Outros,"Serviço De Táxi, Pedágio E Estacionamento",0,Sem indício cadastral crítico,FOUND,ATIVA,4,7,835.28,5572.245385,10370.293242628488,-0.4568,Comportamento esperado
566,220655,Mario Frias,PL,SP,Outros,Manutenção De Escritório De Apoio À Atividade Parlamentar,0,Documento não consultado por não ser CNPJ,NOT_APPLICABLE,,1,20,146250.00,98538.487659,143509.98800071477,0.3325,Comportamento esperado
507,141485,Luiz Carlos Busato,UNIÃO,RS,Hotéis,"Hospedagem ,exceto Do Parlamentar No Distrito Federal.",0,Sem indício cadastral crítico,FOUND,ATIVA,53,98,66289.86,21826.986437,35658.661568585754,1.2469,Comportamento esperado
69,141391,Arnaldo Jardim,CIDADANIA,SP,Alimentação,Fornecimento De Alimentação Do Parlamentar,0,Sem indício cadastral crítico,FOUND,ATIVA,1,6,731.80,3366.001170,5609.697337170304,-0.4696,Comportamento esperado
255,220589,Eduardo Velloso,SOLIDARIEDADE,AC,Publicidade,Divulgação Da Atividade Parlamentar.,1,Situação cadastral não ativa: BAIXADA,FOUND,BAIXADA,2,2,2662.50,295132.464706,394989.3569390969,-0.7405,Fornecedor com CNPJ suspeito
614,204415,Nereu Crispim,PSD,RS,Viagens,Passagem Aérea - Sigepa,,,,,0,39,52167.77,223297.576531,126627.95953182003,-1.3514,Comportamento esperado
703,221338,Professora Luciene Cavalcante,PSOL,SP,Alimentação,Fornecimento De Alimentação Do Parlamentar,0,Sem indício cadastral crítico,FOUND,ATIVA,2,5,161.25,3366.001170,5609.697337170304,-0.5713,Comportamento esperado
137,178928,Christiane De Souza Yared,PP,PR,Comunicação,Telefonia,0,Sem indício cadastral crítico,FOUND,ATIVA,1,13,3717.01,10984.091277,13121.60062975809,-0.5538,Comportamento esperado
773,178887,Rubens Pereira Júnior,PT,MA,Viagens,Passagem Aérea - Sigepa,,,,,0,256,375350.30,132207.227045,122458.5508602934,1.9855,Comportamento esperado
723,153423,Renilce Nicodemos,MDB,PA,Publicidade,Divulgação Da Atividade Parlamentar.,0,Sem indício cadastral crítico,FOUND,ATIVA,2,19,394000.00,319971.475333,323849.5425991789,0.2286,Comportamento esperado
631,74399,Onyx Lorenzoni,PL,RS,Viagens,Passagem Aérea - Sigepa,,,,,0,100,164071.68,223297.576531,126627.95953182003,-0.4677,Comportamento esperado
641,220706,Padovani,PP,PR,Publicidade,Divulgação Da Atividade Parlamentar.,0,Sem indício cadastral crítico,FOUND,ATIVA,15,112,409925.16,263664.052022,329972.5348930845,0.4433,Comportamento esperado
749,141531,Rodrigo De Castro,UNIÃO,MG,Hotéis,"Hospedagem ,exceto Do Parlamentar No Distrito Federal.",0,Sem indício cadastral crítico,FOUND,ATIVA,10,12,5206.13,17018.453084,26330.369533202334,-0.4486,Comportamento esperado
765,220644,Rosangela Moro,PL,SP,Viagens,Passagem Aérea - Sigepa,,,,,0,335,248459.65,185430.171967,136227.76556134285,0.4627,Comportamento esperado
473,178825,Leo De Brito,PT,AC,Hotéis,"Hospedagem ,exceto Do Parlamentar No Distrito Federal.",0,Sem indício cadastral crítico,FOUND,ATIVA,4,5,1781.00,11165.562105,15437.148423150342,-0.6079,Comportamento esperado
461,220677,Keniston Braga,MDB,PA,Locomoção,Locação Ou Fretamento De Veículos Automotores,0,Sem indício cadastral crítico,FOUND,ATIVA,1,42,329700.00,121907.551481,147158.0353457022,1.412,Comportamento esperado
755,220695,Rogéria Santos,REPUBLICANOS,BA,Hotéis,"Hospedagem ,exceto Do Parlamentar No Distrito Federal.",0,Sem indício cadastral crítico,FOUND,ATIVA,29,95,40385.09,14559.116889,26542.375379101115,0.973,Comportamento esperado
64,123756,Antônia Lúcia,MDB,AC,Publicidade,Divulgação Da Atividade Parlamentar.,1,Situação cadastral não ativa: INAPTA,FOUND,INAPTA,1,7,39200.00,295132.464706,394989.3569390969,-0.6479,Fornecedor com CNPJ suspeito
466,98057,Lafayette De Andrada,REPUBLICANOS,MG,Combustível,Combustíveis E Lubrificantes.,1,Situação cadastral não ativa: BAIXADA,FOUND,BAIXADA,2,2,650.97,65306.104375,92314.0005265802,-0.7004,Fornecedor com CNPJ suspeito
646,160642,Pastor Eurico,PL,PE,Alimentação,Fornecimento De Alimentação Do Parlamentar,0,Sem indício cadastral crítico,FOUND,ATIVA,33,56,3822.18,3487.092941,8073.709935566787,0.0415,Comportamento esperado
669,74400,Paulo Pimenta,PT,RS,Publicidade,Divulgação Da Atividade Parlamentar.,0,Sem indício cadastral crítico,FOUND,ATIVA,11,66,622100.82,215724.063125,265101.600265673,1.5329,Comportamento esperado
815,178922,Tadeu Alencar,PSB,PE,Hotéis,"Hospedagem ,exceto Do Parlamentar No Distrito Federal.",1,Situação cadastral não ativa: BAIXADA,FOUND,BAIXADA,1,3,630.00,17089.374528,23447.97906027458,-0.702,Fornecedor com CNPJ suspeito
23,204501,Alencar Santana,PT,SP,Outros,"Serviço De Táxi, Pedágio E Estacionamento",0,Sem indício cadastral crítico,FOUND,ATIVA,8,70,9178.63,11967.060840,16796.655097373645,-0.166,Comportamento esperado
526,139285,Lídice Da Mata,PSB,BA,Viagens,Passagem Aérea - Rpa,0,Sem indício cadastral crítico,FOUND,ATIVA,1,10,3888.65,31763.658913,54219.86604798766,-0.5141,Comportamento esperado
844,141553,Vanderlei Macris,PSDB,SP,Outros,Serviços Postais,0,Sem indício cadastral crítico,FOUND,ATIVA,1,4,4507.10,1015.584878,1403.5425598127083,2.4876,Possível anomalia financeira
32,204503,Alexandre Padilha,PT,SP,Publicidade,Divulgação Da Atividade Parlamentar.,0,Sem indício cadastral crítico,FOUND,ATIVA,4,12,117700.00,243741.226243,313657.1515008437,-0.4018,Comportamento esperado
37,178927,Aliel Machado,PV,PR,Viagens,Passagem Aérea - Reembolso,0,Sem indício cadastral crítico,FOUND,ATIVA,3,4,12851.93,17801.644063,39455.64199846602,-0.1255,Comportamento esperado
128,73441,Celso Russomanno,REPUBLICANOS,SP,Outros,Aquisição De Tokens E Certificados Digitais,0,Sem indício cadastral crítico,FOUND,ATIVA,3,3,611.51,237.090000,170.74249018787194,2.1929,Possível anomalia financeira
660,193726,Paulo Eduardo Martins,PL,PR,Outros,Manutenção De Escritório De Apoio À Atividade Parlamentar,0,Sem indício cadastral crítico,FOUND,ATIVA,1,8,6000.00,86193.122500,116860.66498214444,-0.6862,Comportamento esperado
34,221148,Alfredinho,PT,SP,Viagens,Passagem Aérea - Reembolso,0,Sem indício cadastral crítico,FOUND,ATIVA,2,2,7114.08,9758.571000,11443.414965885137,-0.2311,Comportamento esperado
580,75431,Maurício Dziedricki,PODE,RS,Hotéis,"Hospedagem ,exceto Do Parlamentar No Distrito Federal.",1,Situação cadastral não ativa: INAPTA,FOUND,INAPTA,1,1,190.00,21826.986437,35658.661568585754,-0.6068,Fornecedor com CNPJ suspeito
331,220611,General Pazuello,PL,RJ,Viagens,Passagem Aérea - Sigepa,,,,,0,269,310261.75,213577.740357,175550.75566941444,0.5507,Comportamento esperado
666,220685,Paulo Litro,UNIÃO,PR,Viagens,Passagem Aérea - Sigepa,,,,,0,371,251351.66,173223.575536,125997.34942419773,0.6201,Comportamento esperado
205,220553,Denise Pessôa,PT,RS,Outros,Manutenção De Escritório De Apoio À Atividade Parlamentar,0,Sem indício cadastral crítico,FOUND,ATIVA,13,282,393154.20,109428.142500,149558.61424927576,1.8971,Comportamento esperado
298,220656,Fernanda Pessoa,PSD,CE,Publicidade,Divulgação Da Atividade Parlamentar.,0,Sem indício cadastral crítico,FOUND,ATIVA,15,210,748075.36,263931.285395,366906.3702021798,1.3195,Comportamento esperado
517,204526,Luiz Philippe De Orleans E Bragança,PL,SP,Viagens,Passagem Aérea - Sigepa,,,,,0,362,345856.80,185430.171967,136227.76556134285,1.1776,Comportamento esperado
427,141470,José Guimarães,PT,CE,Viagens,Passagem Aérea - Sigepa,,,,,0,547,602285.03,190828.457826,170630.5409255439,2.4114,Possível anomalia financeira
855,204532,Vinicius Poit,NOVO,SP,Viagens,Passagem Aérea - Sigepa,,,,,0,47,52155.89,185430.171967,136227.76556134285,-0.9783,Comportamento esperado
445,220640,Juliana Cardoso,PT,SP,Publicidade,Divulgação Da Atividade Parlamentar.,0,Sem indício cadastral crítico,FOUND,ATIVA,24,119,711907.50,243741.226243,313657.1515008437,1.4926,Comportamento esperado
389,204564,Igor Kannário,UNIÃO,BA,Viagens,Passagem Aérea - Sigepa,,,,,0,47,37699.01,219376.223091,157819.4558803826,-1.1512,Comportamento esperado
540,133810,Marcelo Moraes,PL,RS,Comunicação,Telefonia,0,Sem indício cadastral crítico,FOUND,ATIVA,2,52,30562.85,19321.830435,18898.364290143905,0.5948,Comportamento esperado
212,160599,Dimas Fabiano,PP,MG,Alimentação,Fornecimento De Alimentação Do Parlamentar,1,Situação cadastral não ativa: BAIXADA,FOUND,BAIXADA,8,10,268.70,3421.773553,6721.942950865462,-0.4691,Fornecedor com CNPJ suspeito
342,74270,Gilberto Nascimento,PODE,SP,Publicidade,Divulgação Da Atividade Parlamentar.,0,Sem indício cadastral crítico,FOUND,ATIVA,1,37,370000.00,243741.226243,313657.1515008437,0.4025,Comportamento esperado
159,204370,Célio Moura,PT,TO,Viagens,Passagem Aérea - Sigepa,,,,,0,39,66991.37,76378.544118,54414.42672468753,-0.1725,Comportamento esperado
38,204353,Aline Gurgel,REPUBLICANOS,AP,Viagens,Passagem Aérea - Sigepa,,,,,0,48,82115.71,180390.483889,137999.8120825282,-0.7121,Comportamento esperado
244,178994,Dulce Miranda,MDB,TO,Combustível,Combustíveis E Lubrificantes.,1,Situação cadastral não ativa: BAIXADA,FOUND,BAIXADA,1,3,557.29,73777.441071,109277.9364585353,-0.67,Fornecedor com CNPJ suspeito
171,220582,Daniel Barbosa,PP,AL,Alimentação,Fornecimento De Alimentação Do Parlamentar,0,Sem indício cadastral crítico,FOUND,ATIVA,16,24,1961.60,2542.058000,4729.8142873309525,-0.1227,Comportamento esperado
750,223128,Rodrigo Estacho,PSD,PR,Publicidade,Divulgação Da Atividade Parlamentar.,1,Situação cadastral não ativa: BAIXADA,FOUND,BAIXADA,3,9,18000.00,263664.052022,329972.5348930845,-0.7445,Fornecedor com CNPJ suspeito
835,157130,Túlio Gadêlha,PSD,PE,Publicidade,Divulgação Da Atividade Parlamentar.,0,Sem indício cadastral crítico,FOUND,ATIVA,15,56,190597.97,241972.708182,301628.5621101344,-0.1703,Comportamento esperado
568,204566,Marreca Filho,PATRIOTA,MA,Publicidade,Divulgação Da Atividade Parlamentar.,0,Sem indício cadastral crítico,FOUND,ATIVA,5,16,144888.00,299945.123175,386285.4495039867,-0.4014,Comportamento esperado
295,227370,Felipe Saliba,PRD,MG,Combustível,Combustíveis E Lubrificantes.,1,Situação cadastral não ativa: BAIXADA,FOUND,BAIXADA,1,2,450.00,65306.104375,92314.0005265802,-0.7026,Fornecedor com CNPJ suspeito
394,204436,Isnaldo Bulhões Jr.,MDB,AL,Publicidade,Divulgação Da Atividade Parlamentar.,0,Sem indício cadastral crítico,FOUND,ATIVA,3,5,74860.00,358459.172381,402499.84210100886,-0.7046,Comportamento esperado
284,219920,Fabio Barros,PSB,PE,Combustível,Combustíveis E Lubrificantes.,0,Sem indício cadastral crítico,FOUND,ATIVA,9,14,2234.37,53506.291935,82942.380015203,-0.6182,Comportamento esperado
514,204455,Luiz Lima,NOVO,RJ,Publicidade,Divulgação Da Atividade Parlamentar.,0,Sem indício cadastral crítico,FOUND,ATIVA,12,144,578645.05,226781.355120,259582.44863584734,1.3555,Comportamento esperado
721,178989,Renata Abreu,PODE,SP,Publicidade,Divulgação Da Atividade Parlamentar.,0,Sem indício cadastral crítico,FOUND,ATIVA,33,121,625199.80,243741.226243,313657.1515008437,1.2162,Comportamento esperado
195,204512,Delegado Marcelo Freitas,UNIÃO,MG,Comunicação,Telefonia,0,Sem indício cadastral crítico,FOUND,ATIVA,6,102,8410.53,15607.667083,19082.29985422686,-0.3772,Comportamento esperado
878,160632,Zé Silva,SOLIDARIEDADE,MG,Alimentação,Fornecimento De Alimentação Do Parlamentar,0,Sem indício cadastral crítico,FOUND,ATIVA,13,23,979.16,3421.773553,6721.942950865462,-0.3634,Comportamento esperado
798,220579,Silvia Waiãpi,PL,AP,Outros,"Serviço De Táxi, Pedágio E Estacionamento",0,Sem indício cadastral crítico,FOUND,ATIVA,4,406,13991.64,3695.458571,4756.467110816699,2.1647,Possível anomalia financeira
178,220557,Daniela Reinehr,PL,SC,Alimentação,Fornecimento De Alimentação Do Parlamentar,0,Sem indício cadastral crítico,FOUND,ATIVA,114,248,13922.07,5345.501750,9873.801589562949,0.8686,Comportamento esperado
865,74044,Wilson Santiago,REPUBLICANOS,PB,Hotéis,"Hospedagem ,exceto Do Parlamentar No Distrito Federal.",0,Sem indício cadastral crítico,FOUND,ATIVA,32,195,89706.22,9643.162222,20671.000404330745,3.8732,Anomalia financeira extrema
269,198783,Emanuel Pinheiro Neto,MDB,MT,Comunicação,Telefonia,0,Sem indício cadastral crítico,FOUND,ATIVA,2,11,1311.43,6682.953571,8863.976852355925,-0.606,Comportamento esperado
372,204444,Helio Lopes,PL,RJ,Hotéis,"Hospedagem ,exceto Do Parlamentar No Distrito Federal.",0,Sem indício cadastral crítico,FOUND,ATIVA,23,46,70842.92,13016.628636,21468.959145470457,2.6935,Possível anomalia financeira
621,204479,Nicoletti,UNIÃO,RR,Viagens,Passagem Aérea - Sigepa,,,,,0,73,91083.44,163783.293125,88161.1731168696,-0.8246,Comportamento esperado
218,204450,Doutor Luizinho,PP,RJ,Publicidade,Divulgação Da Atividade Parlamentar.,0,Sem indício cadastral crítico,FOUND,ATIVA,3,61,357000.00,226781.355120,259582.44863584734,0.5016,Comportamento esperado
278,160640,Eros Biondini,PL,MG,Publicidade,Divulgação Da Atividade Parlamentar.,0,Sem indício cadastral crítico,FOUND,ATIVA,3,10,19000.00,194891.353020,276881.75990132586,-0.6353,Comportamento esperado
545,179000,Marcelo Álvaro Antônio,PL,MG,Hotéis,"Hospedagem ,exceto Do Parlamentar No Distrito Federal.",0,Sem indício cadastral crítico,FOUND,ATIVA,40,88,22611.05,17018.453084,26330.369533202334,0.2124,Comportamento esperado
537,220599,Marcelo Crivella,REPUBLICANOS,RJ,Viagens,Passagem Aérea - Sigepa,,,,,0,42,66646.17,213577.740357,175550.75566941444,-0.837,Comportamento esperado
332,204484,General Peternelli,UNIÃO,SP,Hotéis,"Hospedagem ,exceto Do Parlamentar No Distrito Federal.",0,Sem indício cadastral crítico,FOUND,ATIVA,5,12,4366.35,10014.789189,11435.329101648113,-0.4939,Comportamento esperado
90,204388,Bibo Nunes,PL,RS,Combustível,Combustíveis E Lubrificantes.,1,Situação cadastral não ativa: BAIXADA,FOUND,BAIXADA,10,20,4215.69,60520.148547,97388.05968907535,-0.5781,Fornecedor com CNPJ suspeito
796,74356,Silas Câmara,REPUBLICANOS,AM,Outros,Manutenção De Escritório De Apoio À Atividade Parlamentar,0,Sem indício cadastral crítico,FOUND,ATIVA,1,7,2434.96,35177.838000,53399.12696043168,-0.6132,Comportamento esperado
184,204511,David Soares,PODE,SP,Outros,Manutenção De Escritório De Apoio À Atividade Parlamentar,0,Sem indício cadastral crítico,FOUND,ATIVA,10,112,174549.58,98538.487659,143509.98800071477,0.5297,Comportamento esperado
535,205863,Marcelo Brum,REPUBLICANOS,RS,Combustível,Combustíveis E Lubrificantes.,0,Sem indício cadastral crítico,FOUND,ATIVA,35,45,10889.54,60520.148547,97388.05968907535,-0.5096,Comportamento esperado
459,204550,Júnior Mano,PSB,CE,Locomoção,Locação Ou Fretamento De Veículos Automotores,0,Sem indício cadastral crítico,FOUND,ATIVA,5,30,161939.00,139651.247778,143531.8586124825,0.1553,Comportamento esperado
900,,,,NA,Hotéis,"Hospedagem ,exceto Do Parlamentar No Distrito Federal.",0,Sem indício cadastral crítico,FOUND,ATIVA,4,4,2820.73,3085.297500,2695.1763825691137,-0.0982,Comportamento esperado
854,160591,Vinicius Gurgel,PL,AP,Locomoção,Locação Ou Fretamento De Embarcações,0,Documento não consultado por não ser CNPJ,NOT_APPLICABLE,,1,34,138600.00,49262.500000,60760.834081942405,1.4703,Comportamento esperado
2,204521,Abou Anni,UNIÃO,SP,Comunicação,Telefonia,0,Sem indício cadastral crítico,FOUND,ATIVA,1,31,5011.21,19889.940211,25751.500071775903,-0.5778,Comportamento esperado
861,220601,Washington Quaquá,PT,RJ,Publicidade,Divulgação Da Atividade Parlamentar.,0,Sem indício cadastral crítico,FOUND,ATIVA,5,28,356466.80,226781.355120,259582.44863584734,0.4996,Comportamento esperado
191,220642,Delegado Bruno Lima,PODE,SP,Hotéis,"Hospedagem ,exceto Do Parlamentar No Distrito Federal.",0,Sem indício cadastral crítico,FOUND,ATIVA,10,15,16882.58,10014.789189,11435.329101648113,0.6006,Comportamento esperado
310,191923,Flávio Nogueira,PT,PI,Serviços profissionais,"Consultorias, Pesquisas E Trabalhos Técnicos.",0,Sem indício cadastral crítico,FOUND,ATIVA,1,9,90000.00,59954.545455,42245.387053176906,0.7112,Comportamento esperado
388,204533,Idilvan Alencar,PDT,CE,Combustível,Combustíveis E Lubrificantes.,1,CNPJ não encontrado na API pública,NOT_FOUND,,1,1,200.00,41977.960833,76764.60304100714,-0.5442,Fornecedor com CNPJ suspeito
440,112437,João Marcelo Souza,MDB,MA,Locomoção,Locação Ou Fretamento De Veículos Automotores,0,Sem indício cadastral crítico,FOUND,ATIVA,4,22,106292.34,122090.952683,112418.39663710551,-0.1405,Comportamento esperado
874,230768,Zé Adriano,PP,AC,Outros,Manutenção De Escritório De Apoio À Atividade Parlamentar,1,Erro na consulta pública de CNPJ,ERROR,,1,5,745.41,29735.132000,50394.769544197494,-0.5753,Fornecedor com CNPJ suspeito
413,160548,Jonas Donizette,PSB,SP,Locomoção,Locação Ou Fretamento De Veículos Automotores,0,Sem indício cadastral crítico,FOUND,ATIVA,4,80,323752.19,147254.510948,139673.23431152088,1.2636,Comportamento esperado
276,220645,Erika Hilton,PSOL,SP,Outros,"Serviço De Táxi, Pedágio E Estacionamento",0,Sem indício cadastral crítico,FOUND,ATIVA,2,786,23986.03,11967.060840,16796.655097373645,0.7156,Comportamento esperado
23,204501,Alencar Santana,PT,SP,Viagens,Passagem Aérea - Sigepa,,,,,0,280,208611.45,185430.171967,136227.76556134285,0.1702,Comportamento esperado
767,73806,Roseana Sarney,MDB,MA,Combustível,Combustíveis E Lubrificantes.,0,Sem indício cadastral crítico,FOUND,ATIVA,25,113,16166.64,34895.172615,52384.05405357016,-0.3575,Comportamento esperado
708,178951,Rafael Motta,PSB,RN,Outros,Manutenção De Escritório De Apoio À Atividade Parlamentar,0,Sem indício cadastral crítico,FOUND,ATIVA,3,24,4891.02,114159.151154,175330.5134804051,-0.6232,Comportamento esperado
671,141488,Paulo Teixeira,PT,SP,Publicidade,Divulgação Da Atividade Parlamentar.,0,Sem indício cadastral crítico,FOUND,ATIVA,2,9,180940.00,243741.226243,313657.1515008437,-0.2002,Comportamento esperado
269,198783,Emanuel Pinheiro Neto,MDB,MT,Combustível,Combustíveis E Lubrificantes.,0,Sem indício cadastral crítico,FOUND,ATIVA,81,266,48249.27,34330.305532,57340.29977264771,0.2427,Comportamento esperado
847,204396,Vermelho,PL,PR,Outros,Manutenção De Escritório De Apoio À Atividade Parlamentar,0,Sem indício cadastral crítico,FOUND,ATIVA,12,238,243796.55,86193.122500,116860.66498214444,1.3486,Comportamento esperado
402,108338,Jaqueline Cassol,PP,RO,Locomoção,Locação Ou Fretamento De Veículos Automotores,0,Sem indício cadastral crítico,FOUND,ATIVA,1,7,21000.00,233590.273571,213347.19250523738,-0.9965,Comportamento esperado
107,178829,Capitão Augusto,PL,SP,Publicidade,Divulgação Da Atividade Parlamentar.,0,Sem indício cadastral crítico,FOUND,ATIVA,15,139,1050779.94,243741.226243,313657.1515008437,2.573,Possível anomalia financeira
32,204503,Alexandre Padilha,PT,SP,Viagens,Passagem Aérea - Rpa,0,Sem indício cadastral crítico,FOUND,ATIVA,2,50,43011.96,24943.515352,36157.13967829913,0.4997,Comportamento esperado
646,160642,Pastor Eurico,PSDB,PE,Comunicação,Telefonia,0,Sem indício cadastral crítico,FOUND,ATIVA,3,41,10172.29,10941.974167,12252.099914667077,-0.0628,Comportamento esperado
223,220614,Dr. Daniel Soranz,PSD,RJ,Combustível,Combustíveis E Lubrificantes.,0,Sem indício cadastral crítico,FOUND,ATIVA,42,63,11019.56,44023.319398,62812.667137756165,-0.5254,Comportamento esperado
28,204544,Alexandre Frota,PROS,SP,Viagens,Passagem Aérea - Sigepa,,,,,0,15,15579.29,185430.171967,136227.76556134285,-1.2468,Comportamento esperado
71,160541,Arthur Lira,PP,AL,Outros,Manutenção De Escritório De Apoio À Atividade Parlamentar,0,Sem indício cadastral crítico,FOUND,ATIVA,3,39,38293.00,55960.761000,68535.24676411308,-0.2578,Comportamento esperado
172,178916,Daniel Coelho,CIDADANIA,PE,Outros,Manutenção De Escritório De Apoio À Atividade Parlamentar,0,Documento não consultado por não ser CNPJ,NOT_APPLICABLE,,2,6,7500.00,90785.734524,140277.34198893898,-0.5937,Comportamento esperado
587,178984,Miguel Haddad,PSDB,SP,Comunicação,Telefonia,0,Sem indício cadastral crítico,FOUND,ATIVA,1,10,1017.30,19889.940211,25751.500071775903,-0.7329,Comportamento esperado
370,178873,Helder Salomão,PT,ES,Combustível,Combustíveis E Lubrificantes.,1,Situação cadastral não ativa: BAIXADA,FOUND,BAIXADA,1,1,186.60,49148.417879,67749.62213949014,-0.7227,Fornecedor com CNPJ suspeito
742,220613,Roberto Monteiro Pai,PL,RJ,Publicidade,Divulgação Da Atividade Parlamentar.,0,Sem indício cadastral crítico,FOUND,ATIVA,6,45,310650.00,226781.355120,259582.44863584734,0.3231,Comportamento esperado
637,141515,Otavio Leite,PSDB,RJ,Outros,Manutenção De Escritório De Apoio À Atividade Parlamentar,0,Sem indício cadastral crítico,FOUND,ATIVA,5,14,23300.71,80988.593819,134414.71100556676,-0.4292,Comportamento esperado
335,220702,Geraldo Mendes,UNIÃO,PR,Comunicação,Telefonia,0,Sem indício cadastral crítico,FOUND,ATIVA,4,16,2311.04,10984.091277,13121.60062975809,-0.661,Comportamento esperado
711,204567,Raimundo Costa,PODE,BA,Viagens,Passagem Aérea - Rpa,0,Sem indício cadastral crítico,FOUND,ATIVA,2,50,42618.74,31763.658913,54219.86604798766,0.2002,Comportamento esperado
86,220683,Beto Richa,PSDB,PR,Outros,"Serviço De Táxi, Pedágio E Estacionamento",0,Documento não consultado por não ser CNPJ,NOT_APPLICABLE,,1,1,38.25,5713.999474,13397.131596894355,-0.4237,Comportamento esperado
790,178933,Sergio Souza,MDB,PR,Hotéis,"Hospedagem ,exceto Do Parlamentar No Distrito Federal.",1,CNPJ não encontrado na API pública,NOT_FOUND,,1,1,200.00,18419.328649,34024.43115299299,-0.5355,Fornecedor com CNPJ suspeito
293,204398,Felipe Francischini,PODE,PR,Publicidade,Divulgação Da Atividade Parlamentar.,1,Situação cadastral não ativa: BAIXADA,FOUND,BAIXADA,1,5,50000.00,263664.052022,329972.5348930845,-0.6475,Fornecedor com CNPJ suspeito
497,227323,Luciano Galego,PL,MA,Publicidade,Divulgação Da Atividade Parlamentar.,0,Sem indício cadastral crítico,FOUND,ATIVA,5,7,118333.34,299945.123175,386285.4495039867,-0.4701,Comportamento esperado
159,204370,Célio Moura,PT,TO,Viagens,Passagem Aérea - Reembolso,0,Sem indício cadastral crítico,FOUND,ATIVA,2,8,13127.30,4645.874444,4227.848303939934,2.0061,Possível anomalia financeira
433,74554,José Rocha,UNIÃO,BA,Publicidade,Assinatura De Publicações,0,Sem indício cadastral crítico,FOUND,ATIVA,1,1,612.00,1162.932500,522.4619816072744,-1.0545,Comportamento esperado
631,74399,Onyx Lorenzoni,PL,RS,Hotéis,"Hospedagem ,exceto Do Parlamentar No Distrito Federal.",0,Sem indício cadastral crítico,FOUND,ATIVA,1,1,378.00,21826.986437,35658.661568585754,-0.6015,Comportamento esperado
572,220661,Matheus Noronha,PL,CE,Hotéis,"Hospedagem ,exceto Do Parlamentar No Distrito Federal.",0,Sem indício cadastral crítico,FOUND,ATIVA,7,9,19632.47,14861.399063,17345.750222182687,0.2751,Comportamento esperado
690,204524,Pinheirinho,PP,MG,Comunicação,Telefonia,0,Sem indício cadastral crítico,FOUND,ATIVA,1,6,3456.00,15607.667083,19082.29985422686,-0.6368,Comportamento esperado
890,,,,NA,Publicidade,Divulgação Da Atividade Parlamentar.,1,Situação cadastral não ativa: BAIXADA,FOUND,BAIXADA,1,3,8050.00,50979.424375,81608.46012151951,-0.526,Fornecedor com CNPJ suspeito
344,204365,Gilson Marques,NOVO,SC,Comunicação,Telefonia,0,Sem indício cadastral crítico,FOUND,ATIVA,1,7,4032.00,7776.667391,7284.093764458291,-0.5141,Comportamento esperado
732,204362,Ricardo Guidi,PSD,SC,Alimentação,Fornecimento De Alimentação Do Parlamentar,0,Sem indício cadastral crítico,FOUND,ATIVA,62,91,5283.50,5345.501750,9873.801589562949,-0.0063,Comportamento esperado
12,136811,Afonso Hamm,PP,RS,Outros,Manutenção De Escritório De Apoio À Atividade Parlamentar,1,Situação cadastral não ativa: BAIXADA,FOUND,BAIXADA,4,57,25376.50,109428.142500,149558.61424927576,-0.562,Fornecedor com CNPJ suspeito
10,141372,Aelton Freitas,PP,MG,Outros,"Serviço De Táxi, Pedágio E Estacionamento",0,Sem indício cadastral crítico,FOUND,ATIVA,7,40,8344.60,5572.245385,10370.293242628488,0.2673,Comportamento esperado
494,103758,Luciano Azevedo,PSD,RS,Outros,"Serviço De Táxi, Pedágio E Estacionamento",0,Sem indício cadastral crítico,FOUND,ATIVA,19,251,3508.79,10192.084923,16137.89190584743,-0.4141,Comportamento esperado
404,74273,Jefferson Campos,PL,SP,Viagens,Passagem Aérea - Sigepa,,,,,0,516,353043.79,185430.171967,136227.76556134285,1.2304,Comportamento esperado
156,135054,Cristiano Vale,PP,PA,Comunicação,Telefonia,0,Sem indício cadastral crítico,FOUND,ATIVA,3,19,2152.15,14410.800000,15329.862478744984,-0.7997,Comportamento esperado
167,220629,Dandara,PT,MG,Combustível,Combustíveis E Lubrificantes.,0,Sem indício cadastral crítico,FOUND,ATIVA,68,110,22800.23,65306.104375,92314.0005265802,-0.4604,Comportamento esperado
417,214694,Jorge Goetten,REPUBLICANOS,SC,Publicidade,Divulgação Da Atividade Parlamentar.,0,Sem indício cadastral crítico,FOUND,ATIVA,12,70,363483.66,148561.773265,217765.15459275612,0.9869,Comportamento esperado
714,141523,Raul Henry,MDB,PE,Alimentação,Fornecimento De Alimentação Do Parlamentar,0,Sem indício cadastral crítico,FOUND,ATIVA,3,11,571.45,3487.092941,8073.709935566787,-0.3611,Comportamento esperado
129,204496,Celso Sabino,UNIÃO,PA,Hotéis,"Hospedagem ,exceto Do Parlamentar No Distrito Federal.",0,Sem indício cadastral crítico,FOUND,ATIVA,17,37,18777.39,12723.705217,19811.362899516178,0.3056,Comportamento esperado
589,171786,Miguel Ângelo,PT,MG,Outros,"Passagens Terrestres, Marítimas Ou Fluviais",0,Sem indício cadastral crítico,FOUND,ATIVA,12,18,3060.81,3858.240000,6358.142634643256,-0.1254,Comportamento esperado
172,178916,Daniel Coelho,CIDADANIA,PE,Outros,Manutenção De Escritório De Apoio À Atividade Parlamentar,0,Sem indício cadastral crítico,FOUND,ATIVA,3,14,35385.61,90785.734524,140277.34198893898,-0.3949,Comportamento esperado
844,141553,Vanderlei Macris,PSDB,SP,Outros,Manutenção De Escritório De Apoio À Atividade Parlamentar,0,Documento não consultado por não ser CNPJ,NOT_APPLICABLE,,1,7,24100.00,98538.487659,143509.98800071477,-0.5187,Comportamento esperado
180,62881,Danilo Forte,UNIÃO,CE,Outros,Manutenção De Escritório De Apoio À Atividade Parlamentar,0,Sem indício cadastral crítico,FOUND,ATIVA,7,52,36360.14,68348.775082,105244.60317209057,-0.3039,Comportamento esperado
827,178862,Tia Eron,REPUBLICANOS,BA,Publicidade,Divulgação Da Atividade Parlamentar.,1,Situação cadastral não ativa: BAIXADA,FOUND,BAIXADA,1,3,50000.00,317318.910361,328157.1355142384,-0.8146,Fornecedor com CNPJ suspeito
514,204455,Luiz Lima,PL,RJ,Combustível,Combustíveis E Lubrificantes.,0,Sem indício cadastral crítico,FOUND,ATIVA,16,31,8491.26,44023.319398,62812.667137756165,-0.5657,Comportamento esperado
591,154178,Milton Vieira,REPUBLICANOS,SP,Combustível,Combustíveis E Lubrificantes.,1,Situação cadastral não ativa: BAIXADA,FOUND,BAIXADA,1,9,1725.24,42192.750821,64034.19773844777,-0.632,Fornecedor com CNPJ suspeito
773,178887,Rubens Pereira Júnior,PT,MA,Publicidade,Divulgação Da Atividade Parlamentar.,1,Situação cadastral não ativa: BAIXADA,FOUND,BAIXADA,4,20,111283.00,299945.123175,386285.4495039867,-0.4884,Fornecedor com CNPJ suspeito
21,160559,Alceu Moreira,MDB,RS,Combustível,Combustíveis E Lubrificantes.,1,CNPJ não encontrado na API pública,NOT_FOUND,,1,1,200.00,60520.148547,97388.05968907535,-0.6194,Fornecedor com CNPJ suspeito
667,74574,Paulo Magalhães,PSD,BA,Publicidade,Divulgação Da Atividade Parlamentar.,1,Situação cadastral não ativa: BAIXADA,FOUND,BAIXADA,1,22,15400.00,317318.910361,328157.1355142384,-0.92,Fornecedor com CNPJ suspeito
203,220705,Deltan Dallagnol,PODE,PR,Outros,Manutenção De Escritório De Apoio À Atividade Parlamentar,1,Erro na consulta pública de CNPJ,ERROR,,1,3,568.40,86193.122500,116860.66498214444,-0.7327,Fornecedor com CNPJ suspeito
755,220695,Rogéria Santos,REPUBLICANOS,BA,Hotéis,"Hospedagem ,exceto Do Parlamentar No Distrito Federal.",1,Situação cadastral não ativa: BAIXADA,FOUND,BAIXADA,2,4,1260.00,14559.116889,26542.375379101115,-0.5011,Fornecedor com CNPJ suspeito
556,178943,Marcos Soares,UNIÃO,RJ,Outros,"Serviço De Táxi, Pedágio E Estacionamento",0,Sem indício cadastral crítico,FOUND,ATIVA,19,52,7970.58,8455.730411,14321.838989715481,-0.0339,Comportamento esperado
142,141408,Cleber Verde,MDB,MA,Outros,Manutenção De Escritório De Apoio À Atividade Parlamentar,0,Sem indício cadastral crítico,FOUND,ATIVA,3,17,29618.56,64195.130784,109861.24089764054,-0.3147,Comportamento esperado
862,160518,Weliton Prado,PROS,MG,Comunicação,Telefonia,0,Sem indício cadastral crítico,FOUND,ATIVA,2,8,1478.19,15607.667083,19082.29985422686,-0.7404,Comportamento esperado
135,204476,Chiquinho Brazão,S.PART.,RJ,Outros,Manutenção De Escritório De Apoio À Atividade Parlamentar,0,Sem indício cadastral crítico,FOUND,ATIVA,1,3,1258.90,80988.593819,134414.71100556676,-0.5932,Comportamento esperado
824,180018,Thiago Cartaxo,PODE,RN,Combustível,Combustíveis E Lubrificantes.,1,Situação cadastral não ativa: BAIXADA,FOUND,BAIXADA,1,1,386.39,51927.710333,76131.03428420173,-0.677,Fornecedor com CNPJ suspeito
78,178975,Baleia Rossi,MDB,SP,Comunicação,Telefonia,0,Sem indício cadastral crítico,FOUND,ATIVA,5,160,102846.93,19889.940211,25751.500071775903,3.2214,Anomalia financeira extrema
332,204484,General Peternelli,UNIÃO,SP,Viagens,Passagem Aérea - Sigepa,,,,,0,87,118388.55,185430.171967,136227.76556134285,-0.4921,Comportamento esperado
241,220686,Duarte Jr.,AVANTE,MA,Outros,"Serviço De Táxi, Pedágio E Estacionamento",0,Sem indício cadastral crítico,FOUND,ATIVA,2,394,11795.10,3095.474615,4475.3830763031065,1.9439,Comportamento esperado
514,204455,Luiz Lima,NOVO,RJ,Outros,Manutenção De Escritório De Apoio À Atividade Parlamentar,0,Sem indício cadastral crítico,FOUND,ATIVA,8,207,140405.05,80988.593819,134414.71100556676,0.442,Comportamento esperado
518,74784,Luiza Erundina,PSOL,SP,Publicidade,Divulgação Da Atividade Parlamentar.,1,Situação cadastral não ativa: BAIXADA,FOUND,BAIXADA,2,3,3900.00,243741.226243,313657.1515008437,-0.7647,Fornecedor com CNPJ suspeito
267,218086,Ely Santos,REPUBLICANOS,SP,Publicidade,Divulgação Da Atividade Parlamentar.,0,Sem indício cadastral crítico,FOUND,ATIVA,8,41,747096.00,243741.226243,313657.1515008437,1.6048,Comportamento esperado
612,204449,Nelson Barbudo,PL,MT,Combustível,Combustíveis E Lubrificantes.,0,Sem indício cadastral crítico,FOUND,ATIVA,44,96,29790.54,34330.305532,57340.29977264771,-0.0792,Comportamento esperado
878,160632,Zé Silva,SOLIDARIEDADE,MG,Publicidade,Divulgação Da Atividade Parlamentar.,0,Sem indício cadastral crítico,FOUND,ATIVA,8,18,137143.11,194891.353020,276881.75990132586,-0.2086,Comportamento esperado
63,220638,Antonio Carlos Rodrigues,PL,SP,Hotéis,"Hospedagem ,exceto Do Parlamentar No Distrito Federal.",0,Sem indício cadastral crítico,FOUND,ATIVA,22,49,12375.50,10014.789189,11435.329101648113,0.2064,Comportamento esperado
664,204492,Paulo Guedes,PT,MG,Outros,Manutenção De Escritório De Apoio À Atividade Parlamentar,0,Sem indício cadastral crítico,FOUND,ATIVA,3,72,148563.27,123562.947566,162703.54342443834,0.1537,Comportamento esperado
500,229082,Lucyana Genésio,PDT,MA,Hotéis,"Hospedagem ,exceto Do Parlamentar No Distrito Federal.",0,Sem indício cadastral crítico,FOUND,ATIVA,4,7,4214.00,16546.215714,24945.906621691578,-0.4944,Comportamento esperado
848,74283,Vicentinho,PT,SP,Combustível,Combustíveis E Lubrificantes.,1,Situação cadastral não ativa: BAIXADA,FOUND,BAIXADA,1,1,180.00,42192.750821,64034.19773844777,-0.6561,Fornecedor com CNPJ suspeito
637,141515,Otavio Leite,PSDB,RJ,Publicidade,Divulgação Da Atividade Parlamentar.,0,Sem indício cadastral crítico,FOUND,ATIVA,1,6,21542.00,226781.355120,259582.44863584734,-0.7907,Comportamento esperado
492,138286,Luciano Alves,PSD,PR,Comunicação,Telefonia,0,Sem indício cadastral crítico,FOUND,ATIVA,3,9,3758.06,10984.091277,13121.60062975809,-0.5507,Comportamento esperado
62,160553,Antonio Brito,PSD,BA,Combustível,Combustíveis E Lubrificantes.,1,Situação cadastral não ativa: BAIXADA,FOUND,BAIXADA,1,1,150.00,76280.976842,110667.4963849575,-0.6879,Fornecedor com CNPJ suspeito
73,160665,Augusto Coutinho,REPUBLICANOS,PE,Outros,Manutenção De Escritório De Apoio À Atividade Parlamentar,1,Erro na consulta pública de CNPJ,ERROR,,1,1,722.30,90785.734524,140277.34198893898,-0.642,Fornecedor com CNPJ suspeito
705,204467,Professora Rosa Neide,PT,MT,Outros,"Passagens Terrestres, Marítimas Ou Fluviais",0,Sem indício cadastral crítico,FOUND,ATIVA,1,1,153.22,342.182500,259.3180178165137,-0.7287,Comportamento esperado
431,74079,José Priante,MDB,PA,Combustível,Combustíveis E Lubrificantes.,0,Sem indício cadastral crítico,FOUND,ATIVA,11,45,7921.10,39488.928400,62234.56368268833,-0.5072,Comportamento esperado
198,220652,Delegado Palumbo,PODE,SP,Outros,Manutenção De Escritório De Apoio À Atividade Parlamentar,0,Documento não consultado por não ser CNPJ,NOT_APPLICABLE,,2,39,247158.00,98538.487659,143509.98800071477,1.0356,Comportamento esperado
750,223128,Rodrigo Estacho,PSD,PR,Outros,"Passagens Terrestres, Marítimas Ou Fluviais",1,Situação cadastral não ativa: BAIXADA,FOUND,BAIXADA,1,1,61.11,1895.154815,2124.8795888027494,-0.8631,Fornecedor com CNPJ suspeito
291,220646,Felipe Becari,PODE,SP,Hotéis,"Hospedagem ,exceto Do Parlamentar No Distrito Federal.",0,Sem indício cadastral crítico,FOUND,ATIVA,3,5,1307.85,10014.789189,11435.329101648113,-0.7614,Comportamento esperado
265,234406,Elmano Férrer,PP,PI,Outros,Manutenção De Escritório De Apoio À Atividade Parlamentar,0,Sem indício cadastral crítico,FOUND,ATIVA,1,3,18000.00,64892.367419,74159.10998309037,-0.6323,Comportamento esperado
666,220685,Paulo Litro,UNIÃO,PR,Combustível,Combustíveis E Lubrificantes.,0,Sem indício cadastral crítico,FOUND,ATIVA,193,715,209987.11,57944.345500,82353.4495793919,1.8462,Comportamento esperado
167,220629,Dandara,PT,MG,Outros,"Serviço De Táxi, Pedágio E Estacionamento",0,Sem indício cadastral crítico,FOUND,ATIVA,13,104,1676.88,5572.245385,10370.293242628488,-0.3756,Comportamento esperado
692,73486,Pompeo De Mattos,PDT,RS,Publicidade,Divulgação Da Atividade Parlamentar.,0,Sem indício cadastral crítico,FOUND,ATIVA,61,349,724559.43,215724.063125,265101.600265673,1.9194,Comportamento esperado
534,146788,Marcelo Aro,PP,MG,Combustível,Combustíveis E Lubrificantes.,0,Sem indício cadastral crítico,FOUND,ATIVA,29,86,24925.89,65306.104375,92314.0005265802,-0.4374,Comportamento esperado
149,220666,Coronel Meira,PL,PE,Outros,"Serviço De Táxi, Pedágio E Estacionamento",0,Sem indício cadastral crítico,FOUND,ATIVA,7,288,59740.04,5084.056842,13620.11056577697,4.0129,Anomalia financeira extrema
381,178884,Hildo Rocha,MDB,MA,Viagens,Passagem Aérea - Sigepa,,,,,0,130,175090.87,132207.227045,122458.5508602934,0.3502,Comportamento esperado
183,205548,David Miranda,PDT,RJ,Combustível,Combustíveis E Lubrificantes.,0,Sem indício cadastral crítico,FOUND,ATIVA,21,39,11328.08,44023.319398,62812.667137756165,-0.5205,Comportamento esperado
830,204519,Tiago Mitraud,NOVO,MG,Outros,"Serviço De Táxi, Pedágio E Estacionamento",1,Situação cadastral não ativa: BAIXADA,FOUND,BAIXADA,1,20,805.08,5572.245385,10370.293242628488,-0.4597,Fornecedor com CNPJ suspeito
687,204406,Pedro Westphalen,PP,RS,Outros,"Serviço De Táxi, Pedágio E Estacionamento",0,Sem indício cadastral crítico,FOUND,ATIVA,7,50,10798.47,10192.084923,16137.89190584743,0.0376,Comportamento esperado
459,204550,Júnior Mano,PL,CE,Serviços profissionais,"Consultorias, Pesquisas E Trabalhos Técnicos.",0,Sem indício cadastral crítico,FOUND,ATIVA,3,10,217268.40,67459.660000,60466.2251856053,2.4776,Possível anomalia financeira
115,204361,Carlos Chiodini,MDB,SC,Publicidade,Divulgação Da Atividade Parlamentar.,0,Sem indício cadastral crítico,FOUND,ATIVA,10,42,160090.00,148561.773265,217765.15459275612,0.0529,Comportamento esperado
163,141411,Dagoberto Nogueira,PP,MS,Outros,Serviço De Segurança Prestado Por Empresa Especializada.,0,Sem indício cadastral crítico,FOUND,ATIVA,1,15,27601.69,13983.610000,12361.52440764892,1.1017,Comportamento esperado
418,178857,Jorge Solla,PT,BA,Combustível,Combustíveis E Lubrificantes.,1,Situação cadastral não ativa: BAIXADA,FOUND,BAIXADA,8,20,4202.37,76280.976842,110667.4963849575,-0.6513,Fornecedor com CNPJ suspeito
348,178996,Giovani Feltes,MDB,RS,Publicidade,Divulgação Da Atividade Parlamentar.,1,Situação cadastral não ativa: BAIXADA,FOUND,BAIXADA,2,4,5900.00,215724.063125,265101.600265673,-0.7915,Fornecedor com CNPJ suspeito
736,213274,Ricardo Silva,PSD,SP,Viagens,Passagem Aérea - Reembolso,0,Sem indício cadastral crítico,FOUND,ATIVA,3,38,39012.80,9758.571000,11443.414965885137,2.5564,Possível anomalia financeira
852,141555,Vinicius Carvalho,PL,SP,Locomoção,Locação Ou Fretamento De Veículos Automotores,0,Sem indício cadastral crítico,FOUND,ATIVA,7,45,147648.80,147254.510948,139673.23431152088,0.0028,Comportamento esperado
656,141516,Paulo Abi-ackel,PSDB,MG,Viagens,Passagem Aérea - Rpa,0,Sem indício cadastral crítico,FOUND,ATIVA,3,12,15188.02,40253.940526,63478.97879162227,-0.3949,Comportamento esperado
700,204565,Professora Dayane Pimentel,UNIÃO,BA,Locomoção,Locação Ou Fretamento De Veículos Automotores,0,Sem indício cadastral crítico,FOUND,ATIVA,2,17,95280.00,292409.611930,213979.496522466,-0.9213,Comportamento esperado
102,143942,Caio Vianna,PSD,RJ,Locomoção,Locação Ou Fretamento De Veículos Automotores,0,Sem indício cadastral crítico,FOUND,ATIVA,2,21,152100.00,162239.394390,163272.60476613723,-0.0621,Comportamento esperado
646,160642,Pastor Eurico,PSDB,PE,Viagens,Passagem Aérea - Reembolso,0,Sem indício cadastral crítico,FOUND,ATIVA,5,20,49475.85,7471.163333,10016.291980131698,4.1936,Anomalia financeira extrema
333,204527,Geninho Zuliani,UNIÃO,SP,Publicidade,Divulgação Da Atividade Parlamentar.,1,Situação cadastral não ativa: INAPTA,FOUND,INAPTA,1,8,7535.49,243741.226243,313657.1515008437,-0.7531,Fornecedor com CNPJ suspeito
178,220557,Daniela Reinehr,PL,SC,Publicidade,Divulgação Da Atividade Parlamentar.,0,Sem indício cadastral crítico,FOUND,ATIVA,44,156,465375.51,148561.773265,217765.15459275612,1.4548,Comportamento esperado
666,220685,Paulo Litro,UNIÃO,PR,Publicidade,Divulgação Da Atividade Parlamentar.,0,Sem indício cadastral crítico,FOUND,ATIVA,19,75,880980.99,263664.052022,329972.5348930845,1.8708,Comportamento esperado
185,220659,Dayany Bittencourt,UNIÃO,CE,Combustível,Combustíveis E Lubrificantes.,1,CNPJ não encontrado na API pública,NOT_FOUND,,2,4,400.00,41977.960833,76764.60304100714,-0.5416,Fornecedor com CNPJ suspeito
313,204510,Franco Cartafina,PP,MG,Locomoção,Locação Ou Fretamento De Veículos Automotores,0,Sem indício cadastral crítico,FOUND,ATIVA,1,15,69434.00,199358.988889,190617.58878325575,-0.6816,Comportamento esperado
262,204389,Elias Vaz,PSB,GO,Outros,Manutenção De Escritório De Apoio À Atividade Parlamentar,0,Sem indício cadastral crítico,FOUND,ATIVA,1,1,357.00,100447.486545,162486.21407041358,-0.616,Comportamento esperado
270,161550,Emidinho Madeira,PL,MG,Outros,"Serviço De Táxi, Pedágio E Estacionamento",0,Sem indício cadastral crítico,FOUND,ATIVA,8,369,22696.91,5572.245385,10370.293242628488,1.6513,Comportamento esperado
449,74253,Julio Lopes,PP,RJ,Combustível,Combustíveis E Lubrificantes.,0,Sem indício cadastral crítico,FOUND,ATIVA,40,318,290785.78,44023.319398,62812.667137756165,3.9285,Anomalia financeira extrema
795,204557,Sidney Leite,PSD,AM,Viagens,Passagem Aérea - Sigepa,,,,,0,442,453992.45,248402.612308,165221.2328718048,1.2443,Comportamento esperado
168,220603,Dani Cunha,PL,RJ,Outros,Manutenção De Escritório De Apoio À Atividade Parlamentar,0,Sem indício cadastral crítico,FOUND,ATIVA,6,98,382042.47,80988.593819,134414.71100556676,2.2397,Possível anomalia financeira
759,160629,Romero Rodrigues,PODE,PB,Locomoção,Locação Ou Fretamento De Veículos Automotores,1,Situação cadastral não ativa: BAIXADA,FOUND,BAIXADA,1,12,53400.00,197980.822174,165434.59936969794,-0.8739,Fornecedor com CNPJ suspeito
243,220623,Duda Salabert,PSOL,MG,Viagens,Passagem Aérea - Sigepa,,,,,0,448,462419.48,195216.599630,167832.49260588933,1.5921,Comportamento esperado
354,74419,Gonzaga Patriota,PSB,PE,Viagens,Passagem Aérea - Sigepa,,,,,0,108,119478.64,221741.150682,163177.94412569836,-0.6267,Comportamento esperado
249,74655,Eduardo Barbosa,PSDB,MG,Outros,Manutenção De Escritório De Apoio À Atividade Parlamentar,0,Sem indício cadastral crítico,FOUND,ATIVA,10,81,60883.26,123562.947566,162703.54342443834,-0.3852,Comportamento esperado
202,178908,Delegado Éder Mauro,PL,PA,Viagens,Passagem Aérea - Rpa,0,Sem indício cadastral crítico,FOUND,ATIVA,3,130,190695.44,40638.794706,54559.71826891466,2.7503,Possível anomalia financeira
602,81055,Márcio Jerry,PCDOB,MA,Combustível,Combustíveis E Lubrificantes.,1,Situação cadastral não ativa: BAIXADA,FOUND,BAIXADA,3,100,16665.52,34895.172615,52384.05405357016,-0.348,Fornecedor com CNPJ suspeito
51,220676,Andreia Siqueira,PSB,PA,Outros,Manutenção De Escritório De Apoio À Atividade Parlamentar,0,Sem indício cadastral crítico,FOUND,ATIVA,6,42,27788.00,42888.542571,70113.4772677672,-0.2154,Comportamento esperado
568,204566,Marreca Filho,PRD,MA,Comunicação,Telefonia,0,Sem indício cadastral crítico,FOUND,ATIVA,4,53,18910.20,18512.680625,18171.321371846523,0.0219,Comportamento esperado
801,220569,Silvye Alves,UNIÃO,GO,Hotéis,"Hospedagem ,exceto Do Parlamentar No Distrito Federal.",0,Sem indício cadastral crítico,FOUND,ATIVA,5,10,5590.92,7024.380500,8737.204954294128,-0.1641,Comportamento esperado
78,178975,Baleia Rossi,MDB,SP,Publicidade,Divulgação Da Atividade Parlamentar.,0,Sem indício cadastral crítico,FOUND,ATIVA,3,20,80149.10,243741.226243,313657.1515008437,-0.5216,Comportamento esperado
766,204357,Rose Modesto,UNIÃO,MS,Outros,Manutenção De Escritório De Apoio À Atividade Parlamentar,0,Documento não consultado por não ser CNPJ,NOT_APPLICABLE,,1,13,49400.00,74966.746667,80602.5088063342,-0.3172,Comportamento esperado
179,160528,Danilo Cabral,PSB,PE,Comunicação,Telefonia,0,Sem indício cadastral crítico,FOUND,ATIVA,2,13,5247.81,10941.974167,12252.099914667077,-0.4648,Comportamento esperado
848,74283,Vicentinho,PT,SP,Publicidade,Divulgação Da Atividade Parlamentar.,1,Erro na consulta pública de CNPJ,ERROR,,1,9,1297.26,243741.226243,313657.1515008437,-0.773,Fornecedor com CNPJ suspeito
706,220586,Rafael Brito,MDB,AL,Outros,Serviços Postais,0,Sem indício cadastral crítico,FOUND,ATIVA,2,4,1357.55,752.275000,855.9881139653751,0.7071,Comportamento esperado
97,160589,Bruna Furlan,PSDB,SP,Viagens,Passagem Aérea - Rpa,0,Sem indício cadastral crítico,FOUND,ATIVA,1,1,2694.46,24943.515352,36157.13967829913,-0.6153,Comportamento esperado
243,220623,Duda Salabert,PSOL,MG,Locomoção,Locação Ou Fretamento De Veículos Automotores,0,Sem indício cadastral crítico,FOUND,ATIVA,4,38,179673.27,199358.988889,190617.58878325575,-0.1033,Comportamento esperado
371,220537,Helena Lima,PSD,RR,Viagens,Passagem Aérea - Reembolso,0,Sem indício cadastral crítico,FOUND,ATIVA,1,1,1750.00,23419.147778,50067.63598784218,-0.4328,Comportamento esperado
662,160558,Paulo Freire Costa,PL,SP,Outros,Manutenção De Escritório De Apoio À Atividade Parlamentar,1,Situação cadastral não ativa: BAIXADA,FOUND,BAIXADA,1,2,370.00,98538.487659,143509.98800071477,-0.6841,Fornecedor com CNPJ suspeito
600,221183,Márcio Dória,PCDOB,SE,Combustível,Combustíveis E Lubrificantes.,0,Sem indício cadastral crítico,FOUND,ATIVA,2,4,632.98,53493.520741,82556.56454059949,-0.6403,Comportamento esperado
624,178986,Nilto Tatto,PT,SP,Outros,"Serviço De Táxi, Pedágio E Estacionamento",0,Sem indício cadastral crítico,FOUND,ATIVA,7,899,45918.79,11967.060840,16796.655097373645,2.0213,Possível anomalia financeira
384,160674,Hugo Motta,REPUBLICANOS,PB,Combustível,Combustíveis E Lubrificantes.,0,Sem indício cadastral crítico,FOUND,ATIVA,84,490,256597.60,61582.608974,85760.8839439169,2.2739,Possível anomalia financeira
872,220592,Zezinho Barbary,PP,AC,Combustível,Combustíveis E Lubrificantes.,0,Sem indício cadastral crítico,FOUND,ATIVA,53,264,180357.72,74559.202308,89345.09325877228,1.1842,Comportamento esperado
73,160665,Augusto Coutinho,REPUBLICANOS,PE,Publicidade,Assinatura De Publicações,0,Sem indício cadastral crítico,FOUND,ATIVA,3,10,4065.76,1262.036000,1247.3031245157156,2.2478,Possível anomalia financeira
16,204549,Aj Albuquerque,PP,CE,Publicidade,Divulgação Da Atividade Parlamentar.,0,Sem indício cadastral crítico,FOUND,ATIVA,14,66,396025.81,263931.285395,366906.3702021798,0.36,Comportamento esperado
580,75431,Maurício Dziedricki,PODE,RS,Viagens,Passagem Aérea - Sigepa,,,,,0,83,105769.85,223297.576531,126627.95953182003,-0.9281,Comportamento esperado
403,220567,Jeferson Rodrigues,PSDB,GO,Combustível,Combustíveis E Lubrificantes.,0,Sem indício cadastral crítico,FOUND,ATIVA,3,49,228974.57,65044.277593,95738.05404592726,1.7123,Comportamento esperado
250,204541,Eduardo Bismarck,PV,CE,Alimentação,Fornecimento De Alimentação Do Parlamentar,0,Sem indício cadastral crítico,FOUND,ATIVA,39,76,5621.08,4778.337742,9185.089924635726,0.0918,Comportamento esperado
818,220682,Tadeu Veneri,PT,PR,Outros,Manutenção De Escritório De Apoio À Atividade Parlamentar,0,Sem indício cadastral crítico,FOUND,ATIVA,9,128,71522.22,86193.122500,116860.66498214444,-0.1255,Comportamento esperado
779,220631,Samuel Viana,UNIÃO,MG,Outros,"Serviço De Táxi, Pedágio E Estacionamento",0,Sem indício cadastral crítico,FOUND,ATIVA,11,400,7902.91,5572.245385,10370.293242628488,0.2247,Comportamento esperado
93,160538,Bohn Gass,PT,RS,Outros,"Serviço De Táxi, Pedágio E Estacionamento",1,Situação cadastral não ativa: BAIXADA,FOUND,BAIXADA,5,27,12672.15,10192.084923,16137.89190584743,0.1537,Fornecedor com CNPJ suspeito
57,133439,André Figueiredo,PDT,CE,Publicidade,Divulgação Da Atividade Parlamentar.,0,Sem indício cadastral crítico,FOUND,ATIVA,9,62,483065.00,263931.285395,366906.3702021798,0.5972,Comportamento esperado
255,220589,Eduardo Velloso,SOLIDARIEDADE,AC,Hotéis,"Hospedagem ,exceto Do Parlamentar No Distrito Federal.",0,Sem indício cadastral crítico,FOUND,ATIVA,33,98,41583.50,11165.562105,15437.148423150342,1.9704,Comportamento esperado
763,204525,Rosana Valle,PL,SP,Publicidade,Divulgação Da Atividade Parlamentar.,0,Sem indício cadastral crítico,FOUND,ATIVA,13,130,432121.71,243741.226243,313657.1515008437,0.6006,Comportamento esperado
648,220615,Pastor Henrique Vieira,PSOL,RJ,Publicidade,Divulgação Da Atividade Parlamentar.,1,Situação cadastral não ativa: INAPTA,FOUND,INAPTA,1,1,4400.00,226781.355120,259582.44863584734,-0.8567,Fornecedor com CNPJ suspeito
101,93083,Cacá Leão,PP,BA,Viagens,Passagem Aérea - Sigepa,,,,,0,91,96413.25,219376.223091,157819.4558803826,-0.7791,Comportamento esperado
800,204425,Silvio Costa Filho,REPUBLICANOS,PE,Locomoção,Locação Ou Fretamento De Veículos Automotores,0,Sem indício cadastral crítico,FOUND,ATIVA,1,18,195953.00,220869.240392,185976.71020526288,-0.134,Comportamento esperado
766,204357,Rose Modesto,UNIÃO,MS,Publicidade,Divulgação Da Atividade Parlamentar.,0,Sem indício cadastral crítico,FOUND,ATIVA,3,13,135272.50,244824.753226,352025.1744174792,-0.3112,Comportamento esperado
717,220606,Reimont,PT,RJ,Hotéis,"Hospedagem ,exceto Do Parlamentar No Distrito Federal.",0,Sem indício cadastral crítico,FOUND,ATIVA,2,2,2596.80,13016.628636,21468.959145470457,-0.4853,Comportamento esperado
871,160592,Zeca Dirceu,PT,PR,Hotéis,"Hospedagem ,exceto Do Parlamentar No Distrito Federal.",0,Sem indício cadastral crítico,FOUND,ATIVA,65,181,96165.06,18419.328649,34024.43115299299,2.285,Possível anomalia financeira
518,74784,Luiza Erundina,PSOL,SP,Hotéis,"Hospedagem ,exceto Do Parlamentar No Distrito Federal.",0,Sem indício cadastral crítico,FOUND,ATIVA,9,26,53351.16,10014.789189,11435.329101648113,3.7897,Anomalia financeira extrema
756,204480,Rogério Correia,PT,MG,Comunicação,Telefonia,0,Sem indício cadastral crítico,FOUND,ATIVA,5,78,51530.23,15607.667083,19082.29985422686,1.8825,Comportamento esperado
453,178886,Juscelino Filho,PSDB,MA,Viagens,Passagem Aérea - Sigepa,,,,,0,34,50115.20,132207.227045,122458.5508602934,-0.6704,Comportamento esperado
823,204466,Tereza Nelma,PSD,AL,Viagens,Passagem Aérea - Rpa,0,Sem indício cadastral crítico,FOUND,ATIVA,2,12,12726.99,21225.077273,32156.183325062724,-0.2643,Comportamento esperado
499,178954,Lucio Mosquini,MDB,RO,Alimentação,Fornecimento De Alimentação Do Parlamentar,0,Sem indício cadastral crítico,FOUND,ATIVA,27,38,2506.32,3332.884500,5228.833199412531,-0.1581,Comportamento esperado
656,141516,Paulo Abi-ackel,PSDB,MG,Outros,"Serviço De Táxi, Pedágio E Estacionamento",0,Sem indício cadastral crítico,FOUND,ATIVA,8,53,875.70,5572.245385,10370.293242628488,-0.4529,Comportamento esperado
588,178985,Miguel Lombardi,PL,SP,Locomoção,Locação Ou Fretamento De Veículos Automotores,0,Sem indício cadastral crítico,FOUND,ATIVA,3,50,243535.00,147254.510948,139673.23431152088,0.6893,Comportamento esperado
249,74655,Eduardo Barbosa,PSDB,MG,Viagens,Passagem Aérea - Sigepa,,,,,0,1,1079.82,195216.599630,167832.49260588933,-1.1567,Comportamento esperado
386,178909,Hélio Leite,UNIÃO,PA,Publicidade,Divulgação Da Atividade Parlamentar.,1,Situação cadastral não ativa: BAIXADA,FOUND,BAIXADA,2,10,52000.00,319971.475333,323849.5425991789,-0.8275,Fornecedor com CNPJ suspeito
364,220568,Gustavo Gayer,PL,GO,Combustível,Combustíveis E Lubrificantes.,1,Situação cadastral não ativa: BAIXADA,FOUND,BAIXADA,4,8,1153.24,65044.277593,95738.05404592726,-0.6674,Fornecedor com CNPJ suspeito
544,118594,Marcelo Squassoni,REPUBLICANOS,SP,Locomoção,Locação Ou Fretamento De Veículos Automotores,0,Sem indício cadastral crítico,FOUND,ATIVA,1,6,28200.00,147254.510948,139673.23431152088,-0.8524,Comportamento esperado
199,220654,Delegado Paulo Bilynskyj,PL,SP,Viagens,Passagem Aérea - Reembolso,0,Sem indício cadastral crítico,FOUND,ATIVA,3,5,14047.54,9758.571000,11443.414965885137,0.3748,Comportamento esperado
35,220576,Alfredo Gaspar,PL,AL,Publicidade,Divulgação Da Atividade Parlamentar.,1,Situação cadastral não ativa: BAIXADA,FOUND,BAIXADA,1,1,1200.00,358459.172381,402499.84210100886,-0.8876,Fornecedor com CNPJ suspeito
284,219920,Fabio Barros,PSB,PE,Viagens,Passagem Aérea - Reembolso,0,Sem indício cadastral crítico,FOUND,ATIVA,1,4,10922.10,7471.163333,10016.291980131698,0.3445,Comportamento esperado
469,178832,Leandre,PSD,PR,Outros,Manutenção De Escritório De Apoio À Atividade Parlamentar,0,Sem indício cadastral crítico,FOUND,ATIVA,12,76,78312.10,86193.122500,116860.66498214444,-0.0674,Comportamento esperado
601,220687,Márcio Honaiser,SOLIDARIEDADE,MA,Hotéis,"Hospedagem ,exceto Do Parlamentar No Distrito Federal.",0,Sem indício cadastral crítico,FOUND,ATIVA,7,20,26636.04,16546.215714,24945.906621691578,0.4045,Comportamento esperado
20,220538,Albuquerque,REPUBLICANOS,RR,Outros,"Serviço De Táxi, Pedágio E Estacionamento",0,Sem indício cadastral crítico,FOUND,ATIVA,1,1,48.92,569.325714,496.7686626541957,-1.0476,Comportamento esperado
671,141488,Paulo Teixeira,PT,SP,Combustível,Combustíveis E Lubrificantes.,0,Sem indício cadastral crítico,FOUND,ATIVA,41,49,9911.31,42192.750821,64034.19773844777,-0.5041,Comportamento esperado
856,178992,Vitor Lippi,PSD,SP,Combustível,Combustíveis E Lubrificantes.,0,Sem indício cadastral crítico,FOUND,ATIVA,139,777,188203.70,42192.750821,64034.19773844777,2.2802,Possível anomalia financeira
322,220653,Fábio Teruel,MDB,SP,Alimentação,Fornecimento De Alimentação Do Parlamentar,0,Sem indício cadastral crítico,FOUND,ATIVA,24,92,6805.16,3366.001170,5609.697337170304,0.6131,Comportamento esperado
230,204439,Dr. Leonardo,REPUBLICANOS,MT,Viagens,Passagem Aérea - Sigepa,,,,,0,93,118438.06,116334.207895,92091.32039496631,0.0228,Comportamento esperado
682,204395,Pedro Lupion,PP,PR,Viagens,Passagem Aérea - Sigepa,,,,,0,96,123515.75,173223.575536,125997.34942419773,-0.3945,Comportamento esperado
177,204459,Daniela Do Waguinho,UNIÃO,RJ,Viagens,Passagem Aérea - Rpa,0,Sem indício cadastral crítico,FOUND,ATIVA,2,58,84160.65,24365.871064,36425.48190750471,1.6416,Comportamento esperado
662,160558,Paulo Freire Costa,PL,SP,Outros,Manutenção De Escritório De Apoio À Atividade Parlamentar,0,Sem indício cadastral crítico,FOUND,ATIVA,3,43,195088.10,98538.487659,143509.98800071477,0.6728,Comportamento esperado
49,220556,Ana Paula Lima,PT,SC,Outros,Manutenção De Escritório De Apoio À Atividade Parlamentar,0,Sem indício cadastral crítico,FOUND,ATIVA,8,147,53335.34,70964.571200,106769.4367602354,-0.1651,Comportamento esperado
439,141459,João Maia,PL,RN,Outros,Manutenção De Escritório De Apoio À Atividade Parlamentar,0,Sem indício cadastral crítico,FOUND,ATIVA,2,26,33022.60,114159.151154,175330.5134804051,-0.4628,Comportamento esperado
316,204393,Frei Anastacio Ribeiro,PT,PB,Outros,Serviço De Segurança Prestado Por Empresa Especializada.,0,Sem indício cadastral crítico,FOUND,ATIVA,1,11,2390.67,23461.340000,30668.444494610416,-0.687,Comportamento esperado
256,141422,Efraim Filho,UNIÃO,PB,Locomoção,Locação Ou Fretamento De Veículos Automotores,0,Sem indício cadastral crítico,FOUND,ATIVA,2,16,109852.00,197980.822174,165434.59936969794,-0.5327,Comportamento esperado
612,204449,Nelson Barbudo,PL,MT,Hotéis,"Hospedagem ,exceto Do Parlamentar No Distrito Federal.",0,Sem indício cadastral crítico,FOUND,ATIVA,9,16,3475.00,20380.542308,35609.06873470771,-0.4748,Comportamento esperado
149,220666,Coronel Meira,PL,PE,Outros,Manutenção De Escritório De Apoio À Atividade Parlamentar,0,Documento não consultado por não ser CNPJ,NOT_APPLICABLE,,1,36,167159.43,90785.734524,140277.34198893898,0.5444,Comportamento esperado
797,204360,Silvia Cristina,PP,RO,Publicidade,Divulgação Da Atividade Parlamentar.,1,Situação cadastral não ativa: INAPTA,FOUND,INAPTA,1,2,1000.00,289552.191071,359934.1329827757,-0.8017,Fornecedor com CNPJ suspeito
123,220704,Carol Dartora,PT,PR,Hotéis,"Hospedagem ,exceto Do Parlamentar No Distrito Federal.",0,Sem indício cadastral crítico,FOUND,ATIVA,37,102,45136.79,18419.328649,34024.43115299299,0.7852,Comportamento esperado
496,178931,Luciano Ducci,PSB,PR,Locomoção,Locação Ou Fretamento De Veículos Automotores,0,Sem indício cadastral crítico,FOUND,ATIVA,2,96,242067.65,113439.957419,130977.93601797776,0.9821,Comportamento esperado
126,204380,Celina Leão,PP,DF,Combustível,Combustíveis E Lubrificantes.,0,Sem indício cadastral crítico,FOUND,ATIVA,19,39,17156.95,33372.670769,51515.7382887601,-0.3148,Comportamento esperado
107,178829,Capitão Augusto,PL,SP,Combustível,Combustíveis E Lubrificantes.,1,Situação cadastral não ativa: BAIXADA,FOUND,BAIXADA,7,14,2609.44,42192.750821,64034.19773844777,-0.6182,Fornecedor com CNPJ suspeito
304,220545,Filipe Martins,PL,TO,Viagens,Passagem Aérea - Reembolso,0,Sem indício cadastral crítico,FOUND,ATIVA,1,1,1151.80,4645.874444,4227.848303939934,-0.8264,Comportamento esperado
390,204508,Igor Timo,PODE,MG,Serviços profissionais,"Consultorias, Pesquisas E Trabalhos Técnicos.",0,Sem indício cadastral crítico,FOUND,ATIVA,1,9,5391.00,50370.301935,57079.85828457048,-0.788,Comportamento esperado
435,141458,João Carlos Bacelar,PL,BA,Viagens,Passagem Aérea - Rpa,0,Sem indício cadastral crítico,FOUND,ATIVA,2,6,8574.00,31763.658913,54219.86604798766,-0.4277,Comportamento esperado
353,229333,Gláucia Santiago,PL,MG,Outros,Manutenção De Escritório De Apoio À Atividade Parlamentar,0,Documento não consultado por não ser CNPJ,NOT_APPLICABLE,,1,5,23400.00,123562.947566,162703.54342443834,-0.6156,Comportamento esperado
231,204351,Dr. Luiz Ovando,PP,MS,Outros,Serviços Postais,0,Sem indício cadastral crítico,FOUND,ATIVA,2,3,758.15,457.525000,425.1479521884117,0.7071,Comportamento esperado
254,141421,Eduardo Da Fonte,PP,PE,Serviços profissionais,"Consultorias, Pesquisas E Trabalhos Técnicos.",1,Situação cadastral não ativa: BAIXADA,FOUND,BAIXADA,2,3,15354.85,33394.939474,25891.938420366478,-0.6967,Fornecedor com CNPJ suspeito
248,204421,Edna Henrique,REPUBLICANOS,PB,Publicidade,Divulgação Da Atividade Parlamentar.,1,Situação cadastral não ativa: BAIXADA,FOUND,BAIXADA,3,18,80150.00,324815.111538,407718.48875224456,-0.6001,Fornecedor com CNPJ suspeito
470,220600,Lebrão,UNIÃO,RO,Outros,Manutenção De Escritório De Apoio À Atividade Parlamentar,0,Documento não consultado por não ser CNPJ,NOT_APPLICABLE,,1,20,30000.00,40149.183103,63678.43736701476,-0.1594,Comportamento esperado
20,220538,Albuquerque,REPUBLICANOS,RR,Outros,Manutenção De Escritório De Apoio À Atividade Parlamentar,0,Documento não consultado por não ser CNPJ,NOT_APPLICABLE,,1,4,80000.00,80921.562903,170825.55022261123,-0.0054,Comportamento esperado
12,136811,Afonso Hamm,PP,RS,Combustível,Combustíveis E Lubrificantes.,0,Sem indício cadastral crítico,FOUND,ATIVA,386,1541,284232.05,60520.148547,97388.05968907535,2.2971,Possível anomalia financeira
209,178929,Diego Garcia,REPUBLICANOS,PR,Viagens,Passagem Aérea - Sigepa,,,,,0,90,123763.60,173223.575536,125997.34942419773,-0.3925,Comportamento esperado
597,220584,Murilo Galdino,REPUBLICANOS,PB,Combustível,Combustíveis E Lubrificantes.,0,Sem indício cadastral crítico,FOUND,ATIVA,156,488,142033.87,61582.608974,85760.8839439169,0.9381,Comportamento esperado
396,73531,Ivan Valente,PSOL,SP,Outros,"Serviço De Táxi, Pedágio E Estacionamento",0,Sem indício cadastral crítico,FOUND,ATIVA,13,379,9155.74,11967.060840,16796.655097373645,-0.1674,Comportamento esperado
496,178931,Luciano Ducci,PSB,PR,Comunicação,Telefonia,0,Sem indício cadastral crítico,FOUND,ATIVA,3,88,32798.96,10984.091277,13121.60062975809,1.6625,Comportamento esperado
364,220568,Gustavo Gayer,PL,GO,Viagens,Passagem Aérea - Rpa,0,Sem indício cadastral crítico,FOUND,ATIVA,3,35,28600.94,7640.432500,13977.443613177566,1.4996,Comportamento esperado
625,227660,Nitinho,PSD,SE,Combustível,Combustíveis E Lubrificantes.,0,Sem indício cadastral crítico,FOUND,ATIVA,49,84,27186.78,53493.520741,82556.56454059949,-0.3187,Comportamento esperado
97,160589,Bruna Furlan,PSDB,SP,Outros,Manutenção De Escritório De Apoio À Atividade Parlamentar,0,Sem indício cadastral crítico,FOUND,ATIVA,3,7,3213.75,98538.487659,143509.98800071477,-0.6642,Comportamento esperado
504,204410,Luisa Canziani,UNIÃO,PR,Hotéis,"Hospedagem ,exceto Do Parlamentar No Distrito Federal.",0,Sem indício cadastral crítico,FOUND,ATIVA,23,53,18556.91,18419.328649,34024.43115299299,0.004,Comportamento esperado
802,220651,Simone Marquetto,PP,SP,Outros,Manutenção De Escritório De Apoio À Atividade Parlamentar,0,Documento não consultado por não ser CNPJ,NOT_APPLICABLE,,1,15,29982.46,98538.487659,143509.98800071477,-0.4777,Comportamento esperado
414,217480,Jones Moura,PSD,RJ,Outros,Manutenção De Escritório De Apoio À Atividade Parlamentar,0,Sem indício cadastral crítico,FOUND,ATIVA,10,73,78244.51,80988.593819,134414.71100556676,-0.0204,Comportamento esperado
616,220703,Neto Carletto,AVANTE,BA,Locomoção,Locação Ou Fretamento De Veículos Automotores,0,Sem indício cadastral crítico,FOUND,ATIVA,2,30,304721.19,292409.611930,213979.496522466,0.0575,Comportamento esperado
303,204411,Filipe Barros,PL,PR,Hotéis,"Hospedagem ,exceto Do Parlamentar No Distrito Federal.",0,Sem indício cadastral crítico,FOUND,ATIVA,49,225,249017.91,18419.328649,34024.43115299299,6.7774,Anomalia financeira extrema
676,215045,Pedro Augusto Palareti,PP,RJ,Alimentação,Fornecimento De Alimentação Do Parlamentar,0,Sem indício cadastral crítico,FOUND,ATIVA,13,35,3451.68,5314.154545,11413.915891543053,-0.1632,Comportamento esperado
151,222142,Coronel Telhada,PP,SP,Locomoção,Locação Ou Fretamento De Veículos Automotores,0,Sem indício cadastral crítico,FOUND,ATIVA,1,21,91537.64,147254.510948,139673.23431152088,-0.3989,Comportamento esperado
504,204410,Luisa Canziani,UNIÃO,PR,Publicidade,Divulgação Da Atividade Parlamentar.,0,Sem indício cadastral crítico,FOUND,ATIVA,28,95,554208.00,263664.052022,329972.5348930845,0.8805,Comportamento esperado
585,220585,Mersinho Lucena,PSD,PB,Viagens,Passagem Aérea - Sigepa,,,,,0,176,223885.10,168235.151250,151254.20824234045,0.3679,Comportamento esperado
492,138286,Luciano Alves,PSD,PR,Outros,"Serviço De Táxi, Pedágio E Estacionamento",0,Sem indício cadastral crítico,FOUND,ATIVA,10,89,3069.38,5713.999474,13397.131596894355,-0.1974,Comportamento esperado
68,73433,Arlindo Chinaglia,PT,SP,Outros,"Serviço De Táxi, Pedágio E Estacionamento",0,Sem indício cadastral crítico,FOUND,ATIVA,25,217,46906.79,11967.060840,16796.655097373645,2.0802,Possível anomalia financeira
858,91228,Waldemar Oliveira,AVANTE,PE,Alimentação,Fornecimento De Alimentação Do Parlamentar,0,Sem indício cadastral crítico,FOUND,ATIVA,3,21,1745.91,3487.092941,8073.709935566787,-0.2157,Comportamento esperado
860,178952,Walter Alves,MDB,RN,Outros,Manutenção De Escritório De Apoio À Atividade Parlamentar,0,Sem indício cadastral crítico,FOUND,ATIVA,7,59,36015.74,114159.151154,175330.5134804051,-0.4457,Comportamento esperado
452,204574,Junior Lourenço,MDB,MA,Comunicação,Telefonia,0,Sem indício cadastral crítico,FOUND,ATIVA,2,60,21378.17,18512.680625,18171.321371846523,0.1577,Comportamento esperado
145,204376,Coronel Armando,PL,SC,Publicidade,Divulgação Da Atividade Parlamentar.,0,Sem indício cadastral crítico,FOUND,ATIVA,2,6,70773.00,148561.773265,217765.15459275612,-0.3572,Comportamento esperado
424,204563,Josimar Maranhãozinho,PL,MA,Publicidade,Divulgação Da Atividade Parlamentar.,0,Sem indício cadastral crítico,FOUND,ATIVA,9,81,944829.00,299945.123175,386285.4495039867,1.6694,Comportamento esperado
622,209787,Nikolas Ferreira,PL,MG,Hotéis,"Hospedagem ,exceto Do Parlamentar No Distrito Federal.",0,Sem indício cadastral crítico,FOUND,ATIVA,5,8,2796.15,17018.453084,26330.369533202334,-0.5401,Comportamento esperado
713,115200,Raniery Paulino,REPUBLICANOS,PB,Viagens,Passagem Aérea - Sigepa,,,,,0,6,3051.28,168235.151250,151254.20824234045,-1.0921,Comportamento esperado
873,220552,Zucco,PL,RS,Outros,Manutenção De Escritório De Apoio À Atividade Parlamentar,1,Erro na consulta pública de CNPJ,ERROR,,1,7,482.93,109428.142500,149558.61424927576,-0.7284,Fornecedor com CNPJ suspeito
787,226837,Saulo Pedroso,PSD,SP,Viagens,Passagem Aérea - Reembolso,0,Sem indício cadastral crítico,FOUND,ATIVA,2,3,6704.12,9758.571000,11443.414965885137,-0.2669,Comportamento esperado
32,204503,Alexandre Padilha,PT,SP,Outros,Manutenção De Escritório De Apoio À Atividade Parlamentar,0,Sem indício cadastral crítico,FOUND,ATIVA,1,4,1893.10,98538.487659,143509.98800071477,-0.6734,Comportamento esperado
274,204537,Enrico Misasi,MDB,SP,Hotéis,"Hospedagem ,exceto Do Parlamentar No Distrito Federal.",1,Situação cadastral não ativa: BAIXADA,FOUND,BAIXADA,1,1,360.00,10014.789189,11435.329101648113,-0.8443,Fornecedor com CNPJ suspeito
233,178830,Dr. Sinval Malheiros,PODE,SP,Viagens,Passagem Aérea - Sigepa,,,,,0,8,6669.84,185430.171967,136227.76556134285,-1.3122,Comportamento esperado
200,220619,Delegado Ramagem,PL,RJ,Hotéis,"Hospedagem ,exceto Do Parlamentar No Distrito Federal.",0,Sem indício cadastral crítico,FOUND,ATIVA,15,19,17899.32,13016.628636,21468.959145470457,0.2274,Comportamento esperado
428,204472,José Medeiros,PL,MT,Outros,Manutenção De Escritório De Apoio À Atividade Parlamentar,0,Sem indício cadastral crítico,FOUND,ATIVA,10,207,341608.42,55063.669706,75019.05976556618,3.8196,Anomalia financeira extrema
356,198197,Greyce Elias,AVANTE,MG,Outros,Manutenção De Escritório De Apoio À Atividade Parlamentar,0,Sem indício cadastral crítico,FOUND,ATIVA,9,65,44304.84,123562.947566,162703.54342443834,-0.4871,Comportamento esperado
157,204499,Cássio Andrade,PSB,PA,Combustível,Combustíveis E Lubrificantes.,0,Sem indício cadastral crítico,FOUND,ATIVA,15,190,52266.60,39488.928400,62234.56368268833,0.2053,Comportamento esperado
741,220588,Roberto Duarte,REPUBLICANOS,AC,Comunicação,Telefonia,0,Sem indício cadastral crítico,FOUND,ATIVA,9,87,15083.76,4341.214167,4755.124320798006,2.2592,Possível anomalia financeira
275,220663,Eriberto Medeiros,PSB,PE,Combustível,Combustíveis E Lubrificantes.,0,Sem indício cadastral crítico,FOUND,ATIVA,32,312,178797.50,53506.291935,82942.380015203,1.5106,Comportamento esperado
319,220681,Fábio Macedo,PODE,MA,Viagens,Passagem Aérea - Sigepa,,,,,0,71,119009.77,132207.227045,122458.5508602934,-0.1078,Comportamento esperado
143,88256,Clodoaldo Magalhães,PV,PE,Alimentação,Fornecimento De Alimentação Do Parlamentar,0,Sem indício cadastral crítico,FOUND,ATIVA,10,12,1405.04,3487.092941,8073.709935566787,-0.2579,Comportamento esperado
883,123086,Átila Lira,PP,PI,Outros,Manutenção De Escritório De Apoio À Atividade Parlamentar,0,Documento não consultado por não ser CNPJ,NOT_APPLICABLE,,2,33,135080.88,64892.367419,74159.10998309037,0.9465,Comportamento esperado
125,220699,Castro Neto,MDB,PI,Outros,"Serviço De Táxi, Pedágio E Estacionamento",0,Sem indício cadastral crítico,FOUND,ATIVA,2,16,523.81,1131.130000,1001.0474213292796,-0.6067,Comportamento esperado
379,73772,Hermes Parcianello,MDB,PR,Outros,Serviços Postais,0,Sem indício cadastral crítico,FOUND,ATIVA,2,10,1237.14,2362.262000,4411.055170390342,-0.2551,Comportamento esperado
290,66828,Fausto Pinato,UNIÃO,SP,Locomoção,Locação Ou Fretamento De Veículos Automotores,0,Sem indício cadastral crítico,FOUND,ATIVA,1,111,470400.00,147254.510948,139673.23431152088,2.3136,Possível anomalia financeira
525,220566,Lêda Borges,REPUBLICANOS,GO,Publicidade,Divulgação Da Atividade Parlamentar.,0,Sem indício cadastral crítico,FOUND,ATIVA,15,107,649359.00,294423.402917,352090.0693215526,1.0081,Comportamento esperado
11,160508,Afonso Florence,PT,BA,Viagens,Passagem Aérea - Rpa,0,Sem indício cadastral crítico,FOUND,ATIVA,2,46,51748.48,31763.658913,54219.86604798766,0.3686,Comportamento esperado
682,204395,Pedro Lupion,REPUBLICANOS,PR,Locomoção,Locação Ou Fretamento De Veículos Automotores,0,Sem indício cadastral crítico,FOUND,ATIVA,3,47,209394.72,113439.957419,130977.93601797776,0.7326,Comportamento esperado
474,80815,Leo Prates,REPUBLICANOS,BA,Viagens,Passagem Aérea - Sigepa,,,,,0,203,178735.86,219376.223091,157819.4558803826,-0.2575,Comportamento esperado
92,204561,Bira Do Pindaré,PSB,MA,Outros,Manutenção De Escritório De Apoio À Atividade Parlamentar,0,Sem indício cadastral crítico,FOUND,ATIVA,4,30,8558.70,64195.130784,109861.24089764054,-0.5064,Comportamento esperado
240,227800,Duarte Gonçalves Jr,REPUBLICANOS,MG,Viagens,Passagem Aérea - Sigepa,,,,,0,43,48091.64,195216.599630,167832.49260588933,-0.8766,Comportamento esperado
773,178887,Rubens Pereira Júnior,PT,MA,Outros,Manutenção De Escritório De Apoio À Atividade Parlamentar,1,Situação cadastral não ativa: INAPTA,FOUND,INAPTA,1,9,7449.00,64195.130784,109861.24089764054,-0.5165,Fornecedor com CNPJ suspeito
120,204426,Carlos Veras,PT,PE,Viagens,Passagem Aérea - Rpa,0,Sem indício cadastral crítico,FOUND,ATIVA,3,7,3169.05,15238.795000,22485.76149111043,-0.5368,Comportamento esperado
390,204508,Igor Timo,PODE,MG,Comunicação,Telefonia,0,Sem indício cadastral crítico,FOUND,ATIVA,2,29,5975.90,15607.667083,19082.29985422686,-0.5047,Comportamento esperado
802,220651,Simone Marquetto,PP,SP,Combustível,Combustíveis E Lubrificantes.,1,Situação cadastral não ativa: INAPTA,FOUND,INAPTA,1,1,55.32,42192.750821,64034.19773844777,-0.658,Fornecedor com CNPJ suspeito
269,198783,Emanuel Pinheiro Neto,MDB,MT,Hotéis,"Hospedagem ,exceto Do Parlamentar No Distrito Federal.",0,Sem indício cadastral crítico,FOUND,ATIVA,10,18,8164.08,20380.542308,35609.06873470771,-0.3431,Comportamento esperado
592,178895,Misael Varella,PSD,MG,Viagens,Passagem Aérea - Rpa,0,Sem indício cadastral crítico,FOUND,ATIVA,3,63,78564.30,40253.940526,63478.97879162227,0.6035,Comportamento esperado
739,152610,Roberto Alves,REPUBLICANOS,SP,Combustível,Combustíveis E Lubrificantes.,1,Situação cadastral não ativa: BAIXADA,FOUND,BAIXADA,1,2,487.49,42192.750821,64034.19773844777,-0.6513,Fornecedor com CNPJ suspeito
832,197438,Tito,AVANTE,BA,Hotéis,"Hospedagem ,exceto Do Parlamentar No Distrito Federal.",0,Sem indício cadastral crítico,FOUND,ATIVA,8,19,8779.61,14559.116889,26542.375379101115,-0.2177,Comportamento esperado
202,178908,Delegado Éder Mauro,PL,PA,Locomoção,Locação Ou Fretamento De Veículos Automotores,0,Sem indício cadastral crítico,FOUND,ATIVA,2,49,452527.21,121907.551481,147158.0353457022,2.2467,Possível anomalia financeira
39,204400,Aline Sleutjes,PROS,PR,Hotéis,"Hospedagem ,exceto Do Parlamentar No Distrito Federal.",0,Sem indício cadastral crítico,FOUND,ATIVA,28,75,16889.43,18419.328649,34024.43115299299,-0.045,Comportamento esperado
551,160535,Marcon,PT,RS,Combustível,Combustíveis E Lubrificantes.,1,Situação cadastral não ativa: BAIXADA,FOUND,BAIXADA,15,24,6168.87,60520.148547,97388.05968907535,-0.5581,Fornecedor com CNPJ suspeito
862,160518,Weliton Prado,PROS,MG,Viagens,Passagem Aérea - Rpa,0,Sem indício cadastral crítico,FOUND,ATIVA,2,13,14770.64,40253.940526,63478.97879162227,-0.4014,Comportamento esperado
818,220682,Tadeu Veneri,PT,PR,Outros,Manutenção De Escritório De Apoio À Atividade Parlamentar,0,Documento não consultado por não ser CNPJ,NOT_APPLICABLE,,1,36,73755.00,86193.122500,116860.66498214444,-0.1064,Comportamento esperado
181,160552,Danrlei De Deus Hinterholz,PSD,RS,Locomoção,Locação Ou Fretamento De Veículos Automotores,0,Sem indício cadastral crítico,FOUND,ATIVA,3,58,336020.00,182736.733051,177547.8783363845,0.8633,Comportamento esperado
283,234388,Fabiano Cazeca,PRD,MG,Combustível,Combustíveis E Lubrificantes.,0,Sem indício cadastral crítico,FOUND,ATIVA,34,50,10095.00,65306.104375,92314.0005265802,-0.5981,Comportamento esperado
528,151965,Maia Filho,PP,PI,Viagens,Passagem Aérea - Sigepa,,,,,0,5,5896.46,155026.570000,94704.85142824263,-1.5747,Comportamento esperado
118,204460,Carlos Jordy,PL,RJ,Combustível,Combustíveis E Lubrificantes.,0,Sem indício cadastral crítico,FOUND,ATIVA,174,977,196955.84,44023.319398,62812.667137756165,2.4347,Possível anomalia financeira
808,92776,Stefano Aguiar,PSD,MG,Combustível,Combustíveis E Lubrificantes.,0,Sem indício cadastral crítico,FOUND,ATIVA,135,520,122621.78,65306.104375,92314.0005265802,0.6209,Comportamento esperado
371,220537,Helena Lima,PSD,RR,Viagens,Passagem Aérea - Sigepa,,,,,0,227,240059.63,163783.293125,88161.1731168696,0.8652,Comportamento esperado
443,220559,Julia Zanatta,PL,SC,Locomoção,Locação Ou Fretamento De Veículos Automotores,0,Sem indício cadastral crítico,FOUND,ATIVA,6,72,354850.73,154711.621212,151032.92349497412,1.3251,Comportamento esperado
417,214694,Jorge Goetten,REPUBLICANOS,SC,Viagens,Passagem Aérea - Sigepa,,,,,0,279,299202.85,213397.721034,170101.01243018164,0.5044,Comportamento esperado
478,92102,Leur Lomanto Júnior,UNIÃO,BA,Combustível,Combustíveis E Lubrificantes.,0,Sem indício cadastral crítico,FOUND,ATIVA,139,415,121471.63,76280.976842,110667.4963849575,0.4083,Comportamento esperado
193,220649,Delegado Da Cunha,UNIÃO,SP,Viagens,Passagem Aérea - Sigepa,,,,,0,274,210433.25,185430.171967,136227.76556134285,0.1835,Comportamento esperado
830,204519,Tiago Mitraud,NOVO,MG,Viagens,Passagem Aérea - Sigepa,,,,,0,43,28298.62,195216.599630,167832.49260588933,-0.9946,Comportamento esperado
90,204388,Bibo Nunes,PL,RS,Outros,Manutenção De Escritório De Apoio À Atividade Parlamentar,0,Documento não consultado por não ser CNPJ,NOT_APPLICABLE,,1,48,133208.92,109428.142500,149558.61424927576,0.159,Comportamento esperado
298,220656,Fernanda Pessoa,PSD,CE,Viagens,Passagem Aérea - Sigepa,,,,,0,197,225949.60,190828.457826,170630.5409255439,0.2058,Comportamento esperado
177,204459,Daniela Do Waguinho,UNIÃO,RJ,Outros,Manutenção De Escritório De Apoio À Atividade Parlamentar,0,Documento não consultado por não ser CNPJ,NOT_APPLICABLE,,1,10,36200.00,80988.593819,134414.71100556676,-0.3332,Comportamento esperado
524,204547,Léo Motta,REPUBLICANOS,MG,Locomoção,Locação Ou Fretamento De Veículos Automotores,0,Sem indício cadastral crítico,FOUND,ATIVA,2,26,117826.00,199358.988889,190617.58878325575,-0.4277,Comportamento esperado
608,204453,Natália Bonavides,PT,RN,Publicidade,Divulgação Da Atividade Parlamentar.,0,Sem indício cadastral crítico,FOUND,ATIVA,15,117,451009.71,246483.533462,299233.5953313259,0.6835,Comportamento esperado
877,204559,Zé Neto,PT,BA,Outros,Manutenção De Escritório De Apoio À Atividade Parlamentar,0,Sem indício cadastral crítico,FOUND,ATIVA,21,258,330557.21,98257.521290,134321.8726415135,1.7294,Comportamento esperado
337,220587,Gerlen Diniz,PP,AC,Publicidade,Divulgação Da Atividade Parlamentar.,0,Sem indício cadastral crítico,FOUND,ATIVA,14,125,521500.00,295132.464706,394989.3569390969,0.5731,Comportamento esperado
730,215042,Ricardo Da Karol,PDT,RJ,Combustível,Combustíveis E Lubrificantes.,0,Sem indício cadastral crítico,FOUND,ATIVA,7,71,24566.09,44023.319398,62812.667137756165,-0.3098,Comportamento esperado
619,178896,Newton Cardoso Jr,MDB,MG,Viagens,Passagem Aérea - Rpa,0,Sem indício cadastral crítico,FOUND,ATIVA,3,61,72001.92,40253.940526,63478.97879162227,0.5001,Comportamento esperado
438,74550,João Leão,PP,BA,Viagens,Passagem Aérea - Sigepa,,,,,0,188,150348.66,219376.223091,157819.4558803826,-0.4374,Comportamento esperado
728,220543,Ricardo Ayres,REPUBLICANOS,TO,Publicidade,Divulgação Da Atividade Parlamentar.,1,Situação cadastral não ativa: BAIXADA,FOUND,BAIXADA,1,19,38000.00,260231.601071,329408.0872597135,-0.6746,Fornecedor com CNPJ suspeito
469,178832,Leandre,PSD,PR,Locomoção,Locação Ou Fretamento De Veículos Automotores,0,Sem indício cadastral crítico,FOUND,ATIVA,2,16,63517.00,113439.957419,130977.93601797776,-0.3812,Comportamento esperado
50,220632,Ana Pimentel,PT,MG,Alimentação,Fornecimento De Alimentação Do Parlamentar,0,Sem indício cadastral crítico,FOUND,ATIVA,11,27,2074.97,3421.773553,6721.942950865462,-0.2004,Comportamento esperado
676,215045,Pedro Augusto Palareti,PP,RJ,Viagens,Passagem Aérea - Sigepa,,,,,0,42,73567.67,213577.740357,175550.75566941444,-0.7975,Comportamento esperado
510,74041,Luiz Couto,PT,PB,Outros,Manutenção De Escritório De Apoio À Atividade Parlamentar,0,Documento não consultado por não ser CNPJ,NOT_APPLICABLE,,2,42,170205.50,40088.436364,59072.75761932022,2.2027,Possível anomalia financeira
414,217480,Jones Moura,PSD,RJ,Viagens,Passagem Aérea - Reembolso,0,Sem indício cadastral crítico,FOUND,ATIVA,1,2,2837.50,9840.865893,10669.362639943789,-0.6564,Comportamento esperado
103,220548,Camila Jara,PT,MS,Comunicação,Telefonia,0,Sem indício cadastral crítico,FOUND,ATIVA,1,65,16705.19,12463.390000,16925.10623218233,0.2506,Comportamento esperado
612,204449,Nelson Barbudo,PL,MT,Combustível,Combustíveis E Lubrificantes.,1,Situação cadastral não ativa: BAIXADA,FOUND,BAIXADA,2,2,870.64,34330.305532,57340.29977264771,-0.5835,Fornecedor com CNPJ suspeito
483,204382,Loester Trutis,PL,MS,Viagens,Passagem Aérea - Rpa,0,Sem indício cadastral crítico,FOUND,ATIVA,2,11,23579.83,17942.155000,19044.285855017733,0.296,Comportamento esperado
655,220627,Paulinho Freire,UNIÃO,RN,Outros,Manutenção De Escritório De Apoio À Atividade Parlamentar,0,Documento não consultado por não ser CNPJ,NOT_APPLICABLE,,1,23,161000.00,114159.151154,175330.5134804051,0.2672,Comportamento esperado
642,160556,Padre João,PT,MG,Combustível,Combustíveis E Lubrificantes.,1,CNPJ não encontrado na API pública,NOT_FOUND,,2,2,300.00,65306.104375,92314.0005265802,-0.7042,Fornecedor com CNPJ suspeito
68,73433,Arlindo Chinaglia,PT,SP,Alimentação,Fornecimento De Alimentação Do Parlamentar,1,Situação cadastral não ativa: BAIXADA,FOUND,BAIXADA,2,3,160.41,3366.001170,5609.697337170304,-0.5714,Fornecedor com CNPJ suspeito
356,198197,Greyce Elias,AVANTE,MG,Viagens,Passagem Aérea - Rpa,0,Sem indício cadastral crítico,FOUND,ATIVA,2,3,3571.80,40253.940526,63478.97879162227,-0.5779,Comportamento esperado
112,213762,Carla Dickson,UNIÃO,RN,Locomoção,Locação Ou Fretamento De Veículos Automotores,1,Situação cadastral não ativa: BAIXADA,FOUND,BAIXADA,1,2,15767.32,157542.546842,185025.17121572056,-0.7662,Fornecedor com CNPJ suspeito
485,196358,Lourival Gomes,PP,RJ,Outros,"Serviço De Táxi, Pedágio E Estacionamento",0,Sem indício cadastral crítico,FOUND,ATIVA,9,23,174.70,8455.730411,14321.838989715481,-0.5782,Comportamento esperado
45,204356,Amaro Neto,PP,ES,Combustível,Combustíveis E Lubrificantes.,0,Sem indício cadastral crítico,FOUND,ATIVA,68,318,61884.49,49148.417879,67749.62213949014,0.188,Comportamento esperado
4,204379,Acácio Favacho,MDB,AP,Viagens,Passagem Aérea - Sigepa,,,,,0,323,508408.50,180390.483889,137999.8120825282,2.3769,Possível anomalia financeira
89,204374,Bia Kicis,PL,DF,Viagens,Passagem Aérea - Reembolso,0,Sem indício cadastral crítico,FOUND,ATIVA,1,1,6557.76,6465.514000,2287.387207171099,0.0403,Comportamento esperado
397,220696,Ivoneide Caetano,PT,BA,Viagens,Passagem Aérea - Sigepa,,,,,0,143,166681.77,219376.223091,157819.4558803826,-0.3339,Comportamento esperado
584,188097,Merlong Solano,PT,PI,Outros,Manutenção De Escritório De Apoio À Atividade Parlamentar,0,Sem indício cadastral crítico,FOUND,ATIVA,9,173,132444.93,64892.367419,74159.10998309037,0.9109,Comportamento esperado
754,165470,Rodrigo Valadares,PL,SE,Publicidade,Divulgação Da Atividade Parlamentar.,0,Sem indício cadastral crítico,FOUND,ATIVA,14,133,569010.10,230946.483077,301200.1033422071,1.1224,Comportamento esperado
733,160655,Ricardo Izar,REPUBLICANOS,SP,Outros,Manutenção De Escritório De Apoio À Atividade Parlamentar,0,Sem indício cadastral crítico,FOUND,ATIVA,6,34,17344.08,98538.487659,143509.98800071477,-0.5658,Comportamento esperado
235,204412,Dr. Zacharias Calil,MDB,GO,Locomoção,Locação Ou Fretamento De Veículos Automotores,0,Sem indício cadastral crítico,FOUND,ATIVA,2,53,342219.25,189142.637500,142661.57624064668,1.073,Comportamento esperado
182,116379,Darci De Matos,PSD,SC,Locomoção,Locação Ou Fretamento De Veículos Automotores,0,Sem indício cadastral crítico,FOUND,ATIVA,4,23,130027.83,154711.621212,151032.92349497412,-0.1634,Comportamento esperado
504,204410,Luisa Canziani,UNIÃO,PR,Publicidade,Divulgação Da Atividade Parlamentar.,1,Situação cadastral não ativa: BAIXADA,FOUND,BAIXADA,2,4,3929.84,263664.052022,329972.5348930845,-0.7871,Fornecedor com CNPJ suspeito
334,178966,Geovania De Sá,REPUBLICANOS,SC,Comunicação,Telefonia,0,Sem indício cadastral crítico,FOUND,ATIVA,1,46,10532.88,7776.667391,7284.093764458291,0.3784,Comportamento esperado
363,73460,Gustavo Fruet,PDT,PR,Viagens,Passagem Aérea - Sigepa,,,,,0,44,57591.41,173223.575536,125997.34942419773,-0.9177,Comportamento esperado
389,204564,Igor Kannário,UNIÃO,BA,Outros,Manutenção De Escritório De Apoio À Atividade Parlamentar,0,Sem indício cadastral crítico,FOUND,ATIVA,3,20,10633.30,98257.521290,134321.8726415135,-0.6523,Comportamento esperado
387,220563,Icaro De Valmir,REPUBLICANOS,SE,Alimentação,Fornecimento De Alimentação Do Parlamentar,0,Sem indício cadastral crítico,FOUND,ATIVA,5,6,484.59,419.655000,135.71288577974704,0.4785,Comportamento esperado
797,204360,Silvia Cristina,PP,RO,Outros,"Passagens Terrestres, Marítimas Ou Fluviais",0,Sem indício cadastral crítico,FOUND,ATIVA,3,38,6473.80,1587.393333,2447.2122798455116,1.9967,Comportamento esperado
465,141478,Laerte Bessa,PL,DF,Alimentação,Fornecimento De Alimentação Do Parlamentar,0,Sem indício cadastral crítico,FOUND,ATIVA,5,7,766.60,4734.910000,9259.63125757716,-0.4286,Comportamento esperado
412,204546,Joice Hasselmann,PSDB,SP,Viagens,Passagem Aérea - Rpa,0,Sem indício cadastral crítico,FOUND,ATIVA,1,3,4046.79,24943.515352,36157.13967829913,-0.5779,Comportamento esperado
313,204510,Franco Cartafina,PP,MG,Publicidade,Assinatura De Publicações,0,Sem indício cadastral crítico,FOUND,ATIVA,1,1,380.00,1596.091765,1698.0009011232714,-0.7162,Comportamento esperado
318,68720,Fábio Henrique,UNIÃO,SE,Outros,Manutenção De Escritório De Apoio À Atividade Parlamentar,0,Sem indício cadastral crítico,FOUND,ATIVA,2,4,1030.49,43647.935652,66268.36061748704,-0.6431,Comportamento esperado
237,230088,Dra. Mayra Pinheiro,PL,CE,Alimentação,Fornecimento De Alimentação Do Parlamentar,0,Sem indício cadastral crítico,FOUND,ATIVA,19,53,3214.48,4778.337742,9185.089924635726,-0.1703,Comportamento esperado
273,132504,Enio Verri,PT,PR,Hotéis,"Hospedagem ,exceto Do Parlamentar No Distrito Federal.",0,Sem indício cadastral crítico,FOUND,ATIVA,3,14,6035.52,18419.328649,34024.43115299299,-0.364,Comportamento esperado
53,178831,André Abdon,PP,AP,Viagens,Passagem Aérea - Rpa,0,Sem indício cadastral crítico,FOUND,ATIVA,2,4,7832.96,4617.490000,4023.3855612682983,0.7992,Comportamento esperado
902,,,,NA,Viagens,Passagem Aérea - Reembolso,0,Sem indício cadastral crítico,FOUND,ATIVA,1,1,2997.46,15179.464000,13450.537474399676,-0.9057,Comportamento esperado
482,204405,Liziane Bayer,REPUBLICANOS,RS,Outros,Serviços Postais,0,Sem indício cadastral crítico,FOUND,ATIVA,1,1,110.60,862.238182,1333.8726370935917,-0.5635,Comportamento esperado
333,204527,Geninho Zuliani,UNIÃO,SP,Outros,Manutenção De Escritório De Apoio À Atividade Parlamentar,0,Sem indício cadastral crítico,FOUND,ATIVA,14,80,51801.60,98538.487659,143509.98800071477,-0.3257,Comportamento esperado
189,220561,Delegada Katarina,PSD,SE,Viagens,Passagem Aérea - Sigepa,,,,,0,320,262206.80,155702.681579,99733.68864426478,1.0679,Comportamento esperado
470,220600,Lebrão,UNIÃO,RO,Outros,"Serviço De Táxi, Pedágio E Estacionamento",0,Sem indício cadastral crítico,FOUND,ATIVA,13,210,9804.66,1932.761250,3462.107549787877,2.2737,Possível anomalia financeira
11,160508,Afonso Florence,PT,BA,Outros,"Serviço De Táxi, Pedágio E Estacionamento",0,Sem indício cadastral crítico,FOUND,ATIVA,5,93,7333.46,7947.726552,12451.86965129915,-0.0493,Comportamento esperado
136,204462,Chris Tonietto,PL,RJ,Outros,"Serviço De Táxi, Pedágio E Estacionamento",0,Sem indício cadastral crítico,FOUND,ATIVA,7,1031,50944.02,8455.730411,14321.838989715481,2.9667,Possível anomalia financeira
119,74262,Carlos Sampaio,PSD,SP,Viagens,Passagem Aérea - Sigepa,,,,,0,553,413723.29,185430.171967,136227.76556134285,1.6758,Comportamento esperado
117,178993,Carlos Henrique Gaguim,UNIÃO,TO,Viagens,Passagem Aérea - Sigepa,,,,,0,105,114744.21,76378.544118,54414.42672468753,0.7051,Comportamento esperado
427,141470,José Guimarães,PT,CE,Combustível,Combustíveis E Lubrificantes.,0,Sem indício cadastral crítico,FOUND,ATIVA,102,786,245531.47,41977.960833,76764.60304100714,2.6517,Possível anomalia financeira
811,73808,Sérgio Brito,PSD,BA,Viagens,Passagem Aérea - Rpa,0,Sem indício cadastral crítico,FOUND,ATIVA,3,117,138388.34,31763.658913,54219.86604798766,1.9665,Comportamento esperado
540,133810,Marcelo Moraes,PL,RS,Viagens,Passagem Aérea - Sigepa,,,,,0,354,275746.22,223297.576531,126627.95953182003,0.4142,Comportamento esperado
458,204497,Júnior Ferrari,PSD,PA,Viagens,Passagem Aérea - Rpa,0,Sem indício cadastral crítico,FOUND,ATIVA,3,20,14976.72,40638.794706,54559.71826891466,-0.4703,Comportamento esperado
850,178888,Victor Mendes,MDB,MA,Viagens,Passagem Aérea - Sigepa,,,,,0,6,11403.05,132207.227045,122458.5508602934,-0.9865,Comportamento esperado
646,160642,Pastor Eurico,PL,PE,Publicidade,Divulgação Da Atividade Parlamentar.,0,Sem indício cadastral crítico,FOUND,ATIVA,1,2,50250.00,241972.708182,301628.5621101344,-0.6356,Comportamento esperado
182,116379,Darci De Matos,PSD,SC,Outros,Manutenção De Escritório De Apoio À Atividade Parlamentar,0,Documento não consultado por não ser CNPJ,NOT_APPLICABLE,,1,11,49336.72,70964.571200,106769.4367602354,-0.2026,Comportamento esperado
785,220618,Sargento Portugal,PODE,RJ,Publicidade,Divulgação Da Atividade Parlamentar.,0,Sem indício cadastral crítico,FOUND,ATIVA,19,108,640216.14,226781.355120,259582.44863584734,1.5927,Comportamento esperado
622,209787,Nikolas Ferreira,PL,MG,Locomoção,Locação Ou Fretamento De Veículos Automotores,0,Sem indício cadastral crítico,FOUND,ATIVA,2,87,393232.50,199358.988889,190617.58878325575,1.0171,Comportamento esperado
34,221148,Alfredinho,PT,SP,Locomoção,Locação Ou Fretamento De Veículos Automotores,0,Sem indício cadastral crítico,FOUND,ATIVA,2,52,178900.00,147254.510948,139673.23431152088,0.2266,Comportamento esperado
484,171139,Loreny,SOLIDARIEDADE,SP,Combustível,Combustíveis E Lubrificantes.,0,Sem indício cadastral crítico,FOUND,ATIVA,17,30,4123.11,42192.750821,64034.19773844777,-0.5945,Comportamento esperado
78,178975,Baleia Rossi,MDB,SP,Viagens,Passagem Aérea - Reembolso,0,Sem indício cadastral crítico,FOUND,ATIVA,1,1,1080.67,9758.571000,11443.414965885137,-0.7583,Comportamento esperado
236,220674,Dra. Alessandra Haber,PODE,PA,Publicidade,Divulgação Da Atividade Parlamentar.,0,Sem indício cadastral crítico,FOUND,ATIVA,10,43,838643.64,319971.475333,323849.5425991789,1.6016,Comportamento esperado
76,74646,Aécio Neves,PSDB,MG,Publicidade,Divulgação Da Atividade Parlamentar.,1,Situação cadastral não ativa: BAIXADA,FOUND,BAIXADA,2,2,11400.00,194891.353020,276881.75990132586,-0.6627,Fornecedor com CNPJ suspeito
705,204467,Professora Rosa Neide,PT,MT,Publicidade,Divulgação Da Atividade Parlamentar.,0,Sem indício cadastral crítico,FOUND,ATIVA,6,25,137990.50,167205.955714,207800.9242977291,-0.1406,Comportamento esperado
242,220540,Duda Ramos,PODE,RR,Outros,Manutenção De Escritório De Apoio À Atividade Parlamentar,0,Sem indício cadastral crítico,FOUND,ATIVA,3,19,70274.70,80921.562903,170825.55022261123,-0.0623,Comportamento esperado
250,204541,Eduardo Bismarck,PV,CE,Locomoção,Locação Ou Fretamento De Veículos Automotores,0,Sem indício cadastral crítico,FOUND,ATIVA,1,17,212500.00,139651.247778,143531.8586124825,0.5075,Comportamento esperado
741,220588,Roberto Duarte,REPUBLICANOS,AC,Alimentação,Fornecimento De Alimentação Do Parlamentar,0,Sem indício cadastral crítico,FOUND,ATIVA,2,5,551.41,3506.161818,10352.10370735419,-0.2854,Comportamento esperado
734,220694,Ricardo Maia,MDB,BA,Hotéis,"Hospedagem ,exceto Do Parlamentar No Distrito Federal.",0,Sem indício cadastral crítico,FOUND,ATIVA,1,1,350.00,14559.116889,26542.375379101115,-0.5353,Comportamento esperado
323,160587,Fábio Trad,PSD,MS,Publicidade,Divulgação Da Atividade Parlamentar.,1,Situação cadastral não ativa: INAPTA,FOUND,INAPTA,1,1,650.00,244824.753226,352025.1744174792,-0.6936,Fornecedor com CNPJ suspeito
750,223128,Rodrigo Estacho,PSD,PR,Viagens,Passagem Aérea - Reembolso,0,Sem indício cadastral crítico,FOUND,ATIVA,2,5,6717.39,17801.644063,39455.64199846602,-0.2809,Comportamento esperado
72,160600,Arthur Oliveira Maia,UNIÃO,BA,Viagens,Passagem Aérea - Reembolso,0,Sem indício cadastral crítico,FOUND,ATIVA,5,18,43507.89,6722.195000,9392.208684505544,3.9166,Anomalia financeira extrema
511,141487,Luiz Fernando Faria,UNIÃO,MG,Combustível,Combustíveis E Lubrificantes.,1,Situação cadastral não ativa: BAIXADA,FOUND,BAIXADA,1,1,230.06,65306.104375,92314.0005265802,-0.7049,Fornecedor com CNPJ suspeito
418,178857,Jorge Solla,PT,BA,Outros,"Serviço De Táxi, Pedágio E Estacionamento",1,Situação cadastral não ativa: INAPTA,FOUND,INAPTA,4,19,666.49,7947.726552,12451.86965129915,-0.5848,Fornecedor com CNPJ suspeito
90,204388,Bibo Nunes,PL,RS,Outros,Manutenção De Escritório De Apoio À Atividade Parlamentar,0,Sem indício cadastral crítico,FOUND,ATIVA,24,292,303954.34,109428.142500,149558.61424927576,1.3007,Comportamento esperado
166,74467,Damião Feliciano,UNIÃO,PB,Viagens,Passagem Aérea - Sigepa,,,,,0,307,433925.20,168235.151250,151254.20824234045,1.7566,Comportamento esperado
648,220615,Pastor Henrique Vieira,PSOL,RJ,Combustível,Combustíveis E Lubrificantes.,0,Sem indício cadastral crítico,FOUND,ATIVA,113,310,73922.36,44023.319398,62812.667137756165,0.476,Comportamento esperado
93,160538,Bohn Gass,PT,RS,Outros,"Serviço De Táxi, Pedágio E Estacionamento",0,Sem indício cadastral crítico,FOUND,ATIVA,37,1572,49898.88,10192.084923,16137.89190584743,2.4605,Possível anomalia financeira
257,74075,Elcione Barbalho,MDB,PA,Outros,Manutenção De Escritório De Apoio À Atividade Parlamentar,0,Sem indício cadastral crítico,FOUND,ATIVA,11,129,64509.01,42888.542571,70113.4772677672,0.3084,Comportamento esperado
307,220700,Florentino Neto,PT,PI,Locomoção,Locação Ou Fretamento De Veículos Automotores,0,Sem indício cadastral crítico,FOUND,ATIVA,3,62,369611.00,264114.661053,215307.58327079436,0.49,Comportamento esperado
224,220610,Dr. Fernando Máximo,PL,RO,Viagens,Passagem Aérea - Sigepa,,,,,0,246,223644.41,146544.061250,69636.83718620405,1.1072,Comportamento esperado
459,204550,Júnior Mano,PL,CE,Locomoção,Locação Ou Fretamento De Veículos Automotores,0,Sem indício cadastral crítico,FOUND,ATIVA,2,10,42300.00,139651.247778,143531.8586124825,-0.6783,Comportamento esperado
346,220531,Gilvan Maximo,REPUBLICANOS,DF,Locomoção,Locação Ou Fretamento De Veículos Automotores,0,Sem indício cadastral crítico,FOUND,ATIVA,3,56,284133.70,118149.428125,89877.33858167462,1.8468,Comportamento esperado
97,160589,Bruna Furlan,PSDB,SP,Combustível,Combustíveis E Lubrificantes.,0,Sem indício cadastral crítico,FOUND,ATIVA,22,49,22977.64,42192.750821,64034.19773844777,-0.3001,Comportamento esperado
165,220692,Dal Barreto,UNIÃO,BA,Viagens,Passagem Aérea - Sigepa,,,,,0,78,112973.23,219376.223091,157819.4558803826,-0.6742,Comportamento esperado
810,204535,Sâmia Bomfim,PSOL,SP,Outros,Serviço De Segurança Prestado Por Empresa Especializada.,0,Sem indício cadastral crítico,FOUND,ATIVA,2,48,404651.15,57471.443333,111341.01915358497,3.1182,Anomalia financeira extrema
209,178929,Diego Garcia,UNIÃO,PR,Hotéis,"Hospedagem ,exceto Do Parlamentar No Distrito Federal.",0,Sem indício cadastral crítico,FOUND,ATIVA,73,163,50148.24,18419.328649,34024.43115299299,0.9325,Comportamento esperado
439,141459,João Maia,PP,RN,Outros,Manutenção De Escritório De Apoio À Atividade Parlamentar,0,Sem indício cadastral crítico,FOUND,ATIVA,3,83,117256.10,114159.151154,175330.5134804051,0.0177,Comportamento esperado
423,74141,Josias Gomes,PT,BA,Viagens,Passagem Aérea - Sigepa,,,,,0,340,345671.08,219376.223091,157819.4558803826,0.8002,Comportamento esperado
352,107283,Gleisi Hoffmann,PT,PR,Outros,Serviço De Segurança Prestado Por Empresa Especializada.,0,Sem indício cadastral crítico,FOUND,ATIVA,1,38,5347.13,39044.515556,83285.32824636553,-0.4046,Comportamento esperado
150,204514,Coronel Tadeu,PL,SP,Combustível,Combustíveis E Lubrificantes.,1,Situação cadastral não ativa: BAIXADA,FOUND,BAIXADA,3,3,684.77,42192.750821,64034.19773844777,-0.6482,Fornecedor com CNPJ suspeito
77,69871,Bacelar,PV,BA,Locomoção,Locação Ou Fretamento De Veículos Automotores,0,Sem indício cadastral crítico,FOUND,ATIVA,2,51,667238.00,292409.611930,213979.496522466,1.7517,Comportamento esperado
511,141487,Luiz Fernando Faria,UNIÃO,MG,Outros,Manutenção De Escritório De Apoio À Atividade Parlamentar,0,Sem indício cadastral crítico,FOUND,ATIVA,12,144,265120.36,123562.947566,162703.54342443834,0.87,Comportamento esperado
583,74428,Mendonça Filho,PL,PE,Viagens,Passagem Aérea - Rpa,0,Sem indício cadastral crítico,FOUND,ATIVA,3,25,39402.66,15238.795000,22485.76149111043,1.0746,Comportamento esperado
871,160592,Zeca Dirceu,PT,PR,Viagens,Passagem Aérea - Reembolso,0,Sem indício cadastral crítico,FOUND,ATIVA,4,19,26370.42,17801.644063,39455.64199846602,0.2172,Comportamento esperado
584,188097,Merlong Solano,PT,PI,Outros,Manutenção De Escritório De Apoio À Atividade Parlamentar,0,Documento não consultado por não ser CNPJ,NOT_APPLICABLE,,4,48,182950.53,64892.367419,74159.10998309037,1.592,Comportamento esperado
54,74471,André De Paula,PSD,PE,Outros,Manutenção De Escritório De Apoio À Atividade Parlamentar,1,Situação cadastral não ativa: BAIXADA,FOUND,BAIXADA,2,13,23372.00,90785.734524,140277.34198893898,-0.4806,Fornecedor com CNPJ suspeito
160,178876,Célio Silveira,MDB,GO,Comunicação,Telefonia,0,Sem indício cadastral crítico,FOUND,ATIVA,1,46,17754.46,16840.076000,26049.85234640615,0.0351,Comportamento esperado
535,205863,Marcelo Brum,REPUBLICANOS,RS,Outros,Manutenção De Escritório De Apoio À Atividade Parlamentar,0,Sem indício cadastral crítico,FOUND,ATIVA,1,3,10452.66,109428.142500,149558.61424927576,-0.6618,Comportamento esperado
451,204520,Junio Amaral,PL,MG,Publicidade,Divulgação Da Atividade Parlamentar.,1,Situação cadastral não ativa: BAIXADA,FOUND,BAIXADA,1,14,149209.70,194891.353020,276881.75990132586,-0.165,Fornecedor com CNPJ suspeito
133,74171,Chico Alencar,PSOL,RJ,Comunicação,Telefonia,0,Sem indício cadastral crítico,FOUND,ATIVA,1,31,3993.68,11897.719661,18918.17939394703,-0.4178,Comportamento esperado
321,141427,Fábio Ramalho,MDB,MG,Locomoção,Locação Ou Fretamento De Veículos Automotores,1,Situação cadastral não ativa: BAIXADA,FOUND,BAIXADA,1,11,68859.22,199358.988889,190617.58878325575,-0.6846,Fornecedor com CNPJ suspeito
568,204566,Marreca Filho,PATRIOTA,MA,Viagens,Passagem Aérea - Rpa,0,Sem indício cadastral crítico,FOUND,ATIVA,2,2,2132.71,17893.360952,34179.698738222214,-0.4611,Comportamento esperado
165,220692,Dal Barreto,UNIÃO,BA,Viagens,Passagem Aérea - Rpa,0,Sem indício cadastral crítico,FOUND,ATIVA,1,3,160.00,31763.658913,54219.86604798766,-0.5829,Comportamento esperado
5,220714,Adail Filho,MDB,AM,Locomoção,Locação Ou Fretamento De Aeronaves,0,Sem indício cadastral crítico,FOUND,ATIVA,1,3,194750.00,399154.866667,405851.79112272314,-0.5036,Comportamento esperado
798,220579,Silvia Waiãpi,PL,AP,Comunicação,Telefonia,0,Sem indício cadastral crítico,FOUND,ATIVA,5,52,13818.18,4978.914286,4084.738765910076,2.164,Possível anomalia financeira
749,141531,Rodrigo De Castro,UNIÃO,MG,Publicidade,Divulgação Da Atividade Parlamentar.,0,Sem indício cadastral crítico,FOUND,ATIVA,4,75,105214.34,194891.353020,276881.75990132586,-0.3239,Comportamento esperado
897,,,,NA,Publicidade,Divulgação Da Atividade Parlamentar.,0,Sem indício cadastral crítico,FOUND,ATIVA,19,89,163314.95,50979.424375,81608.46012151951,1.3765,Comportamento esperado
253,178977,Eduardo Cury,PSDB,SP,Outros,Manutenção De Escritório De Apoio À Atividade Parlamentar,0,Sem indício cadastral crítico,FOUND,ATIVA,9,103,116009.74,98538.487659,143509.98800071477,0.1217,Comportamento esperado
881,74090,Átila Lins,PSD,AM,Publicidade,Divulgação Da Atividade Parlamentar.,0,Sem indício cadastral crítico,FOUND,ATIVA,5,77,313000.00,309286.770000,323174.1425425514,0.0115,Comportamento esperado
352,107283,Gleisi Hoffmann,PT,PR,Combustível,Combustíveis E Lubrificantes.,1,Situação cadastral não ativa: BAIXADA,FOUND,BAIXADA,6,7,1674.22,57944.345500,82353.4495793919,-0.6833,Fornecedor com CNPJ suspeito
489,220662,Lucas Ramos,PSB,PE,Locomoção,Locação Ou Fretamento De Veículos Automotores,0,Sem indício cadastral crítico,FOUND,ATIVA,3,35,280933.93,220869.240392,185976.71020526288,0.323,Comportamento esperado
749,141531,Rodrigo De Castro,UNIÃO,MG,Alimentação,Fornecimento De Alimentação Do Parlamentar,0,Sem indício cadastral crítico,FOUND,ATIVA,9,50,2403.45,3421.773553,6721.942950865462,-0.1515,Comportamento esperado
560,74398,Maria Do Rosário,PT,RS,Outros,Serviço De Segurança Prestado Por Empresa Especializada.,0,Sem indício cadastral crítico,FOUND,ATIVA,1,44,235001.50,50994.120000,102899.62785238729,1.7882,Comportamento esperado
242,220540,Duda Ramos,PODE,RR,Locomoção,Locação Ou Fretamento De Aeronaves,0,Sem indício cadastral crítico,FOUND,ATIVA,1,1,12000.00,12000.000000,,,Comportamento esperado
499,178954,Lucio Mosquini,MDB,RO,Hotéis,"Hospedagem ,exceto Do Parlamentar No Distrito Federal.",0,Sem indício cadastral crítico,FOUND,ATIVA,37,61,9511.00,15598.613913,18502.405565050612,-0.329,Comportamento esperado
182,116379,Darci De Matos,PSD,SC,Alimentação,Fornecimento De Alimentação Do Parlamentar,1,Situação cadastral não ativa: BAIXADA,FOUND,BAIXADA,2,2,223.78,5345.501750,9873.801589562949,-0.5187,Fornecedor com CNPJ suspeito
72,160600,Arthur Oliveira Maia,UNIÃO,BA,Alimentação,Fornecimento De Alimentação Do Parlamentar,0,Sem indício cadastral crítico,FOUND,ATIVA,8,22,2074.34,5334.958511,10548.888785765435,-0.3091,Comportamento esperado
159,204370,Célio Moura,PT,TO,Serviços profissionais,"Consultorias, Pesquisas E Trabalhos Técnicos.",0,Sem indício cadastral crítico,FOUND,ATIVA,1,12,129500.00,116859.636364,127191.31032210709,0.0994,Comportamento esperado
442,204474,Juarez Costa,REPUBLICANOS,MT,Hotéis,"Hospedagem ,exceto Do Parlamentar No Distrito Federal.",0,Sem indício cadastral crítico,FOUND,ATIVA,10,51,34689.53,20380.542308,35609.06873470771,0.4018,Comportamento esperado
94,74052,Bosco Costa,PL,SE,Publicidade,Divulgação Da Atividade Parlamentar.,0,Sem indício cadastral crítico,FOUND,ATIVA,13,28,109466.68,230946.483077,301200.1033422071,-0.4033,Comportamento esperado
764,178945,Rosangela Gomes,REPUBLICANOS,RJ,Viagens,Passagem Aérea - Rpa,0,Sem indício cadastral crítico,FOUND,ATIVA,2,43,32233.05,24365.871064,36425.48190750471,0.216,Comportamento esperado
7,204560,Adolfo Viana,PSDB,BA,Viagens,Passagem Aérea - Rpa,0,Sem indício cadastral crítico,FOUND,ATIVA,2,6,14781.44,31763.658913,54219.86604798766,-0.3132,Comportamento esperado
785,220618,Sargento Portugal,PODE,RJ,Publicidade,Divulgação Da Atividade Parlamentar.,1,Situação cadastral não ativa: BAIXADA,FOUND,BAIXADA,3,9,35666.64,226781.355120,259582.44863584734,-0.7362,Fornecedor com CNPJ suspeito
171,220582,Daniel Barbosa,PP,AL,Outros,Manutenção De Escritório De Apoio À Atividade Parlamentar,0,Sem indício cadastral crítico,FOUND,ATIVA,1,5,1744.20,55960.761000,68535.24676411308,-0.7911,Comportamento esperado
44,220707,Amanda Gentil,PP,MA,Publicidade,Divulgação Da Atividade Parlamentar.,0,Sem indício cadastral crítico,FOUND,ATIVA,10,49,919982.50,299945.123175,386285.4495039867,1.6051,Comportamento esperado
74,220577,Augusto Puppio,MDB,AP,Locomoção,Locação Ou Fretamento De Veículos Automotores,0,Sem indício cadastral crítico,FOUND,ATIVA,3,31,229057.48,118873.802381,121389.286590239,0.9077,Comportamento esperado
425,215043,Josivaldo Jp,UNIÃO,MA,Outros,Manutenção De Escritório De Apoio À Atividade Parlamentar,0,Sem indício cadastral crítico,FOUND,ATIVA,6,12,1897.02,64195.130784,109861.24089764054,-0.5671,Comportamento esperado
250,204541,Eduardo Bismarck,PV,CE,Hotéis,"Hospedagem ,exceto Do Parlamentar No Distrito Federal.",0,Sem indício cadastral crítico,FOUND,ATIVA,9,40,22180.04,14861.399063,17345.750222182687,0.4219,Comportamento esperado
580,75431,Maurício Dziedricki,PODE,RS,Alimentação,Fornecimento De Alimentação Do Parlamentar,0,Sem indício cadastral crítico,FOUND,ATIVA,16,16,678.58,7368.085075,13657.337051272762,-0.4898,Comportamento esperado
94,74052,Bosco Costa,PL,SE,Comunicação,Telefonia,0,Sem indício cadastral crítico,FOUND,ATIVA,2,23,7610.79,10940.770000,16435.398849269677,-0.2026,Comportamento esperado
801,220569,Silvye Alves,UNIÃO,GO,Locomoção,Locação Ou Fretamento De Veículos Automotores,0,Sem indício cadastral crítico,FOUND,ATIVA,1,49,385300.00,189142.637500,142661.57624064668,1.375,Comportamento esperado
192,220673,Delegado Caveira,PL,PA,Combustível,Combustíveis E Lubrificantes.,1,Situação cadastral não ativa: BAIXADA,FOUND,BAIXADA,2,2,640.15,39488.928400,62234.56368268833,-0.6242,Fornecedor com CNPJ suspeito
193,220649,Delegado Da Cunha,UNIÃO,SP,Publicidade,Divulgação Da Atividade Parlamentar.,1,Situação cadastral não ativa: BAIXADA,FOUND,BAIXADA,1,6,7800.00,243741.226243,313657.1515008437,-0.7522,Fornecedor com CNPJ suspeito
399,220527,Jack Rocha,PT,ES,Comunicação,Telefonia,0,Sem indício cadastral crítico,FOUND,ATIVA,1,1,51.31,19441.733636,20791.65600073225,-0.9326,Comportamento esperado
290,66828,Fausto Pinato,PP,SP,Outros,"Passagens Terrestres, Marítimas Ou Fluviais",1,Situação cadastral não ativa: BAIXADA,FOUND,BAIXADA,1,2,246.40,996.486667,1138.3419633085512,-0.6589,Fornecedor com CNPJ suspeito
494,103758,Luciano Azevedo,PSD,RS,Locomoção,Locação Ou Fretamento De Veículos Automotores,0,Sem indício cadastral crítico,FOUND,ATIVA,2,14,86738.00,182736.733051,177547.8783363845,-0.5407,Comportamento esperado
778,233598,Samuel Santos,PODE,GO,Alimentação,Fornecimento De Alimentação Do Parlamentar,0,Sem indício cadastral crítico,FOUND,ATIVA,10,13,1218.50,3293.239000,7032.529544734017,-0.295,Comportamento esperado
157,204499,Cássio Andrade,PSB,PA,Viagens,Passagem Aérea - Reembolso,0,Sem indício cadastral crítico,FOUND,ATIVA,1,1,2739.22,8897.662500,8393.75284614814,-0.7337,Comportamento esperado
569,220572,Marussa Boldrin,REPUBLICANOS,GO,Combustível,Combustíveis E Lubrificantes.,0,Sem indício cadastral crítico,FOUND,ATIVA,211,586,176803.90,65044.277593,95738.05404592726,1.1673,Comportamento esperado
275,220663,Eriberto Medeiros,PSB,PE,Locomoção,Locação Ou Fretamento De Veículos Automotores,0,Sem indício cadastral crítico,FOUND,ATIVA,5,147,386594.74,220869.240392,185976.71020526288,0.8911,Comportamento esperado
819,204464,Talíria Petrone,PSOL,RJ,Combustível,Combustíveis E Lubrificantes.,0,Sem indício cadastral crítico,FOUND,ATIVA,63,251,56591.59,44023.319398,62812.667137756165,0.2001,Comportamento esperado
341,204491,Gilberto Abramo,REPUBLICANOS,MG,Viagens,Passagem Aérea - Sigepa,,,,,0,212,196165.94,195216.599630,167832.49260588933,0.0057,Comportamento esperado
586,220530,Messias Donato,UNIÃO,ES,Publicidade,Divulgação Da Atividade Parlamentar.,1,Situação cadastral não ativa: BAIXADA,FOUND,BAIXADA,4,22,124750.00,254942.876552,301625.34822291706,-0.4316,Fornecedor com CNPJ suspeito
617,74165,Neucimar Fraga,PP,ES,Hotéis,"Hospedagem ,exceto Do Parlamentar No Distrito Federal.",0,Sem indício cadastral crítico,FOUND,ATIVA,11,24,14835.30,14136.593684,23816.6886480095,0.0293,Comportamento esperado
205,220553,Denise Pessôa,PT,RS,Outros,"Serviço De Táxi, Pedágio E Estacionamento",0,Sem indício cadastral crítico,FOUND,ATIVA,19,2468,48355.91,10192.084923,16137.89190584743,2.3649,Possível anomalia financeira
513,220658,Luiz Gastão,PSD,CE,Combustível,Combustíveis E Lubrificantes.,0,Sem indício cadastral crítico,FOUND,ATIVA,4,51,11689.03,41977.960833,76764.60304100714,-0.3946,Comportamento esperado
312,204392,Francisco Jr.,PSD,GO,Hotéis,"Hospedagem ,exceto Do Parlamentar No Distrito Federal.",0,Sem indício cadastral crítico,FOUND,ATIVA,4,5,1090.40,7024.380500,8737.204954294128,-0.6792,Comportamento esperado
370,178873,Helder Salomão,PT,ES,Hotéis,"Hospedagem ,exceto Do Parlamentar No Distrito Federal.",0,Sem indício cadastral crítico,FOUND,ATIVA,44,221,41689.23,14136.593684,23816.6886480095,1.1569,Comportamento esperado
405,160570,Jerônimo Goergen,PP,RS,Publicidade,Divulgação Da Atividade Parlamentar.,0,Sem indício cadastral crítico,FOUND,ATIVA,8,17,35076.27,215724.063125,265101.600265673,-0.6814,Comportamento esperado
332,204484,General Peternelli,UNIÃO,SP,Locomoção,Locação Ou Fretamento De Veículos Automotores,0,Sem indício cadastral crítico,FOUND,ATIVA,1,19,37600.00,147254.510948,139673.23431152088,-0.7851,Comportamento esperado
489,220662,Lucas Ramos,PSB,PE,Comunicação,Telefonia,0,Sem indício cadastral crítico,FOUND,ATIVA,1,18,3775.08,10941.974167,12252.099914667077,-0.585,Comportamento esperado
247,141417,Edio Lopes,PL,RR,Viagens,Passagem Aérea - Rpa,0,Sem indício cadastral crítico,FOUND,ATIVA,3,91,85977.79,27007.868571,28285.776224385536,2.0848,Possível anomalia financeira
351,204419,Glaustin Da Fokus,PSC,GO,Comunicação,Telefonia,0,Sem indício cadastral crítico,FOUND,ATIVA,1,6,1182.38,16840.076000,26049.85234640615,-0.6011,Comportamento esperado
439,141459,João Maia,PL,RN,Viagens,Passagem Aérea - Rpa,0,Sem indício cadastral crítico,FOUND,ATIVA,2,24,32519.03,25061.406250,42423.5801004761,0.1758,Comportamento esperado
130,204504,Cezinha De Madureira,PL,SP,Publicidade,Divulgação Da Atividade Parlamentar.,0,Sem indício cadastral crítico,FOUND,ATIVA,7,49,358137.00,243741.226243,313657.1515008437,0.3647,Comportamento esperado
426,141464,José Airton Félix Cirilo,PT,CE,Serviços profissionais,"Consultorias, Pesquisas E Trabalhos Técnicos.",0,Sem indício cadastral crítico,FOUND,ATIVA,4,17,76654.73,67459.660000,60466.2251856053,0.1521,Comportamento esperado
302,204427,Fernando Rodolfo,PL,PE,Outros,Manutenção De Escritório De Apoio À Atividade Parlamentar,0,Sem indício cadastral crítico,FOUND,ATIVA,2,11,5716.17,90785.734524,140277.34198893898,-0.6064,Comportamento esperado
531,204471,Mara Rocha,MDB,AC,Viagens,Passagem Aérea - Sigepa,,,,,0,57,90030.43,131556.873333,92765.04055863072,-0.4477,Comportamento esperado
35,220576,Alfredo Gaspar,PL,AL,Outros,Manutenção De Escritório De Apoio À Atividade Parlamentar,0,Sem indício cadastral crítico,FOUND,ATIVA,5,85,92192.97,55960.761000,68535.24676411308,0.5287,Comportamento esperado
873,220552,Zucco,PL,RS,Combustível,Combustíveis E Lubrificantes.,1,Situação cadastral não ativa: BAIXADA,FOUND,BAIXADA,2,5,1401.96,60520.148547,97388.05968907535,-0.607,Fornecedor com CNPJ suspeito
24,160511,Alessandro Molon,PSB,RJ,Publicidade,Divulgação Da Atividade Parlamentar.,0,Sem indício cadastral crítico,FOUND,ATIVA,6,20,112844.82,226781.355120,259582.44863584734,-0.4389,Comportamento esperado
224,220610,Dr. Fernando Máximo,PL,RO,Alimentação,Fornecimento De Alimentação Do Parlamentar,1,Situação cadastral não ativa: BAIXADA,FOUND,BAIXADA,8,8,483.40,3332.884500,5228.833199412531,-0.545,Fornecedor com CNPJ suspeito
669,74400,Paulo Pimenta,PT,RS,Outros,Manutenção De Escritório De Apoio À Atividade Parlamentar,0,Sem indício cadastral crítico,FOUND,ATIVA,6,34,47820.97,109428.142500,149558.61424927576,-0.4119,Comportamento esperado
624,178986,Nilto Tatto,PT,SP,Viagens,Passagem Aérea - Reembolso,0,Sem indício cadastral crítico,FOUND,ATIVA,2,8,15115.99,9758.571000,11443.414965885137,0.4682,Comportamento esperado
695,89536,Prof. Paulo Fernando,REPUBLICANOS,DF,Viagens,Passagem Aérea - Sigepa,,,,,0,5,12476.56,35467.657000,44918.944493537856,-0.5118,Comportamento esperado
191,220642,Delegado Bruno Lima,PODE,SP,Comunicação,Telefonia,0,Sem indício cadastral crítico,FOUND,ATIVA,1,5,1394.31,19889.940211,25751.500071775903,-0.7182,Comportamento esperado
821,206231,Ted Conti,PSB,ES,Combustível,Combustíveis E Lubrificantes.,1,Situação cadastral não ativa: BAIXADA,FOUND,BAIXADA,1,1,300.00,49148.417879,67749.62213949014,-0.721,Fornecedor com CNPJ suspeito
234,220528,Dr. Victor Linhalis,PODE,ES,Viagens,Passagem Aérea - Reembolso,0,Sem indício cadastral crítico,FOUND,ATIVA,2,2,3393.63,10428.191818,24247.266158601393,-0.2901,Comportamento esperado
795,204557,Sidney Leite,PSD,AM,Outros,Manutenção De Escritório De Apoio À Atividade Parlamentar,0,Sem indício cadastral crítico,FOUND,ATIVA,1,10,7012.70,35177.838000,53399.12696043168,-0.5274,Comportamento esperado
804,104552,Socorro Neri,PP,AC,Hotéis,"Hospedagem ,exceto Do Parlamentar No Distrito Federal.",0,Sem indício cadastral crítico,FOUND,ATIVA,1,1,933.92,11165.562105,15437.148423150342,-0.6628,Comportamento esperado
135,204476,Chiquinho Brazão,S.PART.,RJ,Outros,"Serviço De Táxi, Pedágio E Estacionamento",0,Sem indício cadastral crítico,FOUND,ATIVA,1,8,2796.62,8455.730411,14321.838989715481,-0.3951,Comportamento esperado
110,204487,Capitão Wagner,UNIÃO,CE,Publicidade,Divulgação Da Atividade Parlamentar.,0,Sem indício cadastral crítico,FOUND,ATIVA,4,5,49500.00,263931.285395,366906.3702021798,-0.5844,Comportamento esperado
791,204438,Sergio Toledo,PV,AL,Publicidade,Divulgação Da Atividade Parlamentar.,1,Situação cadastral não ativa: BAIXADA,FOUND,BAIXADA,1,11,118229.04,358459.172381,402499.84210100886,-0.5968,Fornecedor com CNPJ suspeito
512,229432,Luiz Fernando Vampiro,MDB,SC,Locomoção,Locação Ou Fretamento De Veículos Automotores,0,Sem indício cadastral crítico,FOUND,ATIVA,1,20,108785.70,154711.621212,151032.92349497412,-0.3041,Comportamento esperado
879,220558,Zé Trovão,PL,SC,Alimentação,Fornecimento De Alimentação Do Parlamentar,0,Sem indício cadastral crítico,FOUND,ATIVA,108,160,11777.00,5345.501750,9873.801589562949,0.6514,Comportamento esperado
388,204533,Idilvan Alencar,PSB,CE,Combustível,Combustíveis E Lubrificantes.,0,Sem indício cadastral crítico,FOUND,ATIVA,180,569,145634.08,41977.960833,76764.60304100714,1.3503,Comportamento esperado
856,178992,Vitor Lippi,PSD,SP,Viagens,Passagem Aérea - Sigepa,,,,,0,123,123460.46,185430.171967,136227.76556134285,-0.4549,Comportamento esperado
800,204425,Silvio Costa Filho,REPUBLICANOS,PE,Combustível,Combustíveis E Lubrificantes.,0,Sem indício cadastral crítico,FOUND,ATIVA,10,33,125761.40,53506.291935,82942.380015203,0.8711,Comportamento esperado
418,178857,Jorge Solla,PT,BA,Viagens,Passagem Aérea - Sigepa,,,,,0,402,463941.69,219376.223091,157819.4558803826,1.5497,Comportamento esperado
602,81055,Márcio Jerry,PCDOB,MA,Outros,Manutenção De Escritório De Apoio À Atividade Parlamentar,0,Sem indício cadastral crítico,FOUND,ATIVA,10,351,578860.84,64195.130784,109861.24089764054,4.6847,Anomalia financeira extrema
322,220653,Fábio Teruel,MDB,SP,Outros,"Serviço De Táxi, Pedágio E Estacionamento",0,Sem indício cadastral crítico,FOUND,ATIVA,16,105,16903.69,11967.060840,16796.655097373645,0.2939,Comportamento esperado
344,204365,Gilson Marques,NOVO,SC,Viagens,Passagem Aérea - Reembolso,0,Sem indício cadastral crítico,FOUND,ATIVA,2,21,15614.88,9023.088750,8047.509872572903,0.8191,Comportamento esperado
167,220629,Dandara,PT,MG,Outros,"Passagens Terrestres, Marítimas Ou Fluviais",0,Sem indício cadastral crítico,FOUND,ATIVA,15,72,14413.08,3858.240000,6358.142634643256,1.6601,Comportamento esperado
718,205865,Reinhold Stephanes,PL,PR,Alimentação,Fornecimento De Alimentação Do Parlamentar,0,Sem indício cadastral crítico,FOUND,ATIVA,5,5,402.02,4173.948542,8441.04850518495,-0.4469,Comportamento esperado
864,224333,Welter,PT,PR,Viagens,Passagem Aérea - Sigepa,,,,,0,146,203269.65,173223.575536,125997.34942419773,0.2385,Comportamento esperado
785,220618,Sargento Portugal,PODE,RJ,Combustível,Combustíveis E Lubrificantes.,0,Sem indício cadastral crítico,FOUND,ATIVA,75,355,70390.56,44023.319398,62812.667137756165,0.4198,Comportamento esperado
58,178882,André Fufuca,PP,MA,Locomoção,Locação Ou Fretamento De Veículos Automotores,0,Sem indício cadastral crítico,FOUND,ATIVA,2,19,109600.00,122090.952683,112418.39663710551,-0.1111,Comportamento esperado
844,141553,Vanderlei Macris,PSDB,SP,Viagens,Passagem Aérea - Sigepa,,,,,0,73,79169.33,185430.171967,136227.76556134285,-0.78,Comportamento esperado
476,74156,Leonardo Monteiro,PT,MG,Viagens,Passagem Aérea - Rpa,0,Sem indício cadastral crítico,FOUND,ATIVA,3,123,142248.29,40253.940526,63478.97879162227,1.6067,Comportamento esperado
59,204515,André Janones,AVANTE,MG,Publicidade,Divulgação Da Atividade Parlamentar.,0,Sem indício cadastral crítico,FOUND,ATIVA,10,15,65280.05,194891.353020,276881.75990132586,-0.4681,Comportamento esperado
92,204561,Bira Do Pindaré,PSB,MA,Viagens,Passagem Aérea - Reembolso,0,Sem indício cadastral crítico,FOUND,ATIVA,3,20,37258.64,10441.916667,13512.988376850404,1.9845,Comportamento esperado
437,178970,João Daniel,PT,SE,Outros,Manutenção De Escritório De Apoio À Atividade Parlamentar,0,Sem indício cadastral crítico,FOUND,ATIVA,9,104,310925.36,43647.935652,66268.36061748704,4.0333,Anomalia financeira extrema
560,74398,Maria Do Rosário,PT,RS,Outros,Serviços Postais,0,Sem indício cadastral crítico,FOUND,ATIVA,3,4,315.13,862.238182,1333.8726370935917,-0.4102,Comportamento esperado
732,204362,Ricardo Guidi,PL,SC,Viagens,Passagem Aérea - Sigepa,,,,,0,96,127809.00,213397.721034,170101.01243018164,-0.5032,Comportamento esperado
443,220559,Julia Zanatta,PL,SC,Hotéis,"Hospedagem ,exceto Do Parlamentar No Distrito Federal.",1,Situação cadastral não ativa: BAIXADA,FOUND,BAIXADA,2,2,685.00,36695.958649,43528.74004922331,-0.8273,Fornecedor com CNPJ suspeito
861,220601,Washington Quaquá,PT,RJ,Outros,Manutenção De Escritório De Apoio À Atividade Parlamentar,0,Sem indício cadastral crítico,FOUND,ATIVA,3,21,40344.13,80988.593819,134414.71100556676,-0.3024,Comportamento esperado
37,178927,Aliel Machado,PV,PR,Outros,"Serviço De Táxi, Pedágio E Estacionamento",0,Sem indício cadastral crítico,FOUND,ATIVA,14,74,7860.51,5713.999474,13397.131596894355,0.1602,Comportamento esperado
292,72442,Felipe Carreras,PSB,PE,Outros,Manutenção De Escritório De Apoio À Atividade Parlamentar,0,Sem indício cadastral crítico,FOUND,ATIVA,2,7,4018.65,90785.734524,140277.34198893898,-0.6185,Comportamento esperado
121,141398,Carlos Zarattini,PT,SP,Outros,Manutenção De Escritório De Apoio À Atividade Parlamentar,1,Erro na consulta pública de CNPJ,ERROR,,1,69,9845.72,98538.487659,143509.98800071477,-0.618,Fornecedor com CNPJ suspeito
113,204507,Carla Zambelli,PL,SP,Locomoção,Locação Ou Fretamento De Veículos Automotores,0,Sem indício cadastral crítico,FOUND,ATIVA,3,32,110761.00,147254.510948,139673.23431152088,-0.2613,Comportamento esperado
815,178922,Tadeu Alencar,PSB,PE,Combustível,Combustíveis E Lubrificantes.,1,Situação cadastral não ativa: INAPTA,FOUND,INAPTA,1,1,440.27,53506.291935,82942.380015203,-0.6398,Fornecedor com CNPJ suspeito
556,178943,Marcos Soares,PSDB,RJ,Publicidade,Divulgação Da Atividade Parlamentar.,0,Sem indício cadastral crítico,FOUND,ATIVA,4,12,304060.00,226781.355120,259582.44863584734,0.2977,Comportamento esperado
492,138286,Luciano Alves,PSD,PR,Locomoção,Locação Ou Fretamento De Veículos Automotores,0,Sem indício cadastral crítico,FOUND,ATIVA,4,20,82561.00,113439.957419,130977.93601797776,-0.2358,Comportamento esperado
120,204426,Carlos Veras,PT,PE,Publicidade,Assinatura De Publicações,0,Sem indício cadastral crítico,FOUND,ATIVA,2,4,1646.20,1262.036000,1247.3031245157156,0.308,Comportamento esperado
551,160535,Marcon,PT,RS,Outros,Serviços Postais,1,Situação cadastral não ativa: BAIXADA,FOUND,BAIXADA,1,21,821.70,862.238182,1333.8726370935917,-0.0304,Fornecedor com CNPJ suspeito
655,220627,Paulinho Freire,UNIÃO,RN,Locomoção,Locação Ou Fretamento De Veículos Automotores,1,Situação cadastral não ativa: BAIXADA,FOUND,BAIXADA,2,4,27773.14,157542.546842,185025.17121572056,-0.7014,Fornecedor com CNPJ suspeito
518,74784,Luiza Erundina,PSOL,SP,Publicidade,Assinatura De Publicações,0,Sem indício cadastral crítico,FOUND,ATIVA,5,20,13577.54,3369.241333,3418.330377283657,2.9863,Possível anomalia financeira
808,92776,Stefano Aguiar,PSD,MG,Outros,"Serviço De Táxi, Pedágio E Estacionamento",0,Sem indício cadastral crítico,FOUND,ATIVA,31,377,32434.28,5572.245385,10370.293242628488,2.5903,Possível anomalia financeira
602,81055,Márcio Jerry,PCDOB,MA,Viagens,Passagem Aérea - Sigepa,,,,,0,327,463427.17,132207.227045,122458.5508602934,2.7048,Possível anomalia financeira
334,178966,Geovania De Sá,PSDB,SC,Alimentação,Fornecimento De Alimentação Do Parlamentar,0,Sem indício cadastral crítico,FOUND,ATIVA,46,61,2749.34,5345.501750,9873.801589562949,-0.2629,Comportamento esperado
8,204528,Adriana Ventura,NOVO,SP,Outros,Manutenção De Escritório De Apoio À Atividade Parlamentar,1,Erro na consulta pública de CNPJ,ERROR,,1,194,82199.44,98538.487659,143509.98800071477,-0.1139,Fornecedor com CNPJ suspeito
452,204574,Junior Lourenço,MDB,MA,Outros,Manutenção De Escritório De Apoio À Atividade Parlamentar,0,Sem indício cadastral crítico,FOUND,ATIVA,2,48,343785.47,64195.130784,109861.24089764054,2.5449,Possível anomalia financeira
369,178964,Heitor Schuch,PSD,RS,Comunicação,Telefonia,0,Sem indício cadastral crítico,FOUND,ATIVA,4,121,32601.34,19321.830435,18898.364290143905,0.7027,Comportamento esperado
741,220588,Roberto Duarte,REPUBLICANOS,AC,Publicidade,Divulgação Da Atividade Parlamentar.,0,Sem indício cadastral crítico,FOUND,ATIVA,13,83,636767.00,295132.464706,394989.3569390969,0.8649,Comportamento esperado
746,204530,Rodrigo Agostinho,PSB,SP,Combustível,Combustíveis E Lubrificantes.,1,Situação cadastral não ativa: BAIXADA,FOUND,BAIXADA,2,45,6361.79,42192.750821,64034.19773844777,-0.5596,Fornecedor com CNPJ suspeito
178,220557,Daniela Reinehr,PL,SC,Outros,"Serviço De Táxi, Pedágio E Estacionamento",0,Sem indício cadastral crítico,FOUND,ATIVA,2,65,2830.66,2658.067742,3431.982973130558,0.0503,Comportamento esperado
289,220712,Fausto Jr.,UNIÃO,AM,Publicidade,Divulgação Da Atividade Parlamentar.,0,Sem indício cadastral crítico,FOUND,ATIVA,3,42,331482.00,309286.770000,323174.1425425514,0.0687,Comportamento esperado
882,74459,Átila Lira,PP,PI,Combustível,Combustíveis E Lubrificantes.,0,Sem indício cadastral crítico,FOUND,ATIVA,1,13,67958.23,73929.545357,101552.42380940972,-0.0588,Comportamento esperado
247,141417,Edio Lopes,PL,RR,Outros,Serviço De Segurança Prestado Por Empresa Especializada.,1,Situação cadastral não ativa: BAIXADA,FOUND,BAIXADA,1,9,32400.00,69150.000000,78047.86992609088,-0.4709,Fornecedor com CNPJ suspeito
250,204541,Eduardo Bismarck,PDT,CE,Outros,"Serviço De Táxi, Pedágio E Estacionamento",0,Sem indício cadastral crítico,FOUND,ATIVA,2,12,457.33,1553.572000,3462.198937126519,-0.3166,Comportamento esperado
451,204520,Junio Amaral,PL,MG,Comunicação,Telefonia,0,Sem indício cadastral crítico,FOUND,ATIVA,4,52,5838.59,15607.667083,19082.29985422686,-0.5119,Comportamento esperado
113,204507,Carla Zambelli,PL,SP,Outros,Manutenção De Escritório De Apoio À Atividade Parlamentar,0,Sem indício cadastral crítico,FOUND,ATIVA,11,59,57298.80,98538.487659,143509.98800071477,-0.2874,Comportamento esperado
49,220556,Ana Paula Lima,PT,SC,Publicidade,Divulgação Da Atividade Parlamentar.,0,Sem indício cadastral crítico,FOUND,ATIVA,18,78,1031469.51,148561.773265,217765.15459275612,4.0544,Anomalia financeira extrema
748,230767,Rodrigo Da Zaeli,PL,MT,Publicidade,Divulgação Da Atividade Parlamentar.,0,Sem indício cadastral crítico,FOUND,ATIVA,16,63,383488.18,167205.955714,207800.9242977291,1.0408,Comportamento esperado
563,227275,Mariana Carvalho,REPUBLICANOS,MA,Viagens,Passagem Aérea - Sigepa,,,,,0,26,26309.48,132207.227045,122458.5508602934,-0.8648,Comportamento esperado
331,220611,General Pazuello,PL,RJ,Hotéis,"Hospedagem ,exceto Do Parlamentar No Distrito Federal.",0,Sem indício cadastral crítico,FOUND,ATIVA,15,38,19799.99,13016.628636,21468.959145470457,0.316,Comportamento esperado
744,204489,Robério Monteiro,PDT,CE,Publicidade,Divulgação Da Atividade Parlamentar.,0,Sem indício cadastral crítico,FOUND,ATIVA,2,9,154000.00,263931.285395,366906.3702021798,-0.2996,Comportamento esperado
737,178920,Ricardo Teobaldo,PODE,PE,Outros,Manutenção De Escritório De Apoio À Atividade Parlamentar,0,Sem indício cadastral crítico,FOUND,ATIVA,3,59,156156.72,90785.734524,140277.34198893898,0.466,Comportamento esperado
607,178858,Mário Negromonte Jr.,PSB,BA,Publicidade,Divulgação Da Atividade Parlamentar.,1,Situação cadastral não ativa: BAIXADA,FOUND,BAIXADA,1,3,108439.70,317318.910361,328157.1355142384,-0.6365,Fornecedor com CNPJ suspeito
352,107283,Gleisi Hoffmann,PT,PR,Publicidade,Assinatura De Publicações,0,Sem indício cadastral crítico,FOUND,ATIVA,1,2,585.00,799.995625,610.7018274408415,-0.352,Comportamento esperado
618,229939,Newton Bonin,UNIÃO,PR,Alimentação,Fornecimento De Alimentação Do Parlamentar,0,Sem indício cadastral crítico,FOUND,ATIVA,5,6,651.66,4173.948542,8441.04850518495,-0.4173,Comportamento esperado
666,220685,Paulo Litro,UNIÃO,PR,Alimentação,Fornecimento De Alimentação Do Parlamentar,0,Sem indício cadastral crítico,FOUND,ATIVA,3,3,235.77,4173.948542,8441.04850518495,-0.4666,Comportamento esperado
503,160510,Luis Tibé,AVANTE,MG,Viagens,Passagem Aérea - Reembolso,0,Sem indício cadastral crítico,FOUND,ATIVA,1,1,2860.69,7020.191961,10297.188894597206,-0.4039,Comportamento esperado
110,204487,Capitão Wagner,UNIÃO,CE,Serviços profissionais,"Consultorias, Pesquisas E Trabalhos Técnicos.",1,Situação cadastral não ativa: BAIXADA,FOUND,BAIXADA,1,4,55412.00,67459.660000,60466.2251856053,-0.1992,Fornecedor com CNPJ suspeito
300,204445,Fernando Mineiro,PT,RN,Publicidade,Divulgação Da Atividade Parlamentar.,0,Sem indício cadastral crítico,FOUND,ATIVA,17,86,761666.70,246483.533462,299233.5953313259,1.7217,Comportamento esperado
779,220631,Samuel Viana,UNIÃO,MG,Outros,Manutenção De Escritório De Apoio À Atividade Parlamentar,0,Sem indício cadastral crítico,FOUND,ATIVA,10,246,523637.08,123562.947566,162703.54342443834,2.4589,Possível anomalia financeira
793,204437,Severino Pessoa,MDB,AL,Viagens,Passagem Aérea - Sigepa,,,,,0,59,83937.82,198077.580000,173709.55138656954,-0.6571,Comportamento esperado
286,171623,Fabio Reis,PSD,SE,Viagens,Passagem Aérea - Sigepa,,,,,0,163,174921.24,155702.681579,99733.68864426478,0.1927,Comportamento esperado
620,204384,Ney Leprevost,UNIÃO,PR,Viagens,Passagem Aérea - Sigepa,,,,,0,59,67395.71,173223.575536,125997.34942419773,-0.8399,Comportamento esperado
303,204411,Filipe Barros,PL,PR,Outros,"Serviço De Táxi, Pedágio E Estacionamento",0,Sem indício cadastral crítico,FOUND,ATIVA,28,190,6334.85,5713.999474,13397.131596894355,0.0463,Comportamento esperado
50,220632,Ana Pimentel,PT,MG,Combustível,Combustíveis E Lubrificantes.,0,Sem indício cadastral crítico,FOUND,ATIVA,227,727,136061.40,65306.104375,92314.0005265802,0.7665,Comportamento esperado
291,220646,Felipe Becari,PODE,SP,Comunicação,Telefonia,0,Sem indício cadastral crítico,FOUND,ATIVA,2,21,4326.80,19889.940211,25751.500071775903,-0.6044,Comportamento esperado
229,204481,Dr. Jaziel,PL,CE,Outros,Manutenção De Escritório De Apoio À Atividade Parlamentar,0,Documento não consultado por não ser CNPJ,NOT_APPLICABLE,,1,29,87000.00,68348.775082,105244.60317209057,0.1772,Comportamento esperado
259,204364,Eli Borges,REPUBLICANOS,TO,Combustível,Combustíveis E Lubrificantes.,0,Sem indício cadastral crítico,FOUND,ATIVA,139,1098,281077.11,73777.441071,109277.9364585353,1.897,Comportamento esperado
863,74043,Wellington Roberto,PL,PB,Outros,Manutenção De Escritório De Apoio À Atividade Parlamentar,0,Sem indício cadastral crítico,FOUND,ATIVA,2,13,6119.60,40088.436364,59072.75761932022,-0.575,Comportamento esperado
76,74646,Aécio Neves,PSDB,MG,Outros,"Serviço De Táxi, Pedágio E Estacionamento",1,Situação cadastral não ativa: BAIXADA,FOUND,BAIXADA,1,1,10.07,5572.245385,10370.293242628488,-0.5364,Fornecedor com CNPJ suspeito
1,220593,Abilio Brunini,PL,MT,Publicidade,Divulgação Da Atividade Parlamentar.,1,Situação cadastral não ativa: BAIXADA,FOUND,BAIXADA,2,5,25000.00,167205.955714,207800.9242977291,-0.6843,Fornecedor com CNPJ suspeito
72,160600,Arthur Oliveira Maia,UNIÃO,BA,Outros,"Serviço De Táxi, Pedágio E Estacionamento",0,Sem indício cadastral crítico,FOUND,ATIVA,1,76,2157.43,7947.726552,12451.86965129915,-0.465,Comportamento esperado
788,178921,Sebastião Oliveira,AVANTE,PE,Comunicação,Telefonia,0,Sem indício cadastral crítico,FOUND,ATIVA,3,23,7211.29,10941.974167,12252.099914667077,-0.3045,Comportamento esperado
708,178951,Rafael Motta,PSB,RN,Serviços profissionais,"Consultorias, Pesquisas E Trabalhos Técnicos.",0,Sem indício cadastral crítico,FOUND,ATIVA,3,7,60000.00,75620.571429,70092.2679683885,-0.2229,Comportamento esperado
582,220591,Meire Serafim,UNIÃO,AC,Outros,Manutenção De Escritório De Apoio À Atividade Parlamentar,0,Documento não consultado por não ser CNPJ,NOT_APPLICABLE,,2,31,206000.00,29735.132000,50394.769544197494,3.4977,Anomalia financeira extrema
517,204526,Luiz Philippe De Orleans E Bragança,PL,SP,Hotéis,"Hospedagem ,exceto Do Parlamentar No Distrito Federal.",0,Sem indício cadastral crítico,FOUND,ATIVA,22,34,11059.29,10014.789189,11435.329101648113,0.0913,Comportamento esperado
128,73441,Celso Russomanno,REPUBLICANOS,SP,Hotéis,"Hospedagem ,exceto Do Parlamentar No Distrito Federal.",1,Erro na consulta pública de CNPJ,ERROR,,1,15,18255.92,10014.789189,11435.329101648113,0.7207,Fornecedor com CNPJ suspeito
440,112437,João Marcelo Souza,MDB,MA,Outros,Serviço De Segurança Prestado Por Empresa Especializada.,0,Sem indício cadastral crítico,FOUND,ATIVA,1,9,63000.00,53298.125000,58691.938342592795,0.1653,Comportamento esperado
451,204520,Junio Amaral,PL,MG,Publicidade,Divulgação Da Atividade Parlamentar.,0,Sem indício cadastral crítico,FOUND,ATIVA,9,21,60830.23,194891.353020,276881.75990132586,-0.4842,Comportamento esperado
176,204409,Daniel Trzeciak,PSDB,RS,Outros,Serviço De Segurança Prestado Por Empresa Especializada.,0,Sem indício cadastral crítico,FOUND,ATIVA,2,32,5215.00,50994.120000,102899.62785238729,-0.4449,Comportamento esperado
445,220640,Juliana Cardoso,PT,SP,Publicidade,Divulgação Da Atividade Parlamentar.,1,Situação cadastral não ativa: BAIXADA,FOUND,BAIXADA,1,22,88000.00,243741.226243,313657.1515008437,-0.4965,Fornecedor com CNPJ suspeito
699,204446,Professor Joziel,PATRIOTA,RJ,Comunicação,Telefonia,0,Sem indício cadastral crítico,FOUND,ATIVA,1,9,1110.42,11897.719661,18918.17939394703,-0.5702,Comportamento esperado
8,204528,Adriana Ventura,NOVO,SP,Publicidade,Assinatura De Publicações,1,Erro na consulta pública de CNPJ,ERROR,,1,1,675.96,3369.241333,3418.330377283657,-0.7879,Fornecedor com CNPJ suspeito
87,178948,Beto Rosado,PP,RN,Publicidade,Divulgação Da Atividade Parlamentar.,0,Sem indício cadastral crítico,FOUND,ATIVA,3,18,134000.00,246483.533462,299233.5953313259,-0.3759,Comportamento esperado
635,73692,Osmar Terra,PL,RS,Locomoção,Locação Ou Fretamento De Veículos Automotores,0,Sem indício cadastral crítico,FOUND,ATIVA,5,89,349571.97,182736.733051,177547.8783363845,0.9397,Comportamento esperado
806,220575,Sonize Barbosa,PL,AP,Publicidade,Divulgação Da Atividade Parlamentar.,0,Sem indício cadastral crítico,FOUND,ATIVA,11,50,904496.30,282209.245429,388109.6753004129,1.6034,Comportamento esperado
270,161550,Emidinho Madeira,PL,MG,Outros,Manutenção De Escritório De Apoio À Atividade Parlamentar,0,Sem indício cadastral crítico,FOUND,ATIVA,17,326,126588.70,123562.947566,162703.54342443834,0.0186,Comportamento esperado
377,178981,Herculano Passos,REPUBLICANOS,SP,Combustível,Combustíveis E Lubrificantes.,0,Sem indício cadastral crítico,FOUND,ATIVA,41,109,67524.62,42192.750821,64034.19773844777,0.3956,Comportamento esperado
297,204407,Fernanda Melchionna,PSOL,RS,Combustível,Combustíveis E Lubrificantes.,0,Sem indício cadastral crítico,FOUND,ATIVA,197,795,122272.50,60520.148547,97388.05968907535,0.6341,Comportamento esperado
552,204431,Marcos Aurélio Sampaio,PSD,PI,Viagens,Passagem Aérea - Sigepa,,,,,0,51,77336.32,155026.570000,94704.85142824263,-0.8203,Comportamento esperado
476,74156,Leonardo Monteiro,PT,MG,Locomoção,Locação Ou Fretamento De Veículos Automotores,0,Sem indício cadastral crítico,FOUND,ATIVA,2,120,401265.00,199358.988889,190617.58878325575,1.0592,Comportamento esperado
536,204433,Marcelo Calero,PSD,RJ,Alimentação,Fornecimento De Alimentação Do Parlamentar,0,Sem indício cadastral crítico,FOUND,ATIVA,53,89,5037.88,5314.154545,11413.915891543053,-0.0242,Comportamento esperado
697,204390,Professor Alcides,PSDB,GO,Publicidade,Divulgação Da Atividade Parlamentar.,0,Sem indício cadastral crítico,FOUND,ATIVA,3,30,563260.00,294423.402917,352090.0693215526,0.7635,Comportamento esperado
721,178989,Renata Abreu,PODE,SP,Outros,Manutenção De Escritório De Apoio À Atividade Parlamentar,0,Sem indício cadastral crítico,FOUND,ATIVA,4,71,209944.66,98538.487659,143509.98800071477,0.7763,Comportamento esperado
714,141523,Raul Henry,MDB,PE,Viagens,Passagem Aérea - Sigepa,,,,,0,163,204986.92,221741.150682,163177.94412569836,-0.1027,Comportamento esperado
727,221329,Ricardo Abrão,PSDB,RJ,Publicidade,Divulgação Da Atividade Parlamentar.,1,Situação cadastral não ativa: BAIXADA,FOUND,BAIXADA,2,19,164852.40,226781.355120,259582.44863584734,-0.2386,Fornecedor com CNPJ suspeito
128,73441,Celso Russomanno,REPUBLICANOS,SP,Alimentação,Fornecimento De Alimentação Do Parlamentar,1,Situação cadastral não ativa: BAIXADA,FOUND,BAIXADA,3,4,115.95,3366.001170,5609.697337170304,-0.5794,Fornecedor com CNPJ suspeito
45,204356,Amaro Neto,REPUBLICANOS,ES,Outros,Manutenção De Escritório De Apoio À Atividade Parlamentar,0,Sem indício cadastral crítico,FOUND,ATIVA,3,48,62286.42,101936.796563,164857.25422120074,-0.2405,Comportamento esperado
103,220548,Camila Jara,PT,MS,Outros,Manutenção De Escritório De Apoio À Atividade Parlamentar,0,Documento não consultado por não ser CNPJ,NOT_APPLICABLE,,1,35,138660.00,74966.746667,80602.5088063342,0.7902,Comportamento esperado
266,178854,Elmar Nascimento,UNIÃO,BA,Comunicação,Telefonia,0,Sem indício cadastral crítico,FOUND,ATIVA,3,93,15284.24,23153.030698,23468.568952979214,-0.3353,Comportamento esperado
508,73778,Luiz Carlos Hauly,PODE,PR,Outros,Manutenção De Escritório De Apoio À Atividade Parlamentar,0,Sem indício cadastral crítico,FOUND,ATIVA,12,82,20646.24,86193.122500,116860.66498214444,-0.5609,Comportamento esperado
197,204569,Delegado Pablo,UNIÃO,AM,Viagens,Passagem Aérea - Sigepa,,,,,0,100,213671.76,248402.612308,165221.2328718048,-0.2102,Comportamento esperado
614,204415,Nereu Crispim,PSD,RS,Outros,Manutenção De Escritório De Apoio À Atividade Parlamentar,0,Documento não consultado por não ser CNPJ,NOT_APPLICABLE,,2,22,51800.00,109428.142500,149558.61424927576,-0.3853,Comportamento esperado
554,204506,Marcos Pereira,REPUBLICANOS,SP,Viagens,Passagem Aérea - Rpa,0,Sem indício cadastral crítico,FOUND,ATIVA,1,41,59995.04,24943.515352,36157.13967829913,0.9694,Comportamento esperado
409,178910,Joaquim Passarinho,PL,PA,Outros,"Serviço De Táxi, Pedágio E Estacionamento",0,Sem indício cadastral crítico,FOUND,ATIVA,1,2,840.00,357.850000,369.23795491525516,1.3058,Comportamento esperado
625,227660,Nitinho,PSD,SE,Hotéis,"Hospedagem ,exceto Do Parlamentar No Distrito Federal.",0,Sem indício cadastral crítico,FOUND,ATIVA,5,6,5485.93,13543.401111,21569.307793305772,-0.3736,Comportamento esperado
467,74856,Laura Carneiro,PSD,RJ,Alimentação,Fornecimento De Alimentação Do Parlamentar,1,Situação cadastral não ativa: INAPTA,FOUND,INAPTA,2,3,318.90,5314.154545,11413.915891543053,-0.4376,Fornecedor com CNPJ suspeito
712,74084,Raimundo Santos,PSD,PA,Viagens,Passagem Aérea - Reembolso,0,Sem indício cadastral crítico,FOUND,ATIVA,3,4,24594.60,8897.662500,8393.75284614814,1.8701,Comportamento esperado
844,141553,Vanderlei Macris,PSDB,SP,Outros,"Serviço De Táxi, Pedágio E Estacionamento",0,Sem indício cadastral crítico,FOUND,ATIVA,3,18,7537.78,11967.060840,16796.655097373645,-0.2637,Comportamento esperado
682,204395,Pedro Lupion,REPUBLICANOS,PR,Hotéis,"Hospedagem ,exceto Do Parlamentar No Distrito Federal.",0,Sem indício cadastral crítico,FOUND,ATIVA,7,7,6278.85,18419.328649,34024.43115299299,-0.3568,Comportamento esperado
257,74075,Elcione Barbalho,MDB,PA,Locomoção,Locação Ou Fretamento De Aeronaves,0,Sem indício cadastral crítico,FOUND,ATIVA,1,1,8000.00,174153.634444,279835.95128643257,-0.5938,Comportamento esperado
820,220598,Tarcísio Motta,PSOL,RJ,Outros,Manutenção De Escritório De Apoio À Atividade Parlamentar,1,Erro na consulta pública de CNPJ,ERROR,,1,3,825.00,80988.593819,134414.71100556676,-0.5964,Fornecedor com CNPJ suspeito
863,74043,Wellington Roberto,PSD,PB,Viagens,Passagem Aérea - Reembolso,0,Sem indício cadastral crítico,FOUND,ATIVA,1,1,2113.51,14118.253125,32577.997530279183,-0.3685,Comportamento esperado
551,160535,Marcon,PT,RS,Viagens,Passagem Aérea - Rpa,0,Sem indício cadastral crítico,FOUND,ATIVA,1,1,492.30,23263.014545,27193.710295909314,-0.8374,Comportamento esperado
305,141434,Flaviano Melo,MDB,AC,Serviços profissionais,"Consultorias, Pesquisas E Trabalhos Técnicos.",0,Sem indício cadastral crítico,FOUND,ATIVA,1,7,158000.00,77762.496250,58254.79744380198,1.3774,Comportamento esperado
724,73801,Renildo Calheiros,PCDOB,PE,Combustível,Combustíveis E Lubrificantes.,1,CNPJ não encontrado na API pública,NOT_FOUND,,1,1,100.00,53506.291935,82942.380015203,-0.6439,Fornecedor com CNPJ suspeito
799,227310,Silvio Antonio,PL,MA,Publicidade,Divulgação Da Atividade Parlamentar.,0,Sem indício cadastral crítico,FOUND,ATIVA,4,9,193396.00,299945.123175,386285.4495039867,-0.2758,Comportamento esperado
82,109429,Benes Leocádio,UNIÃO,RN,Publicidade,Divulgação Da Atividade Parlamentar.,0,Sem indício cadastral crítico,FOUND,ATIVA,17,127,511941.94,246483.533462,299233.5953313259,0.8871,Comportamento esperado
501,222429,Luis Carlos Gomes,REPUBLICANOS,RJ,Viagens,Passagem Aérea - Sigepa,,,,,0,176,154608.66,213577.740357,175550.75566941444,-0.3359,Comportamento esperado
429,204391,José Nelto,PP,GO,Publicidade,Divulgação Da Atividade Parlamentar.,0,Sem indício cadastral crítico,FOUND,ATIVA,25,41,195367.20,294423.402917,352090.0693215526,-0.2813,Comportamento esperado
357,204513,Guiga Peixoto,PSC,SP,Viagens,Passagem Aérea - Sigepa,,,,,0,44,73698.29,185430.171967,136227.76556134285,-0.8202,Comportamento esperado
692,73486,Pompeo De Mattos,PDT,RS,Locomoção,Locação Ou Fretamento De Veículos Automotores,0,Sem indício cadastral crítico,FOUND,ATIVA,11,110,423647.47,182736.733051,177547.8783363845,1.3569,Comportamento esperado
583,74428,Mendonça Filho,PL,PE,Viagens,Passagem Aérea - Sigepa,,,,,0,227,258391.77,221741.150682,163177.94412569836,0.2246,Comportamento esperado
48,107970,Ana Paula Leão,PP,MG,Outros,Manutenção De Escritório De Apoio À Atividade Parlamentar,0,Sem indício cadastral crítico,FOUND,ATIVA,18,277,565453.89,123562.947566,162703.54342443834,2.7159,Possível anomalia financeira
401,74848,Jandira Feghali,PCDOB,RJ,Outros,Manutenção De Escritório De Apoio À Atividade Parlamentar,0,Sem indício cadastral crítico,FOUND,ATIVA,7,211,402109.00,80988.593819,134414.71100556676,2.389,Possível anomalia financeira
787,226837,Saulo Pedroso,PSD,SP,Outros,Manutenção De Escritório De Apoio À Atividade Parlamentar,0,Sem indício cadastral crítico,FOUND,ATIVA,8,128,201306.42,98538.487659,143509.98800071477,0.7161,Comportamento esperado
28,204544,Alexandre Frota,PROS,SP,Comunicação,Telefonia,0,Sem indício cadastral crítico,FOUND,ATIVA,1,9,18229.56,19889.940211,25751.500071775903,-0.0645,Comportamento esperado
119,74262,Carlos Sampaio,PSDB,SP,Viagens,Passagem Aérea - Sigepa,,,,,0,103,84375.54,185430.171967,136227.76556134285,-0.7418,Comportamento esperado
66,220549,Any Ortiz,PP,RS,Outros,Manutenção De Escritório De Apoio À Atividade Parlamentar,0,Sem indício cadastral crítico,FOUND,ATIVA,8,217,256179.02,109428.142500,149558.61424927576,0.9812,Comportamento esperado
87,178948,Beto Rosado,PP,RN,Locomoção,Locação Ou Fretamento De Veículos Automotores,1,Situação cadastral não ativa: BAIXADA,FOUND,BAIXADA,1,8,17082.84,157542.546842,185025.17121572056,-0.7591,Fornecedor com CNPJ suspeito
520,204418,Luizão Goulart,SOLIDARIEDADE,PR,Viagens,Passagem Aérea - Sigepa,,,,,0,103,101634.13,173223.575536,125997.34942419773,-0.5682,Comportamento esperado
649,204553,Pastor Sargento Isidório,AVANTE,BA,Locomoção,Locação Ou Fretamento De Veículos Automotores,0,Sem indício cadastral crítico,FOUND,ATIVA,2,39,360160.00,292409.611930,213979.496522466,0.3166,Comportamento esperado
274,204537,Enrico Misasi,MDB,SP,Viagens,Passagem Aérea - Sigepa,,,,,0,74,111250.78,185430.171967,136227.76556134285,-0.5445,Comportamento esperado
534,146788,Marcelo Aro,PP,MG,Publicidade,Assinatura De Publicações,0,Sem indício cadastral crítico,FOUND,ATIVA,2,6,1016.30,1596.091765,1698.0009011232714,-0.3415,Comportamento esperado
662,160558,Paulo Freire Costa,PL,SP,Locomoção,Locação Ou Fretamento De Veículos Automotores,0,Sem indício cadastral crítico,FOUND,ATIVA,1,8,53205.00,147254.510948,139673.23431152088,-0.6734,Comportamento esperado
798,220579,Silvia Waiãpi,PL,AP,Publicidade,Divulgação Da Atividade Parlamentar.,1,Situação cadastral não ativa: BAIXADA,FOUND,BAIXADA,2,9,78000.00,282209.245429,388109.6753004129,-0.5262,Fornecedor com CNPJ suspeito
863,74043,Wellington Roberto,PL,PB,Combustível,Combustíveis E Lubrificantes.,0,Sem indício cadastral crítico,FOUND,ATIVA,36,61,17918.54,61582.608974,85760.8839439169,-0.5091,Comportamento esperado
331,220611,General Pazuello,PL,RJ,Combustível,Combustíveis E Lubrificantes.,1,Situação cadastral não ativa: BAIXADA,FOUND,BAIXADA,2,4,728.20,44023.319398,62812.667137756165,-0.6893,Fornecedor com CNPJ suspeito
344,204365,Gilson Marques,NOVO,SC,Locomoção,Locação Ou Fretamento De Veículos Automotores,0,Sem indício cadastral crítico,FOUND,ATIVA,1,1,1200.24,154711.621212,151032.92349497412,-1.0164,Comportamento esperado
585,220585,Mersinho Lucena,PSD,PB,Outros,Manutenção De Escritório De Apoio À Atividade Parlamentar,0,Sem indício cadastral crítico,FOUND,ATIVA,1,7,3819.80,40088.436364,59072.75761932022,-0.614,Comportamento esperado
874,230768,Zé Adriano,PP,AC,Viagens,Passagem Aérea - Reembolso,0,Sem indício cadastral crítico,FOUND,ATIVA,2,2,4311.42,9056.415455,5089.4459464667925,-0.9323,Comportamento esperado
442,204474,Juarez Costa,MDB,MT,Locomoção,Locação Ou Fretamento De Veículos Automotores,1,Situação cadastral não ativa: SUSPENSA,FOUND,SUSPENSA,1,2,12700.00,134358.602609,119146.49353274485,-1.0211,Fornecedor com CNPJ suspeito
571,204428,Marília Arraes,SOLIDARIEDADE,PE,Outros,Manutenção De Escritório De Apoio À Atividade Parlamentar,0,Sem indício cadastral crítico,FOUND,ATIVA,10,55,28561.18,90785.734524,140277.34198893898,-0.4436,Comportamento esperado
739,152610,Roberto Alves,REPUBLICANOS,SP,Serviços profissionais,"Consultorias, Pesquisas E Trabalhos Técnicos.",1,Situação cadastral não ativa: BAIXADA,FOUND,BAIXADA,1,8,40000.00,42478.291429,47664.49520078613,-0.052,Fornecedor com CNPJ suspeito
16,204549,Aj Albuquerque,PP,CE,Serviços profissionais,"Consultorias, Pesquisas E Trabalhos Técnicos.",0,Sem indício cadastral crítico,FOUND,ATIVA,2,3,28000.00,67459.660000,60466.2251856053,-0.6526,Comportamento esperado
114,141401,Carlos Bezerra,MDB,MT,Publicidade,Divulgação Da Atividade Parlamentar.,0,Sem indício cadastral crítico,FOUND,ATIVA,3,8,241815.00,167205.955714,207800.9242977291,0.359,Comportamento esperado
113,204507,Carla Zambelli,PL,SP,Publicidade,Divulgação Da Atividade Parlamentar.,1,Situação cadastral não ativa: INAPTA,FOUND,INAPTA,1,1,3000.00,243741.226243,313657.1515008437,-0.7675,Fornecedor com CNPJ suspeito
4,204379,Acácio Favacho,MDB,AP,Viagens,Passagem Aérea - Rpa,0,Sem indício cadastral crítico,FOUND,ATIVA,1,1,3780.92,4617.490000,4023.3855612682983,-0.2079,Comportamento esperado
853,204478,Vinicius Farah,UNIÃO,RJ,Serviços profissionais,"Consultorias, Pesquisas E Trabalhos Técnicos.",0,Sem indício cadastral crítico,FOUND,ATIVA,1,4,143300.00,51555.638000,51954.41216850247,1.7659,Comportamento esperado
843,234673,Vanderlan Alves,SOLIDARIEDADE,CE,Locomoção,Locação Ou Fretamento De Veículos Automotores,0,Sem indício cadastral crítico,FOUND,ATIVA,1,4,41600.00,139651.247778,143531.8586124825,-0.6831,Comportamento esperado
777,178990,Samuel Moreira,PSDB,SP,Viagens,Passagem Aérea - Sigepa,,,,,0,99,119864.49,185430.171967,136227.76556134285,-0.4813,Comportamento esperado
189,220561,Delegada Katarina,PSD,SE,Combustível,Combustíveis E Lubrificantes.,0,Sem indício cadastral crítico,FOUND,ATIVA,51,1255,300205.14,53493.520741,82556.56454059949,2.9884,Possível anomalia financeira
302,204427,Fernando Rodolfo,PRD,PE,Combustível,Combustíveis E Lubrificantes.,0,Sem indício cadastral crítico,FOUND,ATIVA,223,727,178648.94,53506.291935,82942.380015203,1.5088,Comportamento esperado
621,204479,Nicoletti,UNIÃO,RR,Outros,Manutenção De Escritório De Apoio À Atividade Parlamentar,0,Sem indício cadastral crítico,FOUND,ATIVA,5,43,6800.37,80921.562903,170825.55022261123,-0.4339,Comportamento esperado
813,178947,Sóstenes Cavalcante,PL,RJ,Outros,Manutenção De Escritório De Apoio À Atividade Parlamentar,0,Sem indício cadastral crítico,FOUND,ATIVA,2,54,36369.10,80988.593819,134414.71100556676,-0.332,Comportamento esperado
120,204426,Carlos Veras,PT,PE,Publicidade,Divulgação Da Atividade Parlamentar.,1,Situação cadastral não ativa: BAIXADA,FOUND,BAIXADA,3,3,3950.00,241972.708182,301628.5621101344,-0.7891,Fornecedor com CNPJ suspeito
683,122158,Pedro Paulo,PSD,RJ,Combustível,Combustíveis E Lubrificantes.,0,Sem indício cadastral crítico,FOUND,ATIVA,20,36,8073.47,44023.319398,62812.667137756165,-0.5723,Comportamento esperado
496,178931,Luciano Ducci,PSB,PR,Viagens,Passagem Aérea - Rpa,0,Sem indício cadastral crítico,FOUND,ATIVA,3,23,28516.49,26722.504474,58025.433845182,0.0309,Comportamento esperado
837,223398,Ulisses Guimarães,MDB,MG,Outros,Manutenção De Escritório De Apoio À Atividade Parlamentar,0,Documento não consultado por não ser CNPJ,NOT_APPLICABLE,,1,3,14116.67,123562.947566,162703.54342443834,-0.6727,Comportamento esperado
644,230762,Pastor Claudio Mariano,UNIÃO,PA,Combustível,Combustíveis E Lubrificantes.,0,Sem indício cadastral crítico,FOUND,ATIVA,113,214,74779.55,39488.928400,62234.56368268833,0.5671,Comportamento esperado
129,204496,Celso Sabino,PDT,PA,Locomoção,Locação Ou Fretamento De Veículos Automotores,0,Sem indício cadastral crítico,FOUND,ATIVA,1,10,56823.00,121907.551481,147158.0353457022,-0.4423,Comportamento esperado
533,156190,Marcel Van Hattem,NOVO,RS,Locomoção,Locação Ou Fretamento De Veículos Automotores,0,Sem indício cadastral crítico,FOUND,ATIVA,7,45,63967.80,182736.733051,177547.8783363845,-0.6689,Comportamento esperado
326,220708,Gabriel Nunes,PSD,BA,Outros,Manutenção De Escritório De Apoio À Atividade Parlamentar,0,Documento não consultado por não ser CNPJ,NOT_APPLICABLE,,1,38,237282.94,98257.521290,134321.8726415135,1.035,Comportamento esperado
328,115746,Gelson Azevedo,PL,RJ,Combustível,Combustíveis E Lubrificantes.,1,Situação cadastral não ativa: BAIXADA,FOUND,BAIXADA,1,7,1569.35,44023.319398,62812.667137756165,-0.6759,Fornecedor com CNPJ suspeito
500,229082,Lucyana Genésio,PDT,MA,Outros,"Serviço De Táxi, Pedágio E Estacionamento",0,Sem indício cadastral crítico,FOUND,ATIVA,2,39,1291.12,3095.474615,4475.3830763031065,-0.4032,Comportamento esperado
781,160621,Sandro Alex,PSD,PR,Outros,Manutenção De Escritório De Apoio À Atividade Parlamentar,1,Situação cadastral não ativa: INAPTA,FOUND,INAPTA,1,8,6550.00,86193.122500,116860.66498214444,-0.6815,Fornecedor com CNPJ suspeito
263,229585,Elisangela Araujo,PT,BA,Outros,Manutenção De Escritório De Apoio À Atividade Parlamentar,0,Sem indício cadastral crítico,FOUND,ATIVA,2,4,1875.00,98257.521290,134321.8726415135,-0.7175,Comportamento esperado
122,164360,Carmen Zanotto,CIDADANIA,SC,Outros,"Serviço De Táxi, Pedágio E Estacionamento",0,Sem indício cadastral crítico,FOUND,ATIVA,4,17,373.64,2658.067742,3431.982973130558,-0.6656,Comportamento esperado
751,220641,Rodrigo Gambale,PODE,SP,Outros,Manutenção De Escritório De Apoio À Atividade Parlamentar,0,Documento não consultado por não ser CNPJ,NOT_APPLICABLE,,1,39,194948.52,98538.487659,143509.98800071477,0.6718,Comportamento esperado
234,220528,Dr. Victor Linhalis,PODE,ES,Hotéis,"Hospedagem ,exceto Do Parlamentar No Distrito Federal.",0,Sem indício cadastral crítico,FOUND,ATIVA,6,11,4824.81,14136.593684,23816.6886480095,-0.391,Comportamento esperado
54,74471,André De Paula,PSD,PE,Outros,Serviço De Segurança Prestado Por Empresa Especializada.,0,Sem indício cadastral crítico,FOUND,ATIVA,1,2,17400.00,39836.297143,37064.6043116348,-0.6053,Comportamento esperado
797,204360,Silvia Cristina,PL,RO,Outros,Manutenção De Escritório De Apoio À Atividade Parlamentar,1,Situação cadastral não ativa: BAIXADA,FOUND,BAIXADA,2,2,502.52,40149.183103,63678.43736701476,-0.6226,Fornecedor com CNPJ suspeito
590,92172,Milton Coelho,PSB,PE,Combustível,Combustíveis E Lubrificantes.,1,Situação cadastral não ativa: BAIXADA,FOUND,BAIXADA,1,2,222.20,53506.291935,82942.380015203,-0.6424,Fornecedor com CNPJ suspeito
660,193726,Paulo Eduardo Martins,PL,PR,Locomoção,Locação Ou Fretamento De Veículos Automotores,0,Sem indício cadastral crítico,FOUND,ATIVA,1,1,5181.59,113439.957419,130977.93601797776,-0.8265,Comportamento esperado
815,178922,Tadeu Alencar,PSB,PE,Combustível,Combustíveis E Lubrificantes.,0,Sem indício cadastral crítico,FOUND,ATIVA,73,259,58700.92,53506.291935,82942.380015203,0.0626,Comportamento esperado
185,220659,Dayany Bittencourt,UNIÃO,CE,Combustível,Combustíveis E Lubrificantes.,0,Sem indício cadastral crítico,FOUND,ATIVA,238,1095,238803.88,41977.960833,76764.60304100714,2.564,Possível anomalia financeira
608,204453,Natália Bonavides,PT,RN,Outros,"Serviço De Táxi, Pedágio E Estacionamento",0,Sem indício cadastral crítico,FOUND,ATIVA,7,2070,43502.97,8284.906667,15407.736715157096,2.2857,Possível anomalia financeira
383,141450,Hugo Leal,PSD,RJ,Combustível,Combustíveis E Lubrificantes.,0,Sem indício cadastral crítico,FOUND,ATIVA,112,546,158550.95,44023.319398,62812.667137756165,1.8233,Comportamento esperado
47,220596,Amália Barros,PL,MT,Locomoção,Locação Ou Fretamento De Veículos Automotores,0,Sem indício cadastral crítico,FOUND,ATIVA,8,36,115576.27,134358.602609,119146.49353274485,-0.1576,Comportamento esperado
79,220605,Bandeira De Mello,PV,RJ,Outros,"Serviço De Táxi, Pedágio E Estacionamento",0,Sem indício cadastral crítico,FOUND,ATIVA,23,659,35300.82,8455.730411,14321.838989715481,1.8744,Comportamento esperado
414,217480,Jones Moura,PSD,RJ,Alimentação,Fornecimento De Alimentação Do Parlamentar,0,Sem indício cadastral crítico,FOUND,ATIVA,124,389,22769.72,5314.154545,11413.915891543053,1.5293,Comportamento esperado
883,123086,Átila Lira,PP,PI,Viagens,Passagem Aérea - Sigepa,,,,,0,183,260013.82,155026.570000,94704.85142824263,1.1086,Comportamento esperado
282,178953,Expedito Netto,PSD,RO,Hotéis,"Hospedagem ,exceto Do Parlamentar No Distrito Federal.",1,Situação cadastral não ativa: BAIXADA,FOUND,BAIXADA,3,8,2239.25,15598.613913,18502.405565050612,-0.722,Fornecedor com CNPJ suspeito
525,220566,Lêda Borges,REPUBLICANOS,GO,Locomoção,Locação Ou Fretamento De Veículos Automotores,0,Sem indício cadastral crítico,FOUND,ATIVA,1,48,397200.00,189142.637500,142661.57624064668,1.4584,Comportamento esperado
180,62881,Danilo Forte,PP,CE,Viagens,Passagem Aérea - Sigepa,,,,,0,206,205391.12,190828.457826,170630.5409255439,0.0853,Comportamento esperado
381,178884,Hildo Rocha,MDB,MA,Combustível,Combustíveis E Lubrificantes.,0,Sem indício cadastral crítico,FOUND,ATIVA,126,330,86030.22,34895.172615,52384.05405357016,0.9762,Comportamento esperado
589,171786,Miguel Ângelo,PT,MG,Publicidade,Divulgação Da Atividade Parlamentar.,0,Sem indício cadastral crítico,FOUND,ATIVA,6,54,295517.75,194891.353020,276881.75990132586,0.3634,Comportamento esperado
409,178910,Joaquim Passarinho,PL,PA,Combustível,Combustíveis E Lubrificantes.,1,Situação cadastral não ativa: BAIXADA,FOUND,BAIXADA,3,10,2447.93,39488.928400,62234.56368268833,-0.5952,Fornecedor com CNPJ suspeito
281,178871,Evair Vieira De Melo,REPUBLICANOS,ES,Publicidade,Divulgação Da Atividade Parlamentar.,0,Sem indício cadastral crítico,FOUND,ATIVA,30,169,629366.73,254942.876552,301625.34822291706,1.2414,Comportamento esperado
248,204421,Edna Henrique,REPUBLICANOS,PB,Locomoção,Locação Ou Fretamento De Veículos Automotores,0,Sem indício cadastral crítico,FOUND,ATIVA,1,20,81700.00,197980.822174,165434.59936969794,-0.7029,Comportamento esperado
450,204457,Juninho Do Pneu,PSDB,RJ,Publicidade,Assinatura De Publicações,0,Sem indício cadastral crítico,FOUND,ATIVA,1,6,12828.00,4317.763846,4399.037924691675,1.9346,Comportamento esperado
334,178966,Geovania De Sá,PSDB,SC,Outros,"Serviço De Táxi, Pedágio E Estacionamento",0,Documento não consultado por não ser CNPJ,NOT_APPLICABLE,,1,5,593.00,2658.067742,3431.982973130558,-0.6017,Comportamento esperado
396,73531,Ivan Valente,PSOL,SP,Outros,Manutenção De Escritório De Apoio À Atividade Parlamentar,0,Sem indício cadastral crítico,FOUND,ATIVA,6,108,277609.75,98538.487659,143509.98800071477,1.2478,Comportamento esperado
484,171139,Loreny,SOLIDARIEDADE,SP,Viagens,Passagem Aérea - Reembolso,0,Sem indício cadastral crítico,FOUND,ATIVA,1,1,1993.75,9758.571000,11443.414965885137,-0.6785,Comportamento esperado
191,220642,Delegado Bruno Lima,PODE,SP,Outros,Manutenção De Escritório De Apoio À Atividade Parlamentar,0,Sem indício cadastral crítico,FOUND,ATIVA,5,37,189477.82,98538.487659,143509.98800071477,0.6337,Comportamento esperado
327,74200,Gastão Vieira,PROS,MA,Serviços profissionais,"Consultorias, Pesquisas E Trabalhos Técnicos.",0,Sem indício cadastral crítico,FOUND,ATIVA,1,3,30000.00,73247.500000,60193.25778602398,-0.7185,Comportamento esperado
617,74165,Neucimar Fraga,PP,ES,Hotéis,"Hospedagem ,exceto Do Parlamentar No Distrito Federal.",1,Situação cadastral não ativa: BAIXADA,FOUND,BAIXADA,2,2,1841.50,14136.593684,23816.6886480095,-0.5162,Fornecedor com CNPJ suspeito
24,160511,Alessandro Molon,PSB,RJ,Outros,Manutenção De Escritório De Apoio À Atividade Parlamentar,0,Sem indício cadastral crítico,FOUND,ATIVA,4,12,3249.30,80988.593819,134414.71100556676,-0.5784,Comportamento esperado
369,178964,Heitor Schuch,PSD,RS,Outros,"Passagens Terrestres, Marítimas Ou Fluviais",0,Sem indício cadastral crítico,FOUND,ATIVA,2,3,199.30,4236.036552,8253.072405382596,-0.4891,Comportamento esperado
763,204525,Rosana Valle,PL,SP,Hotéis,"Hospedagem ,exceto Do Parlamentar No Distrito Federal.",0,Sem indício cadastral crítico,FOUND,ATIVA,11,19,16017.99,10014.789189,11435.329101648113,0.525,Comportamento esperado
23,204501,Alencar Santana,PT,SP,Outros,Serviço De Segurança Prestado Por Empresa Especializada.,0,Sem indício cadastral crítico,FOUND,ATIVA,1,14,2682.00,57471.443333,111341.01915358497,-0.4921,Comportamento esperado
345,220526,Gilvan Da Federal,PL,ES,Combustível,Combustíveis E Lubrificantes.,0,Sem indício cadastral crítico,FOUND,ATIVA,229,704,123441.24,49148.417879,67749.62213949014,1.0966,Comportamento esperado
350,152605,Glauber Braga,PSOL,RJ,Combustível,Combustíveis E Lubrificantes.,0,Sem indício cadastral crítico,FOUND,ATIVA,32,898,186784.31,44023.319398,62812.667137756165,2.2728,Possível anomalia financeira
31,220554,Alexandre Lindenmeyer,PT,RS,Alimentação,Fornecimento De Alimentação Do Parlamentar,1,Situação cadastral não ativa: BAIXADA,FOUND,BAIXADA,8,12,336.94,7368.085075,13657.337051272762,-0.5148,Fornecedor com CNPJ suspeito
23,204501,Alencar Santana,PT,SP,Combustível,Combustíveis E Lubrificantes.,0,Sem indício cadastral crítico,FOUND,ATIVA,71,212,211758.03,42192.750821,64034.19773844777,2.648,Possível anomalia financeira
230,204439,Dr. Leonardo,REPUBLICANOS,MT,Comunicação,Telefonia,0,Sem indício cadastral crítico,FOUND,ATIVA,4,16,5816.57,6682.953571,8863.976852355925,-0.0977,Comportamento esperado
309,160598,Flávia Morais,MDB,GO,Outros,Manutenção De Escritório De Apoio À Atividade Parlamentar,0,Sem indício cadastral crítico,FOUND,ATIVA,7,96,51456.39,100447.486545,162486.21407041358,-0.3015,Comportamento esperado
427,141470,José Guimarães,PT,CE,Outros,Manutenção De Escritório De Apoio À Atividade Parlamentar,0,Sem indício cadastral crítico,FOUND,ATIVA,15,508,616583.62,68348.775082,105244.60317209057,5.2091,Anomalia financeira extrema
482,204405,Liziane Bayer,REPUBLICANOS,RS,Alimentação,Fornecimento De Alimentação Do Parlamentar,0,Sem indício cadastral crítico,FOUND,ATIVA,13,29,1493.20,7368.085075,13657.337051272762,-0.4302,Comportamento esperado
687,204406,Pedro Westphalen,PP,RS,Outros,"Passagens Terrestres, Marítimas Ou Fluviais",1,Erro na consulta pública de CNPJ,ERROR,,1,1,54.92,4236.036552,8253.072405382596,-0.5066,Fornecedor com CNPJ suspeito
40,226708,Allan Garcês,PP,MA,Publicidade,Divulgação Da Atividade Parlamentar.,0,Sem indício cadastral crítico,FOUND,ATIVA,18,107,737514.87,299945.123175,386285.4495039867,1.1328,Comportamento esperado
8,204528,Adriana Ventura,NOVO,SP,Publicidade,Assinatura De Publicações,0,Sem indício cadastral crítico,FOUND,ATIVA,5,41,3976.60,3369.241333,3418.330377283657,0.1777,Comportamento esperado
408,141456,Jilmar Tatto,PT,SP,Outros,Manutenção De Escritório De Apoio À Atividade Parlamentar,0,Documento não consultado por não ser CNPJ,NOT_APPLICABLE,,2,76,145215.11,98538.487659,143509.98800071477,0.3252,Comportamento esperado
590,92172,Milton Coelho,PSB,PE,Viagens,Passagem Aérea - Sigepa,,,,,0,67,90004.65,221741.150682,163177.94412569836,-0.8073,Comportamento esperado
31,220554,Alexandre Lindenmeyer,PT,RS,Outros,"Passagens Terrestres, Marítimas Ou Fluviais",0,Sem indício cadastral crítico,FOUND,ATIVA,11,162,25224.14,4236.036552,8253.072405382596,2.5431,Possível anomalia financeira
831,160976,Tiririca,PSD,SP,Publicidade,Divulgação Da Atividade Parlamentar.,0,Sem indício cadastral crítico,FOUND,ATIVA,1,38,574543.70,243741.226243,313657.1515008437,1.0547,Comportamento esperado
337,220587,Gerlen Diniz,PP,AC,Publicidade,Divulgação Da Atividade Parlamentar.,1,Situação cadastral não ativa: BAIXADA,FOUND,BAIXADA,2,9,10000.00,295132.464706,394989.3569390969,-0.7219,Fornecedor com CNPJ suspeito
474,80815,Leo Prates,REPUBLICANOS,BA,Publicidade,Divulgação Da Atividade Parlamentar.,0,Sem indício cadastral crítico,FOUND,ATIVA,5,115,605322.00,317318.910361,328157.1355142384,0.8776,Comportamento esperado
820,220598,Tarcísio Motta,PSOL,RJ,Comunicação,Telefonia,0,Sem indício cadastral crítico,FOUND,ATIVA,1,27,3524.68,11897.719661,18918.17939394703,-0.4426,Comportamento esperado
56,204423,André Ferreira,PL,PE,Hotéis,"Hospedagem ,exceto Do Parlamentar No Distrito Federal.",0,Sem indício cadastral crítico,FOUND,ATIVA,4,10,12685.66,17089.374528,23447.97906027458,-0.1878,Comportamento esperado
84,204358,Beto Pereira,REPUBLICANOS,MS,Outros,Manutenção De Escritório De Apoio À Atividade Parlamentar,1,Situação cadastral não ativa: BAIXADA,FOUND,BAIXADA,1,4,3205.00,74966.746667,80602.5088063342,-0.8903,Fornecedor com CNPJ suspeito
759,160629,Romero Rodrigues,PODE,PB,Combustível,Combustíveis E Lubrificantes.,0,Sem indício cadastral crítico,FOUND,ATIVA,2,79,136477.47,61582.608974,85760.8839439169,0.8733,Comportamento esperado
430,160619,José Nunes,PSD,BA,Locomoção,Locação Ou Fretamento De Veículos Automotores,0,Sem indício cadastral crítico,FOUND,ATIVA,1,6,35700.00,292409.611930,213979.496522466,-1.1997,Comportamento esperado
703,221338,Professora Luciene Cavalcante,PSOL,SP,Locomoção,Locação Ou Fretamento De Veículos Automotores,0,Sem indício cadastral crítico,FOUND,ATIVA,6,13,40135.64,147254.510948,139673.23431152088,-0.7669,Comportamento esperado
605,150418,Márcio Marinho,REPUBLICANOS,BA,Hotéis,"Hospedagem ,exceto Do Parlamentar No Distrito Federal.",1,Situação cadastral não ativa: BAIXADA,FOUND,BAIXADA,2,2,538.75,14559.116889,26542.375379101115,-0.5282,Fornecedor com CNPJ suspeito
86,220683,Beto Richa,PSDB,PR,Alimentação,Fornecimento De Alimentação Do Parlamentar,1,Erro na consulta pública de CNPJ,ERROR,,1,3,544.31,4173.948542,8441.04850518495,-0.43,Fornecedor com CNPJ suspeito
178,220557,Daniela Reinehr,PL,SC,Comunicação,Telefonia,0,Sem indício cadastral crítico,FOUND,ATIVA,3,14,1731.84,7776.667391,7284.093764458291,-0.8299,Comportamento esperado
177,204459,Daniela Do Waguinho,REPUBLICANOS,RJ,Viagens,Passagem Aérea - Rpa,0,Sem indício cadastral crítico,FOUND,ATIVA,2,3,5803.92,24365.871064,36425.48190750471,-0.5096,Comportamento esperado
488,204523,Lucas Gonzalez,NOVO,MG,Viagens,Passagem Aérea - Rpa,0,Sem indício cadastral crítico,FOUND,ATIVA,2,10,3608.04,40253.940526,63478.97879162227,-0.5773,Comportamento esperado
65,220675,Antônio Doido,MDB,PA,Outros,Manutenção De Escritório De Apoio À Atividade Parlamentar,0,Sem indício cadastral crítico,FOUND,ATIVA,3,39,16634.70,42888.542571,70113.4772677672,-0.3744,Comportamento esperado
652,74160,Patrus Ananias,PT,MG,Outros,"Serviço De Táxi, Pedágio E Estacionamento",1,Situação cadastral não ativa: BAIXADA,FOUND,BAIXADA,3,15,632.25,5572.245385,10370.293242628488,-0.4764,Fornecedor com CNPJ suspeito
68,73433,Arlindo Chinaglia,PT,SP,Alimentação,Fornecimento De Alimentação Do Parlamentar,1,Erro na consulta pública de CNPJ,ERROR,,1,2,479.17,3366.001170,5609.697337170304,-0.5146,Fornecedor com CNPJ suspeito
707,233594,Rafael Fera,PODE,RO,Publicidade,Divulgação Da Atividade Parlamentar.,0,Sem indício cadastral crítico,FOUND,ATIVA,13,51,179001.00,289552.191071,359934.1329827757,-0.3071,Comportamento esperado
377,178981,Herculano Passos,REPUBLICANOS,SP,Outros,Serviços Postais,0,Sem indício cadastral crítico,FOUND,ATIVA,1,1,2800.00,1015.584878,1403.5425598127083,1.2714,Comportamento esperado
294,204371,Felipe Rigoni,UNIÃO,ES,Locomoção,Locação Ou Fretamento De Veículos Automotores,0,Sem indício cadastral crítico,FOUND,ATIVA,2,8,26873.56,171214.090476,129265.73835992759,-1.1166,Comportamento esperado
156,135054,Cristiano Vale,PP,PA,Viagens,Passagem Aérea - Rpa,0,Sem indício cadastral crítico,FOUND,ATIVA,2,65,69791.16,40638.794706,54559.71826891466,0.5343,Comportamento esperado
586,220530,Messias Donato,UNIÃO,ES,Combustível,Combustíveis E Lubrificantes.,0,Sem indício cadastral crítico,FOUND,ATIVA,122,477,87701.59,49148.417879,67749.62213949014,0.5691,Comportamento esperado
128,73441,Celso Russomanno,REPUBLICANOS,SP,Viagens,Passagem Aérea - Sigepa,,,,,0,412,375912.11,185430.171967,136227.76556134285,1.3983,Comportamento esperado
769,220620,Rosângela Reis,PL,MG,Locomoção,Locação Ou Fretamento De Veículos Automotores,0,Sem indício cadastral crítico,FOUND,ATIVA,2,79,318715.65,199358.988889,190617.58878325575,0.6262,Comportamento esperado
188,220625,Delegada Ione,AVANTE,MG,Viagens,Passagem Aérea - Sigepa,,,,,0,152,183337.47,195216.599630,167832.49260588933,-0.0708,Comportamento esperado
349,226179,Gisela Simona,UNIÃO,MT,Outros,Manutenção De Escritório De Apoio À Atividade Parlamentar,0,Sem indício cadastral crítico,FOUND,ATIVA,7,42,77255.75,55063.669706,75019.05976556618,0.2958,Comportamento esperado
780,204416,Sanderson,PL,RS,Locomoção,Locação Ou Fretamento De Veículos Automotores,0,Sem indício cadastral crítico,FOUND,ATIVA,14,138,368432.30,182736.733051,177547.8783363845,1.0459,Comportamento esperado
688,73943,Perpétua Almeida,PCDOB,AC,Locomoção,Locação Ou Fretamento De Veículos Automotores,0,Sem indício cadastral crítico,FOUND,ATIVA,2,23,86500.00,136825.250667,132327.06516765346,-0.3803,Comportamento esperado
863,74043,Wellington Roberto,PSD,PB,Locomoção,Locação Ou Fretamento De Veículos Automotores,0,Sem indício cadastral crítico,FOUND,ATIVA,4,56,261000.00,197980.822174,165434.59936969794,0.3809,Comportamento esperado
774,73604,Rui Falcão,PT,SP,Outros,Manutenção De Escritório De Apoio À Atividade Parlamentar,0,Sem indício cadastral crítico,FOUND,ATIVA,7,169,353169.05,98538.487659,143509.98800071477,1.7743,Comportamento esperado
188,220625,Delegada Ione,AVANTE,MG,Locomoção,Locação Ou Fretamento De Veículos Automotores,0,Sem indício cadastral crítico,FOUND,ATIVA,3,90,422277.00,199358.988889,190617.58878325575,1.1695,Comportamento esperado
576,204486,Mauro Benevides Filho,PDT,CE,Viagens,Passagem Aérea - Sigepa,,,,,0,162,229890.03,190828.457826,170630.5409255439,0.2289,Comportamento esperado
856,178992,Vitor Lippi,PSD,SP,Comunicação,Telefonia,0,Sem indício cadastral crítico,FOUND,ATIVA,1,52,10831.50,19889.940211,25751.500071775903,-0.3518,Comportamento esperado
140,220665,Clarissa Tércio,PP,PE,Hotéis,"Hospedagem ,exceto Do Parlamentar No Distrito Federal.",0,Sem indício cadastral crítico,FOUND,ATIVA,10,11,16065.15,17089.374528,23447.97906027458,-0.0437,Comportamento esperado
661,160517,Paulo Folletto,PSB,ES,Publicidade,Divulgação Da Atividade Parlamentar.,0,Sem indício cadastral crítico,FOUND,ATIVA,10,44,737541.90,254942.876552,301625.34822291706,1.6,Comportamento esperado
130,204504,Cezinha De Madureira,PL,SP,Comunicação,Telefonia,0,Sem indício cadastral crítico,FOUND,ATIVA,1,39,85194.96,19889.940211,25751.500071775903,2.536,Possível anomalia financeira
750,223128,Rodrigo Estacho,PSD,PR,Outros,Manutenção De Escritório De Apoio À Atividade Parlamentar,0,Documento não consultado por não ser CNPJ,NOT_APPLICABLE,,1,37,199440.00,86193.122500,116860.66498214444,0.9691,Comportamento esperado
549,219585,Marco Brasil,PP,PR,Outros,"Serviço De Táxi, Pedágio E Estacionamento",0,Sem indício cadastral crítico,FOUND,ATIVA,2,2,122.00,5713.999474,13397.131596894355,-0.4174,Comportamento esperado
690,204524,Pinheirinho,PP,MG,Outros,"Serviço De Táxi, Pedágio E Estacionamento",0,Documento não consultado por não ser CNPJ,NOT_APPLICABLE,,4,4,425.00,5572.245385,10370.293242628488,-0.4963,Comportamento esperado
205,220553,Denise Pessôa,PT,RS,Combustível,Combustíveis E Lubrificantes.,1,CNPJ não encontrado na API pública,NOT_FOUND,,1,2,100.00,60520.148547,97388.05968907535,-0.6204,Fornecedor com CNPJ suspeito
530,179587,Major Vitor Hugo,PL,GO,Hotéis,"Hospedagem ,exceto Do Parlamentar No Distrito Federal.",0,Sem indício cadastral crítico,FOUND,ATIVA,10,18,5863.50,7024.380500,8737.204954294128,-0.1329,Comportamento esperado
86,220683,Beto Richa,PSDB,PR,Combustível,Combustíveis E Lubrificantes.,1,Situação cadastral não ativa: BAIXADA,FOUND,BAIXADA,2,2,436.49,57944.345500,82353.4495793919,-0.6983,Fornecedor com CNPJ suspeito
815,178922,Tadeu Alencar,PSB,PE,Outros,Manutenção De Escritório De Apoio À Atividade Parlamentar,1,Erro na consulta pública de CNPJ,ERROR,,1,2,169.12,90785.734524,140277.34198893898,-0.646,Fornecedor com CNPJ suspeito
768,178935,Rossoni,PSDB,PR,Hotéis,"Hospedagem ,exceto Do Parlamentar No Distrito Federal.",0,Sem indício cadastral crítico,FOUND,ATIVA,9,9,3926.88,18419.328649,34024.43115299299,-0.4259,Comportamento esperado
674,220630,Pedro Aihara,PP,MG,Outros,"Serviço De Táxi, Pedágio E Estacionamento",0,Sem indício cadastral crítico,FOUND,ATIVA,45,718,20626.11,5572.245385,10370.293242628488,1.4516,Comportamento esperado
774,73604,Rui Falcão,PT,SP,Publicidade,Divulgação Da Atividade Parlamentar.,0,Sem indício cadastral crítico,FOUND,ATIVA,4,49,569829.48,243741.226243,313657.1515008437,1.0396,Comportamento esperado
347,160673,Giovani Cherini,PL,RS,Alimentação,Fornecimento De Alimentação Do Parlamentar,0,Sem indício cadastral crítico,FOUND,ATIVA,129,340,19838.80,7368.085075,13657.337051272762,0.9131,Comportamento esperado
402,108338,Jaqueline Cassol,PP,RO,Viagens,Passagem Aérea - Sigepa,,,,,0,81,115585.58,146544.061250,69636.83718620405,-0.4446,Comportamento esperado
33,204516,Alexis Fonteyne,NOVO,SP,Viagens,Passagem Aérea - Sigepa,,,,,0,36,59242.93,185430.171967,136227.76556134285,-0.9263,Comportamento esperado
364,220568,Gustavo Gayer,PL,GO,Combustível,Combustíveis E Lubrificantes.,0,Sem indício cadastral crítico,FOUND,ATIVA,130,321,60519.38,65044.277593,95738.05404592726,-0.0473,Comportamento esperado
483,204382,Loester Trutis,PL,MS,Serviços profissionais,"Consultorias, Pesquisas E Trabalhos Técnicos.",0,Sem indício cadastral crítico,FOUND,ATIVA,1,9,178000.00,117975.000000,69066.65259008866,0.8691,Comportamento esperado
749,141531,Rodrigo De Castro,UNIÃO,MG,Viagens,Passagem Aérea - Sigepa,,,,,0,371,443256.48,195216.599630,167832.49260588933,1.4779,Comportamento esperado
621,204479,Nicoletti,UNIÃO,RR,Outros,Manutenção De Escritório De Apoio À Atividade Parlamentar,0,Documento não consultado por não ser CNPJ,NOT_APPLICABLE,,1,13,51500.00,80921.562903,170825.55022261123,-0.1722,Comportamento esperado
633,204363,Osires Damaso,PSC,TO,Viagens,Passagem Aérea - Sigepa,,,,,0,35,40905.33,76378.544118,54414.42672468753,-0.6519,Comportamento esperado
768,178935,Rossoni,PSDB,PR,Viagens,Passagem Aérea - Rpa,0,Sem indício cadastral crítico,FOUND,ATIVA,1,2,1992.46,26722.504474,58025.433845182,-0.4262,Comportamento esperado
72,160600,Arthur Oliveira Maia,UNIÃO,BA,Comunicação,Telefonia,0,Sem indício cadastral crítico,FOUND,ATIVA,7,206,69698.67,23153.030698,23468.568952979214,1.9833,Comportamento esperado
757,160651,Rogério Peninha Mendonça,MDB,SC,Comunicação,Telefonia,0,Sem indício cadastral crítico,FOUND,ATIVA,3,24,7933.58,7776.667391,7284.093764458291,0.0215,Comportamento esperado
442,204474,Juarez Costa,MDB,MT,Hotéis,"Hospedagem ,exceto Do Parlamentar No Distrito Federal.",0,Sem indício cadastral crítico,FOUND,ATIVA,6,36,15540.65,20380.542308,35609.06873470771,-0.1359,Comportamento esperado
59,204515,André Janones,REDE,MG,Outros,Manutenção De Escritório De Apoio À Atividade Parlamentar,0,Documento não consultado por não ser CNPJ,NOT_APPLICABLE,,1,12,42000.00,123562.947566,162703.54342443834,-0.5013,Comportamento esperado
510,74041,Luiz Couto,PT,PB,Outros,Serviço De Segurança Prestado Por Empresa Especializada.,0,Sem indício cadastral crítico,FOUND,ATIVA,4,27,8179.88,23461.340000,30668.444494610416,-0.4983,Comportamento esperado
819,204464,Talíria Petrone,PSOL,RJ,Locomoção,Locação Ou Fretamento De Veículos Automotores,0,Sem indício cadastral crítico,FOUND,ATIVA,2,16,49705.00,162239.394390,163272.60476613723,-0.6892,Comportamento esperado
9,121948,Adriano Do Baldy,PP,GO,Outros,Manutenção De Escritório De Apoio À Atividade Parlamentar,0,Documento não consultado por não ser CNPJ,NOT_APPLICABLE,,3,49,220692.33,100447.486545,162486.21407041358,0.74,Comportamento esperado
338,204394,Gervásio Maia,PCDOB,PB,Outros,Manutenção De Escritório De Apoio À Atividade Parlamentar,0,Sem indício cadastral crítico,FOUND,ATIVA,16,99,22954.53,40088.436364,59072.75761932022,-0.29,Comportamento esperado
871,160592,Zeca Dirceu,PT,PR,Outros,Manutenção De Escritório De Apoio À Atividade Parlamentar,1,Erro na consulta pública de CNPJ,ERROR,,1,22,4500.40,86193.122500,116860.66498214444,-0.6991,Fornecedor com CNPJ suspeito
309,160598,Flávia Morais,PDT,GO,Locomoção,Locação Ou Fretamento De Veículos Automotores,0,Sem indício cadastral crítico,FOUND,ATIVA,1,15,62000.00,189142.637500,142661.57624064668,-0.8912,Comportamento esperado
495,74478,Luciano Bivar,UNIÃO,PE,Publicidade,Assinatura De Publicações,0,Sem indício cadastral crítico,FOUND,ATIVA,1,1,2164.86,1262.036000,1247.3031245157156,0.7238,Comportamento esperado
194,220583,Delegado Fabio Costa,PP,AL,Alimentação,Fornecimento De Alimentação Do Parlamentar,1,Situação cadastral não ativa: BAIXADA,FOUND,BAIXADA,1,1,85.00,2542.058000,4729.8142873309525,-0.5195,Fornecedor com CNPJ suspeito
566,220655,Mario Frias,PL,SP,Viagens,Passagem Aérea - Reembolso,0,Sem indício cadastral crítico,FOUND,ATIVA,4,10,19318.07,9758.571000,11443.414965885137,0.8354,Comportamento esperado
874,230768,Zé Adriano,PP,AC,Alimentação,Fornecimento De Alimentação Do Parlamentar,0,Sem indício cadastral crítico,FOUND,ATIVA,8,15,1257.77,3506.161818,10352.10370735419,-0.2172,Comportamento esperado
472,231911,Lenir De Assis,PT,PR,Publicidade,Divulgação Da Atividade Parlamentar.,0,Sem indício cadastral crítico,FOUND,ATIVA,13,30,152997.00,263664.052022,329972.5348930845,-0.3354,Comportamento esperado
518,74784,Luiza Erundina,PSOL,SP,Outros,"Serviço De Táxi, Pedágio E Estacionamento",1,Situação cadastral não ativa: BAIXADA,FOUND,BAIXADA,1,13,416.00,11967.060840,16796.655097373645,-0.6877,Fornecedor com CNPJ suspeito
209,178929,Diego Garcia,UNIÃO,PR,Publicidade,Assinatura De Publicações,0,Sem indício cadastral crítico,FOUND,ATIVA,2,3,1244.40,799.995625,610.7018274408415,0.7277,Comportamento esperado
283,234388,Fabiano Cazeca,PRD,MG,Hotéis,"Hospedagem ,exceto Do Parlamentar No Distrito Federal.",0,Sem indício cadastral crítico,FOUND,ATIVA,6,15,3731.75,17018.453084,26330.369533202334,-0.5046,Comportamento esperado
90,204388,Bibo Nunes,PL,RS,Combustível,Combustíveis E Lubrificantes.,0,Sem indício cadastral crítico,FOUND,ATIVA,335,1020,227470.28,60520.148547,97388.05968907535,1.7143,Comportamento esperado
144,98148,Cobalchini,MDB,SC,Outros,Manutenção De Escritório De Apoio À Atividade Parlamentar,0,Documento não consultado por não ser CNPJ,NOT_APPLICABLE,,3,64,77711.58,70964.571200,106769.4367602354,0.0632,Comportamento esperado
318,68720,Fábio Henrique,UNIÃO,SE,Combustível,Combustíveis E Lubrificantes.,0,Sem indício cadastral crítico,FOUND,ATIVA,67,124,45345.88,53493.520741,82556.56454059949,-0.0987,Comportamento esperado
278,160640,Eros Biondini,PL,MG,Comunicação,Telefonia,0,Sem indício cadastral crítico,FOUND,ATIVA,1,43,19800.35,15607.667083,19082.29985422686,0.2197,Comportamento esperado
692,73486,Pompeo De Mattos,PDT,RS,Hotéis,"Hospedagem ,exceto Do Parlamentar No Distrito Federal.",0,Sem indício cadastral crítico,FOUND,ATIVA,61,100,29998.06,21826.986437,35658.661568585754,0.2291,Comportamento esperado
226,204518,Dr. Frederico,PRD,MG,Viagens,Passagem Aérea - Sigepa,,,,,0,81,101714.40,195216.599630,167832.49260588933,-0.5571,Comportamento esperado
548,204522,Marco Bertaiolli,PSD,SP,Publicidade,Divulgação Da Atividade Parlamentar.,0,Sem indício cadastral crítico,FOUND,ATIVA,12,47,241919.90,243741.226243,313657.1515008437,-0.0058,Comportamento esperado
18,73579,Alberto Fraga,PL,DF,Locomoção,Locação Ou Fretamento De Veículos Automotores,0,Sem indício cadastral crítico,FOUND,ATIVA,1,28,201124.19,118149.428125,89877.33858167462,0.9232,Comportamento esperado
45,204356,Amaro Neto,REPUBLICANOS,ES,Publicidade,Divulgação Da Atividade Parlamentar.,0,Sem indício cadastral crítico,FOUND,ATIVA,2,9,142779.70,254942.876552,301625.34822291706,-0.3719,Comportamento esperado
574,220550,Mauricio Marcon,PL,RS,Outros,"Serviço De Táxi, Pedágio E Estacionamento",0,Sem indício cadastral crítico,FOUND,ATIVA,7,136,9866.14,10192.084923,16137.89190584743,-0.0202,Comportamento esperado
356,198197,Greyce Elias,PL,MG,Comunicação,Telefonia,0,Sem indício cadastral crítico,FOUND,ATIVA,4,150,32710.11,15607.667083,19082.29985422686,0.8962,Comportamento esperado
325,224117,Gabriel Mota,UNIÃO,RR,Outros,Serviço De Segurança Prestado Por Empresa Especializada.,0,Sem indício cadastral crítico,FOUND,ATIVA,1,1,7500.00,69150.000000,78047.86992609088,-0.7899,Comportamento esperado
521,220669,Lula Da Fonte,PP,PE,Publicidade,Divulgação Da Atividade Parlamentar.,1,Situação cadastral não ativa: BAIXADA,FOUND,BAIXADA,4,8,25050.00,241972.708182,301628.5621101344,-0.7192,Fornecedor com CNPJ suspeito
195,204512,Delegado Marcelo Freitas,UNIÃO,MG,Alimentação,Fornecimento De Alimentação Do Parlamentar,0,Sem indício cadastral crítico,FOUND,ATIVA,2,4,206.13,3421.773553,6721.942950865462,-0.4784,Comportamento esperado
132,204490,Charlles Evangelista,PP,MG,Outros,Manutenção De Escritório De Apoio À Atividade Parlamentar,0,Sem indício cadastral crítico,FOUND,ATIVA,8,56,36685.24,123562.947566,162703.54342443834,-0.534,Comportamento esperado
224,220610,Dr. Fernando Máximo,PL,RO,Comunicação,Telefonia,0,Sem indício cadastral crítico,FOUND,ATIVA,1,5,1252.60,15683.564000,17340.40119270922,-0.8322,Comportamento esperado
844,141553,Vanderlei Macris,PSDB,SP,Publicidade,Divulgação Da Atividade Parlamentar.,1,Situação cadastral não ativa: BAIXADA,FOUND,BAIXADA,2,5,21100.00,243741.226243,313657.1515008437,-0.7098,Fornecedor com CNPJ suspeito
821,206231,Ted Conti,PSB,ES,Hotéis,"Hospedagem ,exceto Do Parlamentar No Distrito Federal.",0,Sem indício cadastral crítico,FOUND,ATIVA,2,4,950.40,14136.593684,23816.6886480095,-0.5537,Comportamento esperado
138,204440,Christino Aureo,PP,RJ,Viagens,Passagem Aérea - Rpa,0,Sem indício cadastral crítico,FOUND,ATIVA,2,4,6197.19,24365.871064,36425.48190750471,-0.4988,Comportamento esperado
148,220595,Coronel Fernanda,PL,MT,Outros,"Participação Em Curso, Palestra Ou Evento Similar",0,Sem indício cadastral crítico,FOUND,ATIVA,1,1,5000.00,5000.000000,,,Comportamento esperado
848,74283,Vicentinho,PT,SP,Hotéis,"Hospedagem ,exceto Do Parlamentar No Distrito Federal.",0,Sem indício cadastral crítico,FOUND,ATIVA,13,28,10179.80,10014.789189,11435.329101648113,0.0144,Comportamento esperado
311,220551,Franciane Bayer,REPUBLICANOS,RS,Outros,Manutenção De Escritório De Apoio À Atividade Parlamentar,0,Documento não consultado por não ser CNPJ,NOT_APPLICABLE,,1,31,193687.03,109428.142500,149558.61424927576,0.5634,Comportamento esperado
335,220702,Geraldo Mendes,UNIÃO,PR,Hotéis,"Hospedagem ,exceto Do Parlamentar No Distrito Federal.",0,Sem indício cadastral crítico,FOUND,ATIVA,13,26,20647.39,18419.328649,34024.43115299299,0.0655,Comportamento esperado
244,178994,Dulce Miranda,MDB,TO,Locomoção,Locação Ou Fretamento De Veículos Automotores,0,Sem indício cadastral crítico,FOUND,ATIVA,1,2,2094.80,117209.676500,159137.4356385456,-0.7234,Comportamento esperado
188,220625,Delegada Ione,AVANTE,MG,Outros,Serviço De Segurança Prestado Por Empresa Especializada.,0,Sem indício cadastral crítico,FOUND,ATIVA,1,25,6345.48,6910.803333,5568.322882362166,-0.1015,Comportamento esperado
859,160569,Waldenor Pereira,PT,BA,Outros,"Serviço De Táxi, Pedágio E Estacionamento",1,Situação cadastral não ativa: BAIXADA,FOUND,BAIXADA,1,1,29.83,7947.726552,12451.86965129915,-0.6359,Fornecedor com CNPJ suspeito
884,204509,Áurea Carolina,PSOL,MG,Viagens,Passagem Aérea - Reembolso,0,Sem indício cadastral crítico,FOUND,ATIVA,3,7,14087.41,7020.191961,10297.188894597206,0.6863,Comportamento esperado
332,204484,General Peternelli,UNIÃO,SP,Outros,"Passagens Terrestres, Marítimas Ou Fluviais",0,Sem indício cadastral crítico,FOUND,ATIVA,3,90,4476.00,996.486667,1138.3419633085512,3.0567,Anomalia financeira extrema
692,73486,Pompeo De Mattos,PDT,RS,Combustível,Combustíveis E Lubrificantes.,0,Sem indício cadastral crítico,FOUND,ATIVA,532,1452,259939.82,60520.148547,97388.05968907535,2.0477,Possível anomalia financeira
251,92346,Eduardo Bolsonaro,PL,SP,Viagens,Passagem Aérea - Rpa,0,Sem indício cadastral crítico,FOUND,ATIVA,3,150,189173.41,24943.515352,36157.13967829913,4.5421,Anomalia financeira extrema
7,204560,Adolfo Viana,PSDB,BA,Publicidade,Divulgação Da Atividade Parlamentar.,0,Sem indício cadastral crítico,FOUND,ATIVA,7,144,437500.00,317318.910361,328157.1355142384,0.3662,Comportamento esperado
102,143942,Caio Vianna,PSD,RJ,Combustível,Combustíveis E Lubrificantes.,0,Sem indício cadastral crítico,FOUND,ATIVA,54,148,26806.47,44023.319398,62812.667137756165,-0.2741,Comportamento esperado
681,122974,Pedro Lucas Fernandes,UNIÃO,MA,Combustível,Combustíveis E Lubrificantes.,0,Sem indício cadastral crítico,FOUND,ATIVA,140,566,155787.71,34895.172615,52384.05405357016,2.3078,Possível anomalia financeira
121,141398,Carlos Zarattini,PT,SP,Locomoção,Locação Ou Fretamento De Veículos Automotores,1,Situação cadastral não ativa: BAIXADA,FOUND,BAIXADA,1,8,27257.73,147254.510948,139673.23431152088,-0.8591,Fornecedor com CNPJ suspeito
278,160640,Eros Biondini,PL,MG,Combustível,Combustíveis E Lubrificantes.,0,Sem indício cadastral crítico,FOUND,ATIVA,160,460,245736.26,65306.104375,92314.0005265802,1.9545,Comportamento esperado
411,204468,Joenia Wapichana,REDE,RR,Viagens,Passagem Aérea - Rpa,0,Sem indício cadastral crítico,FOUND,ATIVA,3,8,10536.68,27007.868571,28285.776224385536,-0.5823,Comportamento esperado
299,141431,Fernando Coelho Filho,UNIÃO,PE,Locomoção,Locação Ou Fretamento De Veículos Automotores,1,Situação cadastral não ativa: BAIXADA,FOUND,BAIXADA,4,31,150834.17,220869.240392,185976.71020526288,-0.3766,Fornecedor com CNPJ suspeito
442,204474,Juarez Costa,MDB,MT,Locomoção,Locação Ou Fretamento De Veículos Automotores,0,Sem indício cadastral crítico,FOUND,ATIVA,2,24,147700.00,134358.602609,119146.49353274485,0.112,Comportamento esperado
531,204471,Mara Rocha,MDB,AC,Publicidade,Divulgação Da Atividade Parlamentar.,1,Situação cadastral não ativa: INAPTA,FOUND,INAPTA,2,4,13698.00,295132.464706,394989.3569390969,-0.7125,Fornecedor com CNPJ suspeito
439,141459,João Maia,PL,RN,Combustível,Combustíveis E Lubrificantes.,0,Sem indício cadastral crítico,FOUND,ATIVA,27,127,49216.64,51927.710333,76131.03428420173,-0.0356,Comportamento esperado
294,204371,Felipe Rigoni,UNIÃO,ES,Publicidade,Assinatura De Publicações,0,Sem indício cadastral crítico,FOUND,ATIVA,5,18,1603.92,2474.010000,1230.493078485206,-0.7071,Comportamento esperado
856,178992,Vitor Lippi,PSD,SP,Publicidade,Divulgação Da Atividade Parlamentar.,0,Sem indício cadastral crítico,FOUND,ATIVA,37,263,401414.66,243741.226243,313657.1515008437,0.5027,Comportamento esperado
341,204491,Gilberto Abramo,REPUBLICANOS,MG,Combustível,Combustíveis E Lubrificantes.,0,Sem indício cadastral crítico,FOUND,ATIVA,134,389,89368.09,65306.104375,92314.0005265802,0.2607,Comportamento esperado
674,220630,Pedro Aihara,PP,MG,Hotéis,"Hospedagem ,exceto Do Parlamentar No Distrito Federal.",0,Sem indício cadastral crítico,FOUND,ATIVA,54,89,38566.69,17018.453084,26330.369533202334,0.8184,Comportamento esperado
339,74383,Giacobo,PSD,PR,Hotéis,"Hospedagem ,exceto Do Parlamentar No Distrito Federal.",0,Sem indício cadastral crítico,FOUND,ATIVA,9,41,55723.31,18419.328649,34024.43115299299,1.0964,Comportamento esperado
527,166402,Magda Mofatto,PL,GO,Combustível,Combustíveis E Lubrificantes.,0,Sem indício cadastral crítico,FOUND,ATIVA,69,302,279907.07,65044.277593,95738.05404592726,2.2443,Possível anomalia financeira
481,74858,Lindbergh Farias,PT,RJ,Outros,Manutenção De Escritório De Apoio À Atividade Parlamentar,0,Sem indício cadastral crítico,FOUND,ATIVA,3,85,196100.87,80988.593819,134414.71100556676,0.8564,Comportamento esperado
904,,,,NA,Outros,Manutenção De Escritório De Apoio À Atividade Parlamentar,0,Sem indício cadastral crítico,FOUND,ATIVA,6,60,62282.10,15500.143182,23430.81961523477,1.9966,Comportamento esperado
431,74079,José Priante,MDB,PA,Locomoção,Locação Ou Fretamento De Veículos Automotores,0,Sem indício cadastral crítico,FOUND,ATIVA,1,86,458860.00,121907.551481,147158.0353457022,2.2897,Possível anomalia financeira
517,204526,Luiz Philippe De Orleans E Bragança,PL,SP,Outros,Manutenção De Escritório De Apoio À Atividade Parlamentar,0,Sem indício cadastral crítico,FOUND,ATIVA,4,46,56257.55,98538.487659,143509.98800071477,-0.2946,Comportamento esperado
326,220708,Gabriel Nunes,PSD,BA,Locomoção,Locação Ou Fretamento De Veículos Automotores,0,Sem indício cadastral crítico,FOUND,ATIVA,4,36,335953.24,292409.611930,213979.496522466,0.2035,Comportamento esperado
49,220556,Ana Paula Lima,PT,SC,Outros,"Serviço De Táxi, Pedágio E Estacionamento",1,Situação cadastral não ativa: BAIXADA,FOUND,BAIXADA,3,29,444.12,2658.067742,3431.982973130558,-0.6451,Fornecedor com CNPJ suspeito
34,221148,Alfredinho,PT,SP,Outros,Manutenção De Escritório De Apoio À Atividade Parlamentar,0,Sem indício cadastral crítico,FOUND,ATIVA,11,109,104646.04,98538.487659,143509.98800071477,0.0426,Comportamento esperado
560,74398,Maria Do Rosário,PT,RS,Outros,"Passagens Terrestres, Marítimas Ou Fluviais",0,Sem indício cadastral crítico,FOUND,ATIVA,6,20,2932.24,4236.036552,8253.072405382596,-0.158,Comportamento esperado
652,74160,Patrus Ananias,PT,MG,Hotéis,"Hospedagem ,exceto Do Parlamentar No Distrito Federal.",1,CNPJ não encontrado na API pública,NOT_FOUND,,1,2,200.00,17018.453084,26330.369533202334,-0.6387,Fornecedor com CNPJ suspeito
710,220626,Rafael Simoes,UNIÃO,MG,Alimentação,Fornecimento De Alimentação Do Parlamentar,0,Sem indício cadastral crítico,FOUND,ATIVA,4,5,810.70,3421.773553,6721.942950865462,-0.3884,Comportamento esperado
852,141555,Vinicius Carvalho,REPUBLICANOS,SP,Publicidade,Divulgação Da Atividade Parlamentar.,1,Situação cadastral não ativa: INAPTA,FOUND,INAPTA,1,3,1950.00,243741.226243,313657.1515008437,-0.7709,Fornecedor com CNPJ suspeito
159,204370,Célio Moura,PT,TO,Combustível,Combustíveis E Lubrificantes.,0,Sem indício cadastral crítico,FOUND,ATIVA,62,187,59316.82,73777.441071,109277.9364585353,-0.1323,Comportamento esperado
626,194260,Nivaldo Albuquerque,REPUBLICANOS,AL,Viagens,Passagem Aérea - Sigepa,,,,,0,109,135756.26,198077.580000,173709.55138656954,-0.3588,Comportamento esperado
849,137070,Vicentinho Júnior,PP,TO,Viagens,Passagem Aérea - Sigepa,,,,,0,42,60253.78,76378.544118,54414.42672468753,-0.2963,Comportamento esperado
229,204481,Dr. Jaziel,PL,CE,Outros,Manutenção De Escritório De Apoio À Atividade Parlamentar,1,Situação cadastral não ativa: BAIXADA,FOUND,BAIXADA,1,1,388.00,68348.775082,105244.60317209057,-0.6457,Fornecedor com CNPJ suspeito
481,74858,Lindbergh Farias,PT,RJ,Viagens,Passagem Aérea - Sigepa,,,,,0,516,638768.60,213577.740357,175550.75566941444,2.422,Possível anomalia financeira
714,141523,Raul Henry,MDB,PE,Locomoção,Locação Ou Fretamento De Veículos Automotores,0,Sem indício cadastral crítico,FOUND,ATIVA,5,37,98632.13,220869.240392,185976.71020526288,-0.6573,Comportamento esperado
113,204507,Carla Zambelli,PL,SP,Publicidade,Assinatura De Publicações,0,Sem indício cadastral crítico,FOUND,ATIVA,1,1,6535.50,3369.241333,3418.330377283657,0.9263,Comportamento esperado
746,204530,Rodrigo Agostinho,PSB,SP,Combustível,Combustíveis E Lubrificantes.,0,Sem indício cadastral crítico,FOUND,ATIVA,78,177,27918.91,42192.750821,64034.19773844777,-0.2229,Comportamento esperado
435,141458,João Carlos Bacelar,PL,BA,Outros,Manutenção De Escritório De Apoio À Atividade Parlamentar,0,Sem indício cadastral crítico,FOUND,ATIVA,9,123,53626.02,98257.521290,134321.8726415135,-0.3323,Comportamento esperado
49,220556,Ana Paula Lima,PT,SC,Alimentação,Fornecimento De Alimentação Do Parlamentar,0,Sem indício cadastral crítico,FOUND,ATIVA,8,12,906.81,5345.501750,9873.801589562949,-0.4495,Comportamento esperado
895,,,,NA,Alimentação,Fornecimento De Alimentação Do Parlamentar,0,Sem indício cadastral crítico,FOUND,ATIVA,6,112,124755.29,76824.316875,122514.48277202321,0.3912,Comportamento esperado
759,160629,Romero Rodrigues,PODE,PB,Publicidade,Divulgação Da Atividade Parlamentar.,0,Sem indício cadastral crítico,FOUND,ATIVA,9,74,910299.99,324815.111538,407718.48875224456,1.436,Comportamento esperado
69,141391,Arnaldo Jardim,CIDADANIA,SP,Outros,"Serviço De Táxi, Pedágio E Estacionamento",0,Sem indício cadastral crítico,FOUND,ATIVA,24,529,48240.61,11967.060840,16796.655097373645,2.1596,Possível anomalia financeira
806,220575,Sonize Barbosa,PL,AP,Viagens,Passagem Aérea - Sigepa,,,,,0,124,196041.89,180390.483889,137999.8120825282,0.1134,Comportamento esperado
794,178961,Shéridan,PSDB,RR,Publicidade,Divulgação Da Atividade Parlamentar.,0,Sem indício cadastral crítico,FOUND,ATIVA,6,17,43000.00,302008.159333,364968.0243701814,-0.7097,Comportamento esperado
290,66828,Fausto Pinato,UNIÃO,SP,Outros,Manutenção De Escritório De Apoio À Atividade Parlamentar,0,Sem indício cadastral crítico,FOUND,ATIVA,5,74,152930.61,98538.487659,143509.98800071477,0.379,Comportamento esperado
116,178962,Carlos Gomes,REPUBLICANOS,RS,Outros,"Serviço De Táxi, Pedágio E Estacionamento",0,Sem indício cadastral crítico,FOUND,ATIVA,6,88,702.09,10192.084923,16137.89190584743,-0.5881,Comportamento esperado
732,204362,Ricardo Guidi,PSD,SC,Locomoção,Locação Ou Fretamento De Veículos Automotores,0,Sem indício cadastral crítico,FOUND,ATIVA,1,11,62050.00,154711.621212,151032.92349497412,-0.6135,Comportamento esperado
393,98615,Ismael,PL,SC,Viagens,Passagem Aérea - Rpa,0,Sem indício cadastral crítico,FOUND,ATIVA,1,3,1863.76,12083.098000,25544.630338693623,-0.4001,Comportamento esperado
92,204561,Bira Do Pindaré,PSB,MA,Viagens,Passagem Aérea - Sigepa,,,,,0,72,94143.33,132207.227045,122458.5508602934,-0.3108,Comportamento esperado
261,226553,Eliane Braz,PSD,CE,Publicidade,Divulgação Da Atividade Parlamentar.,0,Sem indício cadastral crítico,FOUND,ATIVA,5,10,63000.00,263931.285395,366906.3702021798,-0.5476,Comportamento esperado
318,68720,Fábio Henrique,UNIÃO,SE,Combustível,Combustíveis E Lubrificantes.,1,Situação cadastral não ativa: INAPTA,FOUND,INAPTA,1,1,470.15,53493.520741,82556.56454059949,-0.6423,Fornecedor com CNPJ suspeito
378,204539,Hercílio Coelho Diniz,MDB,MG,Publicidade,Divulgação Da Atividade Parlamentar.,0,Sem indício cadastral crítico,FOUND,ATIVA,9,54,1001348.90,194891.353020,276881.75990132586,2.9126,Possível anomalia financeira
343,220529,Gilson Daniel,PODE,ES,Viagens,Passagem Aérea - Reembolso,0,Sem indício cadastral crítico,FOUND,ATIVA,1,2,5020.90,10428.191818,24247.266158601393,-0.223,Comportamento esperado
283,234388,Fabiano Cazeca,PRD,MG,Outros,"Serviço De Táxi, Pedágio E Estacionamento",0,Sem indício cadastral crítico,FOUND,ATIVA,2,75,2404.69,5572.245385,10370.293242628488,-0.3054,Comportamento esperado
488,204523,Lucas Gonzalez,NOVO,MG,Publicidade,Divulgação Da Atividade Parlamentar.,0,Sem indício cadastral crítico,FOUND,ATIVA,2,13,66000.00,194891.353020,276881.75990132586,-0.4655,Comportamento esperado
528,151965,Maia Filho,PP,PI,Outros,"Serviço De Táxi, Pedágio E Estacionamento",0,Sem indício cadastral crítico,FOUND,ATIVA,1,10,308.29,1131.130000,1001.0474213292796,-0.822,Comportamento esperado
32,204503,Alexandre Padilha,PT,SP,Outros,"Passagens Terrestres, Marítimas Ou Fluviais",0,Sem indício cadastral crítico,FOUND,ATIVA,2,12,1755.95,996.486667,1138.3419633085512,0.6672,Comportamento esperado
323,160587,Fábio Trad,PSD,MS,Outros,Manutenção De Escritório De Apoio À Atividade Parlamentar,1,Situação cadastral não ativa: INAPTA,FOUND,INAPTA,1,8,6549.00,74966.746667,80602.5088063342,-0.8488,Fornecedor com CNPJ suspeito
673,171617,Paulão,PT,AL,Alimentação,Fornecimento De Alimentação Do Parlamentar,1,Situação cadastral não ativa: BAIXADA,FOUND,BAIXADA,2,2,141.93,2542.058000,4729.8142873309525,-0.5074,Fornecedor com CNPJ suspeito
435,141458,João Carlos Bacelar,PL,BA,Viagens,Passagem Aérea - Sigepa,,,,,0,555,558680.92,219376.223091,157819.4558803826,2.15,Possível anomalia financeira
21,160559,Alceu Moreira,MDB,RS,Combustível,Combustíveis E Lubrificantes.,0,Sem indício cadastral crítico,FOUND,ATIVA,368,1546,348946.97,60520.148547,97388.05968907535,2.9616,Possível anomalia financeira
666,220685,Paulo Litro,UNIÃO,PR,Hotéis,"Hospedagem ,exceto Do Parlamentar No Distrito Federal.",0,Sem indício cadastral crítico,FOUND,ATIVA,31,78,27499.62,18419.328649,34024.43115299299,0.2669,Comportamento esperado
621,204479,Nicoletti,PL,RR,Combustível,Combustíveis E Lubrificantes.,0,Sem indício cadastral crítico,FOUND,ATIVA,84,955,176792.33,70971.916364,102686.34049821323,1.0305,Comportamento esperado
689,161440,Pezenti,MDB,SC,Hotéis,"Hospedagem ,exceto Do Parlamentar No Distrito Federal.",0,Sem indício cadastral crítico,FOUND,ATIVA,63,223,86253.49,36695.958649,43528.74004922331,1.1385,Comportamento esperado
432,204555,José Ricardo,PT,AM,Publicidade,Divulgação Da Atividade Parlamentar.,0,Sem indício cadastral crítico,FOUND,ATIVA,3,15,142245.00,309286.770000,323174.1425425514,-0.5169,Comportamento esperado
334,178966,Geovania De Sá,REPUBLICANOS,SC,Outros,Manutenção De Escritório De Apoio À Atividade Parlamentar,0,Sem indício cadastral crítico,FOUND,ATIVA,10,134,129302.86,70964.571200,106769.4367602354,0.5464,Comportamento esperado
809,177282,Subtenente Gonzaga,PSD,MG,Hotéis,"Hospedagem ,exceto Do Parlamentar No Distrito Federal.",0,Sem indício cadastral crítico,FOUND,ATIVA,56,155,22518.74,17018.453084,26330.369533202334,0.2089,Comportamento esperado
833,220684,Tião Medeiros,PP,PR,Publicidade,Divulgação Da Atividade Parlamentar.,1,Situação cadastral não ativa: BAIXADA,FOUND,BAIXADA,1,19,222500.00,263664.052022,329972.5348930845,-0.1247,Fornecedor com CNPJ suspeito
293,204398,Felipe Francischini,PODE,PR,Outros,Manutenção De Escritório De Apoio À Atividade Parlamentar,0,Sem indício cadastral crítico,FOUND,ATIVA,5,52,27546.69,86193.122500,116860.66498214444,-0.5018,Comportamento esperado
57,133439,André Figueiredo,PDT,CE,Viagens,Passagem Aérea - Reembolso,0,Sem indício cadastral crítico,FOUND,ATIVA,1,1,948.29,12007.303200,17888.200103405623,-0.6182,Comportamento esperado
21,160559,Alceu Moreira,MDB,RS,Outros,Manutenção De Escritório De Apoio À Atividade Parlamentar,0,Documento não consultado por não ser CNPJ,NOT_APPLICABLE,,3,96,371561.19,109428.142500,149558.61424927576,1.7527,Comportamento esperado
299,141431,Fernando Coelho Filho,UNIÃO,PE,Comunicação,Telefonia,0,Sem indício cadastral crítico,FOUND,ATIVA,3,31,11746.30,10941.974167,12252.099914667077,0.0656,Comportamento esperado
610,218879,Nelho Bezerra,UNIÃO,CE,Combustível,Combustíveis E Lubrificantes.,1,CNPJ não encontrado na API pública,NOT_FOUND,,1,1,200.00,41977.960833,76764.60304100714,-0.5442,Fornecedor com CNPJ suspeito
591,154178,Milton Vieira,REPUBLICANOS,SP,Outros,Manutenção De Escritório De Apoio À Atividade Parlamentar,0,Sem indício cadastral crítico,FOUND,ATIVA,4,23,129615.89,98538.487659,143509.98800071477,0.2166,Comportamento esperado
440,112437,João Marcelo Souza,MDB,MA,Publicidade,Assinatura De Publicações,0,Sem indício cadastral crítico,FOUND,ATIVA,1,1,3179.52,2169.600000,1849.596245779062,0.546,Comportamento esperado
718,205865,Reinhold Stephanes,PL,PR,Hotéis,"Hospedagem ,exceto Do Parlamentar No Distrito Federal.",0,Sem indício cadastral crítico,FOUND,ATIVA,4,4,6163.88,18419.328649,34024.43115299299,-0.3602,Comportamento esperado
123,220704,Carol Dartora,PT,PR,Outros,"Serviço De Táxi, Pedágio E Estacionamento",1,Situação cadastral não ativa: INAPTA,FOUND,INAPTA,1,1,90.00,5713.999474,13397.131596894355,-0.4198,Fornecedor com CNPJ suspeito
111,229106,Carla Ayres,PT,SC,Outros,Manutenção De Escritório De Apoio À Atividade Parlamentar,0,Sem indício cadastral crítico,FOUND,ATIVA,9,19,7761.51,70964.571200,106769.4367602354,-0.592,Comportamento esperado
411,204468,Joenia Wapichana,REDE,RR,Serviços profissionais,"Consultorias, Pesquisas E Trabalhos Técnicos.",0,Sem indício cadastral crítico,FOUND,ATIVA,2,15,118152.80,120130.560000,87266.22616779071,-0.0227,Comportamento esperado
311,220551,Franciane Bayer,REPUBLICANOS,RS,Viagens,Passagem Aérea - Reembolso,0,Sem indício cadastral crítico,FOUND,ATIVA,1,1,1400.00,7846.026333,10735.105702213965,-0.6005,Comportamento esperado
66,220549,Any Ortiz,PP,RS,Outros,"Passagens Terrestres, Marítimas Ou Fluviais",0,Sem indício cadastral crítico,FOUND,ATIVA,2,3,949.00,4236.036552,8253.072405382596,-0.3983,Comportamento esperado
300,204445,Fernando Mineiro,PT,RN,Outros,"Serviço De Táxi, Pedágio E Estacionamento",1,Situação cadastral não ativa: BAIXADA,FOUND,BAIXADA,1,7,276.06,8284.906667,15407.736715157096,-0.5198,Fornecedor com CNPJ suspeito
452,204574,Junior Lourenço,PL,MA,Viagens,Passagem Aérea - Rpa,0,Sem indício cadastral crítico,FOUND,ATIVA,3,4,7919.22,17893.360952,34179.698738222214,-0.2918,Comportamento esperado
688,73943,Perpétua Almeida,PCDOB,AC,Viagens,Passagem Aérea - Reembolso,0,Sem indício cadastral crítico,FOUND,ATIVA,3,4,11135.05,9056.415455,5089.4459464667925,0.4084,Comportamento esperado
818,220682,Tadeu Veneri,PT,PR,Combustível,Combustíveis E Lubrificantes.,0,Sem indício cadastral crítico,FOUND,ATIVA,469,1782,300082.90,57944.345500,82353.4495793919,2.9402,Possível anomalia financeira
521,220669,Lula Da Fonte,PP,PE,Outros,Serviço De Segurança Prestado Por Empresa Especializada.,0,Sem indício cadastral crítico,FOUND,ATIVA,1,15,103500.00,39836.297143,37064.6043116348,1.7176,Comportamento esperado
444,204420,Julian Lemos,UNIÃO,PB,Combustível,Combustíveis E Lubrificantes.,0,Sem indício cadastral crítico,FOUND,ATIVA,68,187,53680.95,61582.608974,85760.8839439169,-0.0921,Comportamento esperado
507,141485,Luiz Carlos Busato,UNIÃO,RS,Viagens,Passagem Aérea - Sigepa,,,,,0,265,160783.49,223297.576531,126627.95953182003,-0.4937,Comportamento esperado
196,220701,Delegado Matheus Laiola,UNIÃO,PR,Combustível,Combustíveis E Lubrificantes.,1,Situação cadastral não ativa: BAIXADA,FOUND,BAIXADA,5,6,1331.05,57944.345500,82353.4495793919,-0.6874,Fornecedor com CNPJ suspeito
495,74478,Luciano Bivar,UNIÃO,PE,Outros,Manutenção De Escritório De Apoio À Atividade Parlamentar,0,Documento não consultado por não ser CNPJ,NOT_APPLICABLE,,1,13,16510.00,90785.734524,140277.34198893898,-0.5295,Comportamento esperado
274,204537,Enrico Misasi,MDB,SP,Outros,"Passagens Terrestres, Marítimas Ou Fluviais",1,Situação cadastral não ativa: BAIXADA,FOUND,BAIXADA,1,3,641.50,996.486667,1138.3419633085512,-0.3118,Fornecedor com CNPJ suspeito
549,219585,Marco Brasil,PP,PR,Viagens,Passagem Aérea - Sigepa,,,,,0,116,117447.98,173223.575536,125997.34942419773,-0.4427,Comportamento esperado
656,141516,Paulo Abi-ackel,PSDB,MG,Combustível,Combustíveis E Lubrificantes.,0,Sem indício cadastral crítico,FOUND,ATIVA,208,880,268203.59,65306.104375,92314.0005265802,2.1979,Possível anomalia financeira
377,178981,Herculano Passos,REPUBLICANOS,SP,Outros,"Serviço De Táxi, Pedágio E Estacionamento",0,Sem indício cadastral crítico,FOUND,ATIVA,8,81,9196.71,11967.060840,16796.655097373645,-0.1649,Comportamento esperado
882,74459,Átila Lira,PP,PI,Viagens,Passagem Aérea - Sigepa,,,,,0,83,126303.80,155026.570000,94704.85142824263,-0.3033,Comportamento esperado
405,160570,Jerônimo Goergen,PP,RS,Viagens,Passagem Aérea - Sigepa,,,,,0,143,222470.40,223297.576531,126627.95953182003,-0.0065,Comportamento esperado
338,204394,Gervásio Maia,PSB,PB,Comunicação,Telefonia,0,Sem indício cadastral crítico,FOUND,ATIVA,4,20,2710.97,7288.602667,11193.533001502294,-0.409,Comportamento esperado
716,221378,Reginete Bispo,PT,RS,Outros,Manutenção De Escritório De Apoio À Atividade Parlamentar,0,Sem indício cadastral crítico,FOUND,ATIVA,8,60,176620.07,109428.142500,149558.61424927576,0.4493,Comportamento esperado
7,204560,Adolfo Viana,PSDB,BA,Viagens,Passagem Aérea - Sigepa,,,,,0,283,345039.55,219376.223091,157819.4558803826,0.7962,Comportamento esperado
287,204368,Fabio Schiochet,UNIÃO,SC,Viagens,Passagem Aérea - Sigepa,,,,,0,408,476259.93,213397.721034,170101.01243018164,1.5453,Comportamento esperado
365,204408,Gustinho Ribeiro,PP,SE,Locomoção,Locação Ou Fretamento De Veículos Automotores,0,Sem indício cadastral crítico,FOUND,ATIVA,3,23,343500.00,212589.297222,162975.5333971958,0.8033,Comportamento esperado
118,204460,Carlos Jordy,PL,RJ,Outros,Manutenção De Escritório De Apoio À Atividade Parlamentar,0,Documento não consultado por não ser CNPJ,NOT_APPLICABLE,,3,35,96400.00,80988.593819,134414.71100556676,0.1147,Comportamento esperado
757,160651,Rogério Peninha Mendonça,MDB,SC,Publicidade,Divulgação Da Atividade Parlamentar.,0,Sem indício cadastral crítico,FOUND,ATIVA,3,16,18264.20,148561.773265,217765.15459275612,-0.5983,Comportamento esperado
822,178901,Tereza Cristina,PP,MS,Viagens,Passagem Aérea - Rpa,0,Sem indício cadastral crítico,FOUND,ATIVA,1,3,5573.64,17942.155000,19044.285855017733,-0.6495,Comportamento esperado
124,204369,Caroline De Toni,PL,SC,Publicidade,Divulgação Da Atividade Parlamentar.,0,Sem indício cadastral crítico,FOUND,ATIVA,14,36,70632.20,148561.773265,217765.15459275612,-0.3579,Comportamento esperado
632,178987,Orlando Silva,PCDOB,SP,Locomoção,Locação Ou Fretamento De Veículos Automotores,1,Situação cadastral não ativa: BAIXADA,FOUND,BAIXADA,1,25,108534.20,147254.510948,139673.23431152088,-0.2772,Fornecedor com CNPJ suspeito
347,160673,Giovani Cherini,PL,RS,Publicidade,Divulgação Da Atividade Parlamentar.,1,Situação cadastral não ativa: BAIXADA,FOUND,BAIXADA,6,8,2750.00,215724.063125,265101.600265673,-0.8034,Fornecedor com CNPJ suspeito
455,74317,Júlio Cesar,PSD,PI,Locomoção,Locação Ou Fretamento De Aeronaves,0,Sem indício cadastral crítico,FOUND,ATIVA,1,6,86975.00,71847.500000,68278.8986254172,0.2216,Comportamento esperado
336,74374,Geraldo Resende,UNIÃO,MS,Outros,Manutenção De Escritório De Apoio À Atividade Parlamentar,0,Documento não consultado por não ser CNPJ,NOT_APPLICABLE,,1,33,153750.00,74966.746667,80602.5088063342,0.9774,Comportamento esperado
2,204521,Abou Anni,UNIÃO,SP,Combustível,Combustíveis E Lubrificantes.,1,Situação cadastral não ativa: BAIXADA,FOUND,BAIXADA,2,2,450.00,42192.750821,64034.19773844777,-0.6519,Fornecedor com CNPJ suspeito
867,74439,Wolney Queiroz,PDT,PE,Viagens,Passagem Aérea - Sigepa,,,,,0,93,150540.91,221741.150682,163177.94412569836,-0.4363,Comportamento esperado
614,204415,Nereu Crispim,PSD,RS,Serviços profissionais,"Consultorias, Pesquisas E Trabalhos Técnicos.",0,Sem indício cadastral crítico,FOUND,ATIVA,2,7,24035.00,39996.666667,35707.577110401064,-0.447,Comportamento esperado
105,204572,Capitão Alberto Neto,PL,AM,Outros,Manutenção De Escritório De Apoio À Atividade Parlamentar,0,Sem indício cadastral crítico,FOUND,ATIVA,4,31,43883.29,35177.838000,53399.12696043168,0.163,Comportamento esperado
458,204497,Júnior Ferrari,PSD,PA,Publicidade,Divulgação Da Atividade Parlamentar.,1,Situação cadastral não ativa: BAIXADA,FOUND,BAIXADA,1,5,18100.00,319971.475333,323849.5425991789,-0.9321,Fornecedor com CNPJ suspeito
210,73768,Dilceu Sperafico,PP,PR,Outros,Manutenção De Escritório De Apoio À Atividade Parlamentar,0,Sem indício cadastral crítico,FOUND,ATIVA,1,17,5405.30,86193.122500,116860.66498214444,-0.6913,Comportamento esperado
755,220695,Rogéria Santos,REPUBLICANOS,BA,Viagens,Passagem Aérea - Reembolso,0,Sem indício cadastral crítico,FOUND,ATIVA,1,1,1684.63,6722.195000,9392.208684505544,-0.5364,Comportamento esperado
792,167614,Severino Ninho,PSB,PE,Combustível,Combustíveis E Lubrificantes.,0,Sem indício cadastral crítico,FOUND,ATIVA,12,12,1315.12,53506.291935,82942.380015203,-0.6292,Comportamento esperado
561,204540,Maria Rosas,REPUBLICANOS,SP,Combustível,Combustíveis E Lubrificantes.,0,Sem indício cadastral crítico,FOUND,ATIVA,178,902,165197.78,42192.750821,64034.19773844777,1.9209,Comportamento esperado
79,220605,Bandeira De Mello,PV,RJ,Combustível,Combustíveis E Lubrificantes.,0,Sem indício cadastral crítico,FOUND,ATIVA,170,579,129350.09,44023.319398,62812.667137756165,1.3584,Comportamento esperado
246,204562,Edilázio Júnior,PSD,MA,Comunicação,Telefonia,0,Sem indício cadastral crítico,FOUND,ATIVA,4,25,7552.72,18512.680625,18171.321371846523,-0.6031,Comportamento esperado
321,141427,Fábio Ramalho,MDB,MG,Viagens,Passagem Aérea - Sigepa,,,,,0,149,220357.66,195216.599630,167832.49260588933,0.1498,Comportamento esperado
249,74655,Eduardo Barbosa,PSDB,MG,Alimentação,Fornecimento De Alimentação Do Parlamentar,0,Sem indício cadastral crítico,FOUND,ATIVA,45,73,4394.71,3421.773553,6721.942950865462,0.1447,Comportamento esperado
308,204354,Flávia Arruda,PL,DF,Combustível,Combustíveis E Lubrificantes.,0,Sem indício cadastral crítico,FOUND,ATIVA,22,46,18257.68,33372.670769,51515.7382887601,-0.2934,Comportamento esperado
573,220628,Mauricio Do Vôlei,PL,MG,Combustível,Combustíveis E Lubrificantes.,0,Sem indício cadastral crítico,FOUND,ATIVA,207,907,181035.43,65306.104375,92314.0005265802,1.2536,Comportamento esperado
390,204508,Igor Timo,PODE,MG,Viagens,Passagem Aérea - Rpa,0,Sem indício cadastral crítico,FOUND,ATIVA,3,71,64867.09,40253.940526,63478.97879162227,0.3877,Comportamento esperado
520,204418,Luizão Goulart,SOLIDARIEDADE,PR,Comunicação,Telefonia,0,Sem indício cadastral crítico,FOUND,ATIVA,2,15,2967.23,10984.091277,13121.60062975809,-0.611,Comportamento esperado
314,204494,Fred Costa,PATRIOTA,MG,Outros,Manutenção De Escritório De Apoio À Atividade Parlamentar,0,Sem indício cadastral crítico,FOUND,ATIVA,8,75,98461.07,123562.947566,162703.54342443834,-0.1543,Comportamento esperado
643,74319,Paes Landim,UNIÃO,PI,Outros,Manutenção De Escritório De Apoio À Atividade Parlamentar,0,Sem indício cadastral crítico,FOUND,ATIVA,1,1,213.24,64892.367419,74159.10998309037,-0.8722,Comportamento esperado
566,220655,Mario Frias,PL,SP,Viagens,Passagem Aérea - Sigepa,,,,,0,171,153109.08,185430.171967,136227.76556134285,-0.2373,Comportamento esperado
342,74270,Gilberto Nascimento,PODE,SP,Hotéis,"Hospedagem ,exceto Do Parlamentar No Distrito Federal.",0,Sem indício cadastral crítico,FOUND,ATIVA,1,1,220.00,10014.789189,11435.329101648113,-0.8565,Comportamento esperado
220,227991,Dr Flávio,PL,RJ,Publicidade,Divulgação Da Atividade Parlamentar.,0,Sem indício cadastral crítico,FOUND,ATIVA,3,9,151000.00,226781.355120,259582.44863584734,-0.2919,Comportamento esperado
448,204372,Julio Cesar Ribeiro,REPUBLICANOS,DF,Locomoção,Locação Ou Fretamento De Veículos Automotores,1,Situação cadastral não ativa: BAIXADA,FOUND,BAIXADA,1,19,91766.67,118149.428125,89877.33858167462,-0.2935,Fornecedor com CNPJ suspeito
794,178961,Shéridan,PSDB,RR,Outros,Manutenção De Escritório De Apoio À Atividade Parlamentar,1,Situação cadastral não ativa: BAIXADA,FOUND,BAIXADA,1,2,1247.20,80921.562903,170825.55022261123,-0.4664,Fornecedor com CNPJ suspeito
98,210989,Bruno Farias,REPUBLICANOS,MG,Comunicação,Telefonia,0,Sem indício cadastral crítico,FOUND,ATIVA,4,42,6041.93,15607.667083,19082.29985422686,-0.5013,Comportamento esperado
799,227310,Silvio Antonio,PL,MA,Locomoção,Locação Ou Fretamento De Veículos Automotores,0,Sem indício cadastral crítico,FOUND,ATIVA,2,11,50766.41,122090.952683,112418.39663710551,-0.6345,Comportamento esperado
24,160511,Alessandro Molon,PSB,RJ,Publicidade,Divulgação Da Atividade Parlamentar.,1,Erro na consulta pública de CNPJ,ERROR,,1,3,128.19,226781.355120,259582.44863584734,-0.8731,Fornecedor com CNPJ suspeito
311,220551,Franciane Bayer,REPUBLICANOS,RS,Outros,"Passagens Terrestres, Marítimas Ou Fluviais",0,Sem indício cadastral crítico,FOUND,ATIVA,5,50,7592.46,4236.036552,8253.072405382596,0.4067,Comportamento esperado
285,178905,Fabio Garcia,UNIÃO,MT,Publicidade,Divulgação Da Atividade Parlamentar.,0,Sem indício cadastral crítico,FOUND,ATIVA,4,12,38080.24,167205.955714,207800.9242977291,-0.6214,Comportamento esperado
556,178943,Marcos Soares,PSDB,RJ,Outros,"Passagens Terrestres, Marítimas Ou Fluviais",0,Sem indício cadastral crítico,FOUND,ATIVA,4,5,764.66,1539.978571,2924.304901002727,-0.2651,Comportamento esperado
189,220561,Delegada Katarina,PSD,SE,Locomoção,Locação Ou Fretamento De Veículos Automotores,0,Sem indício cadastral crítico,FOUND,ATIVA,2,52,387766.67,212589.297222,162975.5333971958,1.0749,Comportamento esperado
313,204510,Franco Cartafina,PP,MG,Outros,Serviço De Segurança Prestado Por Empresa Especializada.,0,Sem indício cadastral crítico,FOUND,ATIVA,1,26,3114.00,6910.803333,5568.322882362166,-0.6819,Comportamento esperado
181,160552,Danrlei De Deus Hinterholz,PSD,RS,Combustível,Combustíveis E Lubrificantes.,1,Situação cadastral não ativa: BAIXADA,FOUND,BAIXADA,8,9,2063.07,60520.148547,97388.05968907535,-0.6002,Fornecedor com CNPJ suspeito
204,204542,Denis Bezerra,PSB,CE,Locomoção,Locação Ou Fretamento De Veículos Automotores,0,Sem indício cadastral crítico,FOUND,ATIVA,1,24,116483.33,139651.247778,143531.8586124825,-0.1614,Comportamento esperado
638,204441,Otoni De Paula,MDB,RJ,Combustível,Combustíveis E Lubrificantes.,1,Situação cadastral não ativa: BAIXADA,FOUND,BAIXADA,2,2,597.61,44023.319398,62812.667137756165,-0.6914,Fornecedor com CNPJ suspeito
804,104552,Socorro Neri,PP,AC,Outros,Manutenção De Escritório De Apoio À Atividade Parlamentar,0,Sem indício cadastral crítico,FOUND,ATIVA,3,16,17053.80,29735.132000,50394.769544197494,-0.2516,Comportamento esperado
19,74696,Alberto Mourão,MDB,SP,Publicidade,Divulgação Da Atividade Parlamentar.,0,Sem indício cadastral crítico,FOUND,ATIVA,4,41,606578.51,243741.226243,313657.1515008437,1.1568,Comportamento esperado
123,220704,Carol Dartora,PT,PR,Outros,Manutenção De Escritório De Apoio À Atividade Parlamentar,0,Sem indício cadastral crítico,FOUND,ATIVA,15,181,394245.81,86193.122500,116860.66498214444,2.6361,Possível anomalia financeira
386,178909,Hélio Leite,UNIÃO,PA,Combustível,Combustíveis E Lubrificantes.,0,Sem indício cadastral crítico,FOUND,ATIVA,30,122,141855.64,39488.928400,62234.56368268833,1.6449,Comportamento esperado
194,220583,Delegado Fabio Costa,PP,AL,Viagens,Passagem Aérea - Sigepa,,,,,0,92,120582.79,198077.580000,173709.55138656954,-0.4461,Comportamento esperado
393,98615,Ismael,PL,SC,Combustível,Combustíveis E Lubrificantes.,0,Sem indício cadastral crítico,FOUND,ATIVA,276,962,225464.65,63943.250339,85631.6159933909,1.8862,Comportamento esperado
542,160161,Marcelo Queiroz,PSDB,RJ,Publicidade,Divulgação Da Atividade Parlamentar.,0,Sem indício cadastral crítico,FOUND,ATIVA,12,68,834145.44,226781.355120,259582.44863584734,2.3398,Possível anomalia financeira
661,160517,Paulo Folletto,PSB,ES,Comunicação,Telefonia,0,Sem indício cadastral crítico,FOUND,ATIVA,3,70,25192.13,19441.733636,20791.65600073225,0.2766,Comportamento esperado
50,220632,Ana Pimentel,PT,MG,Publicidade,Divulgação Da Atividade Parlamentar.,1,Situação cadastral não ativa: BAIXADA,FOUND,BAIXADA,3,20,73800.00,194891.353020,276881.75990132586,-0.4373,Fornecedor com CNPJ suspeito
656,141516,Paulo Abi-ackel,PSDB,MG,Outros,"Serviço De Táxi, Pedágio E Estacionamento",0,Documento não consultado por não ser CNPJ,NOT_APPLICABLE,,1,28,20784.00,5572.245385,10370.293242628488,1.4669,Comportamento esperado
200,220619,Delegado Ramagem,PL,RJ,Outros,"Serviço De Táxi, Pedágio E Estacionamento",0,Sem indício cadastral crítico,FOUND,ATIVA,12,56,606.87,8455.730411,14321.838989715481,-0.548,Comportamento esperado
36,74057,Alice Portugal,PCDOB,BA,Combustível,Combustíveis E Lubrificantes.,1,Situação cadastral não ativa: SUSPENSA,FOUND,SUSPENSA,1,1,311.43,76280.976842,110667.4963849575,-0.6865,Fornecedor com CNPJ suspeito
130,204504,Cezinha De Madureira,PL,SP,Viagens,Passagem Aérea - Reembolso,0,Sem indício cadastral crítico,FOUND,ATIVA,2,15,23603.05,9758.571000,11443.414965885137,1.2098,Comportamento esperado
195,204512,Delegado Marcelo Freitas,UNIÃO,MG,Viagens,Passagem Aérea - Rpa,0,Sem indício cadastral crítico,FOUND,ATIVA,3,6,3986.85,40253.940526,63478.97879162227,-0.5713,Comportamento esperado
543,204556,Marcelo Ramos,PSD,AM,Locomoção,Locação Ou Fretamento De Veículos Automotores,0,Sem indício cadastral crítico,FOUND,ATIVA,1,6,32399.98,152696.895000,125499.30922769064,-0.9585,Comportamento esperado
79,220605,Bandeira De Mello,PV,RJ,Locomoção,Locação Ou Fretamento De Veículos Automotores,0,Sem indício cadastral crítico,FOUND,ATIVA,1,1,1533.63,162239.394390,163272.60476613723,-0.9843,Comportamento esperado
783,204387,Sargento Fahur,PL,PR,Publicidade,Divulgação Da Atividade Parlamentar.,0,Sem indício cadastral crítico,FOUND,ATIVA,1,1,3000.00,263664.052022,329972.5348930845,-0.79,Comportamento esperado
212,160599,Dimas Fabiano,PP,MG,Hotéis,"Hospedagem ,exceto Do Parlamentar No Distrito Federal.",1,CNPJ não encontrado na API pública,NOT_FOUND,,1,2,200.00,17018.453084,26330.369533202334,-0.6387,Fornecedor com CNPJ suspeito
268,221149,Elói Pietá,PT,SP,Outros,"Serviço De Táxi, Pedágio E Estacionamento",0,Sem indício cadastral crítico,FOUND,ATIVA,5,68,1531.00,11967.060840,16796.655097373645,-0.6213,Comportamento esperado
281,178871,Evair Vieira De Melo,PP,ES,Outros,Manutenção De Escritório De Apoio À Atividade Parlamentar,0,Sem indício cadastral crítico,FOUND,ATIVA,6,20,11152.20,101936.796563,164857.25422120074,-0.5507,Comportamento esperado
878,160632,Zé Silva,UNIÃO,MG,Publicidade,Divulgação Da Atividade Parlamentar.,1,Situação cadastral não ativa: BAIXADA,FOUND,BAIXADA,2,7,8500.00,194891.353020,276881.75990132586,-0.6732,Fornecedor com CNPJ suspeito
144,98148,Cobalchini,MDB,SC,Combustível,Combustíveis E Lubrificantes.,1,CNPJ não encontrado na API pública,NOT_FOUND,,1,1,200.01,63943.250339,85631.6159933909,-0.7444,Fornecedor com CNPJ suspeito
259,204364,Eli Borges,PL,TO,Serviços profissionais,"Consultorias, Pesquisas E Trabalhos Técnicos.",1,Situação cadastral não ativa: BAIXADA,FOUND,BAIXADA,1,6,10000.00,116859.636364,127191.31032210709,-0.8401,Fornecedor com CNPJ suspeito
524,204547,Léo Motta,REPUBLICANOS,MG,Alimentação,Fornecimento De Alimentação Do Parlamentar,1,Situação cadastral não ativa: BAIXADA,FOUND,BAIXADA,4,5,142.20,3421.773553,6721.942950865462,-0.4879,Fornecedor com CNPJ suspeito
413,160548,Jonas Donizette,PSB,SP,Viagens,Passagem Aérea - Reembolso,1,Erro na consulta pública de CNPJ,ERROR,,1,2,38663.40,9758.571000,11443.414965885137,2.5259,Possível anomalia com fornecedor suspeito
89,204374,Bia Kicis,PL,DF,Combustível,Combustíveis E Lubrificantes.,1,Situação cadastral não ativa: BAIXADA,FOUND,BAIXADA,4,4,891.07,33372.670769,51515.7382887601,-0.6305,Fornecedor com CNPJ suspeito
405,160570,Jerônimo Goergen,PP,RS,Alimentação,Fornecimento De Alimentação Do Parlamentar,1,Situação cadastral não ativa: BAIXADA,FOUND,BAIXADA,4,4,83.70,7368.085075,13657.337051272762,-0.5334,Fornecedor com CNPJ suspeito
473,178825,Leo De Brito,PT,AC,Publicidade,Divulgação Da Atividade Parlamentar.,1,Situação cadastral não ativa: BAIXADA,FOUND,BAIXADA,1,1,3000.00,295132.464706,394989.3569390969,-0.7396,Fornecedor com CNPJ suspeito
471,204375,Leda Sadala,PP,AP,Outros,"Serviço De Táxi, Pedágio E Estacionamento",0,Sem indício cadastral crítico,FOUND,ATIVA,2,2,15.00,3695.458571,4756.467110816699,-0.7738,Comportamento esperado
129,204496,Celso Sabino,UNIÃO,PA,Publicidade,Divulgação Da Atividade Parlamentar.,1,Situação cadastral não ativa: BAIXADA,FOUND,BAIXADA,1,9,44677.42,319971.475333,323849.5425991789,-0.8501,Fornecedor com CNPJ suspeito
109,229069,Capitão Samuel,PP,SE,Viagens,Passagem Aérea - Reembolso,0,Sem indício cadastral crítico,FOUND,ATIVA,1,1,3612.75,9040.411000,11259.006637678962,-0.4821,Comportamento esperado
215,160758,Domingos Sávio,PL,MG,Alimentação,Fornecimento De Alimentação Do Parlamentar,1,Situação cadastral não ativa: BAIXADA,FOUND,BAIXADA,2,2,141.74,3421.773553,6721.942950865462,-0.488,Fornecedor com CNPJ suspeito
130,204504,Cezinha De Madureira,PSD,SP,Publicidade,Assinatura De Publicações,0,Sem indício cadastral crítico,FOUND,ATIVA,1,2,3670.00,3369.241333,3418.330377283657,0.088,Comportamento esperado
455,74317,Júlio Cesar,PSD,PI,Outros,Manutenção De Escritório De Apoio À Atividade Parlamentar,0,Sem indício cadastral crítico,FOUND,ATIVA,1,1,373.80,64892.367419,74159.10998309037,-0.87,Comportamento esperado
690,204524,Pinheirinho,PP,MG,Viagens,Passagem Aérea - Rpa,0,Sem indício cadastral crítico,FOUND,ATIVA,2,2,1606.06,40253.940526,63478.97879162227,-0.6088,Comportamento esperado
183,205548,David Miranda,PDT,RJ,Hotéis,"Hospedagem ,exceto Do Parlamentar No Distrito Federal.",0,Sem indício cadastral crítico,FOUND,ATIVA,3,3,2278.54,13016.628636,21468.959145470457,-0.5002,Comportamento esperado
838,195866,Vaidon Oliveira,UNIÃO,CE,Combustível,Combustíveis E Lubrificantes.,1,Situação cadastral não ativa: BAIXADA,FOUND,BAIXADA,1,1,391.40,41977.960833,76764.60304100714,-0.5417,Fornecedor com CNPJ suspeito
305,141434,Flaviano Melo,MDB,AC,Locomoção,Locação Ou Fretamento De Veículos Automotores,1,Situação cadastral não ativa: BAIXADA,FOUND,BAIXADA,2,4,13057.98,136825.250667,132327.06516765346,-0.9353,Fornecedor com CNPJ suspeito
739,152610,Roberto Alves,REPUBLICANOS,SP,Viagens,Passagem Aérea - Rpa,0,Sem indício cadastral crítico,FOUND,ATIVA,1,4,9757.75,24943.515352,36157.13967829913,-0.42,Comportamento esperado
409,178910,Joaquim Passarinho,PL,PA,Locomoção,Locação Ou Fretamento De Veículos Automotores,1,Situação cadastral não ativa: BAIXADA,FOUND,BAIXADA,1,2,6089.90,121907.551481,147158.0353457022,-0.787,Fornecedor com CNPJ suspeito
773,178887,Rubens Pereira Júnior,PT,MA,Publicidade,Divulgação Da Atividade Parlamentar.,1,Situação cadastral não ativa: INAPTA,FOUND,INAPTA,1,1,850.00,299945.123175,386285.4495039867,-0.7743,Fornecedor com CNPJ suspeito
572,220661,Matheus Noronha,PL,CE,Outros,Manutenção De Escritório De Apoio À Atividade Parlamentar,0,Sem indício cadastral crítico,FOUND,ATIVA,2,2,6459.78,68348.775082,105244.60317209057,-0.588,Comportamento esperado
533,156190,Marcel Van Hattem,NOVO,RS,Viagens,Passagem Aérea - Reembolso,1,Erro na consulta pública de CNPJ,ERROR,,1,5,13912.62,7846.026333,10735.105702213965,0.5651,Fornecedor com CNPJ suspeito
431,74079,José Priante,MDB,PA,Publicidade,Divulgação Da Atividade Parlamentar.,0,Sem indício cadastral crítico,FOUND,ATIVA,1,3,45000.00,319971.475333,323849.5425991789,-0.8491,Comportamento esperado
728,220543,Ricardo Ayres,REPUBLICANOS,TO,Viagens,Passagem Aérea - Reembolso,0,Sem indício cadastral crítico,FOUND,ATIVA,1,1,1382.37,4645.874444,4227.848303939934,-0.7719,Comportamento esperado
416,205550,Jorge Braz,REPUBLICANOS,RJ,Combustível,Combustíveis E Lubrificantes.,1,Situação cadastral não ativa: BAIXADA,FOUND,BAIXADA,1,1,260.00,44023.319398,62812.667137756165,-0.6967,Fornecedor com CNPJ suspeito
16,204549,Aj Albuquerque,PP,CE,Combustível,Combustíveis E Lubrificantes.,1,CNPJ não encontrado na API pública,NOT_FOUND,,1,1,200.00,41977.960833,76764.60304100714,-0.5442,Fornecedor com CNPJ suspeito
216,220573,Dorinaldo Malafaia,PDT,AP,Combustível,Combustíveis E Lubrificantes.,1,Situação cadastral não ativa: BAIXADA,FOUND,BAIXADA,1,1,100.00,24571.047667,39205.554475113444,-0.6242,Fornecedor com CNPJ suspeito
351,204419,Glaustin Da Fokus,PSC,GO,Serviços profissionais,"Consultorias, Pesquisas E Trabalhos Técnicos.",0,Sem indício cadastral crítico,FOUND,ATIVA,2,4,46682.59,99247.891538,60067.72576039702,-0.8751,Comportamento esperado
898,,,,NA,Hotéis,"Hospedagem ,exceto Do Parlamentar No Distrito Federal.",0,Sem indício cadastral crítico,FOUND,ATIVA,1,1,1777.55,3085.297500,2695.1763825691137,-0.4852,Comportamento esperado
3,204554,Abílio Santana,PSC,BA,Serviços profissionais,"Consultorias, Pesquisas E Trabalhos Técnicos.",0,Sem indício cadastral crítico,FOUND,ATIVA,2,9,36500.00,64386.903226,47821.13506693795,-0.5832,Comportamento esperado
525,220566,Lêda Borges,REPUBLICANOS,GO,Outros,"Serviço De Táxi, Pedágio E Estacionamento",0,Sem indício cadastral crítico,FOUND,ATIVA,1,3,33.84,4054.328571,5832.390128543895,-0.6893,Comportamento esperado
31,220554,Alexandre Lindenmeyer,PT,RS,Outros,"Serviço De Táxi, Pedágio E Estacionamento",1,Situação cadastral não ativa: INAPTA,FOUND,INAPTA,1,1,20.00,10192.084923,16137.89190584743,-0.6303,Fornecedor com CNPJ suspeito
731,234310,Ricardo Galvão,REDE,SP,Outros,Serviços Postais,0,Sem indício cadastral crítico,FOUND,ATIVA,1,1,345.90,1015.584878,1403.5425598127083,-0.4771,Comportamento esperado
433,74554,José Rocha,UNIÃO,BA,Serviços profissionais,"Consultorias, Pesquisas E Trabalhos Técnicos.",1,Situação cadastral não ativa: BAIXADA,FOUND,BAIXADA,1,5,35000.00,64386.903226,47821.13506693795,-0.6145,Fornecedor com CNPJ suspeito
897,,,,NA,Serviços profissionais,"Consultorias, Pesquisas E Trabalhos Técnicos.",0,Sem indício cadastral crítico,FOUND,ATIVA,2,11,20500.00,12966.386667,11624.099921008938,0.6481,Comportamento esperado
302,204427,Fernando Rodolfo,PRD,PE,Combustível,Combustíveis E Lubrificantes.,1,Situação cadastral não ativa: BAIXADA,FOUND,BAIXADA,3,3,490.02,53506.291935,82942.380015203,-0.6392,Fornecedor com CNPJ suspeito
595,178997,Moses Rodrigues,UNIÃO,CE,Hotéis,"Hospedagem ,exceto Do Parlamentar No Distrito Federal.",0,Sem indício cadastral crítico,FOUND,ATIVA,2,3,4952.39,14861.399063,17345.750222182687,-0.5713,Comportamento esperado
646,160642,Pastor Eurico,PL,PE,Hotéis,"Hospedagem ,exceto Do Parlamentar No Distrito Federal.",1,Erro na consulta pública de CNPJ,ERROR,,1,3,2636.97,17089.374528,23447.97906027458,-0.6164,Fornecedor com CNPJ suspeito
885,,,,NA,Alimentação,Fornecimento De Alimentação Do Parlamentar,0,Sem indício cadastral crítico,FOUND,ATIVA,1,1,217.50,76824.316875,122514.48277202321,-0.6253,Comportamento esperado
283,234388,Fabiano Cazeca,PRD,MG,Outros,"Passagens Terrestres, Marítimas Ou Fluviais",0,Sem indício cadastral crítico,FOUND,ATIVA,3,3,811.68,3858.240000,6358.142634643256,-0.4792,Comportamento esperado
134,141439,Chico D'angelo,PDT,RJ,Outros,Manutenção De Escritório De Apoio À Atividade Parlamentar,0,Documento não consultado por não ser CNPJ,NOT_APPLICABLE,,1,12,35646.06,80988.593819,134414.71100556676,-0.3373,Comportamento esperado
286,171623,Fabio Reis,PSD,SE,Publicidade,Divulgação Da Atividade Parlamentar.,1,Situação cadastral não ativa: BAIXADA,FOUND,BAIXADA,5,19,28992.61,230946.483077,301200.1033422071,-0.6705,Fornecedor com CNPJ suspeito
245,228272,Délio Pinheiro,PDT,MG,Outros,Manutenção De Escritório De Apoio À Atividade Parlamentar,0,Documento não consultado por não ser CNPJ,NOT_APPLICABLE,,1,3,2940.00,123562.947566,162703.54342443834,-0.7414,Comportamento esperado
367,204465,Haroldo Cathedral,PSD,RR,Viagens,Passagem Aérea - Reembolso,0,Sem indício cadastral crítico,FOUND,ATIVA,2,2,5652.29,23419.147778,50067.63598784218,-0.3549,Comportamento esperado
891,,,,NA,Combustível,Combustíveis E Lubrificantes.,0,Sem indício cadastral crítico,FOUND,ATIVA,2,2,200.00,20989.039000,33381.70257372158,-0.6228,Comportamento esperado
537,220599,Marcelo Crivella,REPUBLICANOS,RJ,Combustível,Combustíveis E Lubrificantes.,1,CNPJ não encontrado na API pública,NOT_FOUND,,1,2,200.00,44023.319398,62812.667137756165,-0.6977,Fornecedor com CNPJ suspeito
620,204384,Ney Leprevost,UNIÃO,PR,Combustível,Combustíveis E Lubrificantes.,1,Situação cadastral não ativa: BAIXADA,FOUND,BAIXADA,1,1,50.00,57944.345500,82353.4495793919,-0.703,Fornecedor com CNPJ suspeito
471,204375,Leda Sadala,PP,AP,Serviços profissionais,"Consultorias, Pesquisas E Trabalhos Técnicos.",1,Situação cadastral não ativa: BAIXADA,FOUND,BAIXADA,1,4,57600.00,74193.690909,67500.34505342109,-0.2458,Fornecedor com CNPJ suspeito
490,204404,Lucas Redecker,PSD,RS,Locomoção,Locação Ou Fretamento De Veículos Automotores,0,Sem indício cadastral crítico,FOUND,ATIVA,2,29,184050.46,182736.733051,177547.8783363845,0.0074,Comportamento esperado
253,178977,Eduardo Cury,PSDB,SP,Outros,"Serviço De Táxi, Pedágio E Estacionamento",1,Erro na consulta pública de CNPJ,ERROR,,1,3,423.80,11967.060840,16796.655097373645,-0.6872,Fornecedor com CNPJ suspeito
556,178943,Marcos Soares,PSDB,RJ,Hotéis,"Hospedagem ,exceto Do Parlamentar No Distrito Federal.",1,Erro na consulta pública de CNPJ,ERROR,,1,1,2988.65,13016.628636,21468.959145470457,-0.4671,Fornecedor com CNPJ suspeito
235,204412,Dr. Zacharias Calil,UNIÃO,GO,Alimentação,Fornecimento De Alimentação Do Parlamentar,1,Situação cadastral não ativa: BAIXADA,FOUND,BAIXADA,1,1,27.16,3293.239000,7032.529544734017,-0.4644,Fornecedor com CNPJ suspeito
629,74159,Odair Cunha,PT,MG,Hotéis,"Hospedagem ,exceto Do Parlamentar No Distrito Federal.",1,Situação cadastral não ativa: BAIXADA,FOUND,BAIXADA,1,1,100.00,17018.453084,26330.369533202334,-0.6425,Fornecedor com CNPJ suspeito
274,204537,Enrico Misasi,MDB,SP,Outros,Serviço De Segurança Prestado Por Empresa Especializada.,0,Sem indício cadastral crítico,FOUND,ATIVA,1,8,970.00,57471.443333,111341.01915358497,-0.5075,Comportamento esperado
123,220704,Carol Dartora,PT,PR,Alimentação,Fornecimento De Alimentação Do Parlamentar,0,Sem indício cadastral crítico,FOUND,ATIVA,6,6,294.92,4173.948542,8441.04850518495,-0.4595,Comportamento esperado
680,229112,Pedro Jr,PL,TO,Outros,Manutenção De Escritório De Apoio À Atividade Parlamentar,0,Sem indício cadastral crítico,FOUND,ATIVA,2,2,685.00,60332.404118,100110.53801139936,-0.5958,Comportamento esperado
145,204376,Coronel Armando,PL,SC,Locomoção,Locação Ou Fretamento De Veículos Automotores,0,Sem indício cadastral crítico,FOUND,ATIVA,1,1,1294.72,154711.621212,151032.92349497412,-1.0158,Comportamento esperado
106,220690,Capitão Alden,PL,BA,Alimentação,Fornecimento De Alimentação Do Parlamentar,0,Sem indício cadastral crítico,FOUND,ATIVA,2,7,117.33,5334.958511,10548.888785765435,-0.4946,Comportamento esperado
715,74161,Reginaldo Lopes,PT,MG,Publicidade,Assinatura De Publicações,0,Sem indício cadastral crítico,FOUND,ATIVA,1,1,815.10,1596.091765,1698.0009011232714,-0.4599,Comportamento esperado
49,220556,Ana Paula Lima,PT,SC,Viagens,Passagem Aérea - Rpa,0,Sem indício cadastral crítico,FOUND,ATIVA,1,1,1652.41,12083.098000,25544.630338693623,-0.4083,Comportamento esperado
298,220656,Fernanda Pessoa,PSD,CE,Viagens,Passagem Aérea - Rpa,0,Sem indício cadastral crítico,FOUND,ATIVA,2,6,13976.39,32586.001200,51600.505956913454,-0.3606,Comportamento esperado
250,204541,Eduardo Bismarck,PV,CE,Hotéis,"Hospedagem ,exceto Do Parlamentar No Distrito Federal.",1,CNPJ não encontrado na API pública,NOT_FOUND,,1,2,200.00,14861.399063,17345.750222182687,-0.8452,Fornecedor com CNPJ suspeito
160,178876,Célio Silveira,MDB,GO,Locomoção,Locação Ou Fretamento De Veículos Automotores,0,Sem indício cadastral crítico,FOUND,ATIVA,1,9,47610.00,189142.637500,142661.57624064668,-0.9921,Comportamento esperado
256,141422,Efraim Filho,UNIÃO,PB,Serviços profissionais,"Consultorias, Pesquisas E Trabalhos Técnicos.",0,Sem indício cadastral crítico,FOUND,ATIVA,1,1,40000.00,52901.666667,54299.06776921737,-0.2376,Comportamento esperado
746,204530,Rodrigo Agostinho,PSB,SP,Locomoção,Locação Ou Fretamento De Veículos Automotores,1,Situação cadastral não ativa: BAIXADA,FOUND,BAIXADA,1,10,19247.51,147254.510948,139673.23431152088,-0.9165,Fornecedor com CNPJ suspeito
755,220695,Rogéria Santos,REPUBLICANOS,BA,Publicidade,Divulgação Da Atividade Parlamentar.,1,Situação cadastral não ativa: BAIXADA,FOUND,BAIXADA,1,1,2000.00,317318.910361,328157.1355142384,-0.9609,Fornecedor com CNPJ suspeito
252,204500,Eduardo Costa,PSD,PA,Serviços profissionais,"Consultorias, Pesquisas E Trabalhos Técnicos.",0,Sem indício cadastral crítico,FOUND,ATIVA,1,7,70000.00,71687.224615,51239.3397316542,-0.0329,Comportamento esperado
705,204467,Professora Rosa Neide,PT,MT,Publicidade,Divulgação Da Atividade Parlamentar.,1,Situação cadastral não ativa: BAIXADA,FOUND,BAIXADA,1,4,26000.00,167205.955714,207800.9242977291,-0.6795,Fornecedor com CNPJ suspeito
803,168175,Simplício Araújo,SOLIDARIEDADE,MA,Viagens,Passagem Aérea - Reembolso,0,Sem indício cadastral crítico,FOUND,ATIVA,1,2,4117.84,10441.916667,13512.988376850404,-0.468,Comportamento esperado
113,204507,Carla Zambelli,PL,SP,Combustível,Combustíveis E Lubrificantes.,1,Situação cadastral não ativa: BAIXADA,FOUND,BAIXADA,4,4,618.46,42192.750821,64034.19773844777,-0.6493,Fornecedor com CNPJ suspeito
743,220624,Robinson Faria,PP,RN,Combustível,Combustíveis E Lubrificantes.,1,Situação cadastral não ativa: BAIXADA,FOUND,BAIXADA,1,2,534.04,51927.710333,76131.03428420173,-0.6751,Fornecedor com CNPJ suspeito
760,178861,Ronaldo Carletto,PP,BA,Combustível,Combustíveis E Lubrificantes.,1,Situação cadastral não ativa: BAIXADA,FOUND,BAIXADA,1,1,200.00,76280.976842,110667.4963849575,-0.6875,Fornecedor com CNPJ suspeito
690,204524,Pinheirinho,PP,MG,Outros,Serviços Postais,0,Sem indício cadastral crítico,FOUND,ATIVA,1,1,31.50,2049.065200,4121.470694655126,-0.4895,Comportamento esperado
484,171139,Loreny,SOLIDARIEDADE,SP,Outros,Manutenção De Escritório De Apoio À Atividade Parlamentar,0,Documento não consultado por não ser CNPJ,NOT_APPLICABLE,,1,3,7200.00,98538.487659,143509.98800071477,-0.6365,Comportamento esperado
578,141508,Mauro Nazif,PSB,RO,Locomoção,Locação Ou Fretamento De Veículos Automotores,0,Sem indício cadastral crítico,FOUND,ATIVA,1,1,550.00,233590.273571,213347.19250523738,-1.0923,Comportamento esperado
756,204480,Rogério Correia,PT,MG,Publicidade,Assinatura De Publicações,0,Sem indício cadastral crítico,FOUND,ATIVA,2,12,580.80,1596.091765,1698.0009011232714,-0.5979,Comportamento esperado
377,178981,Herculano Passos,REPUBLICANOS,SP,Publicidade,Divulgação Da Atividade Parlamentar.,1,Situação cadastral não ativa: BAIXADA,FOUND,BAIXADA,1,1,19957.80,243741.226243,313657.1515008437,-0.7135,Fornecedor com CNPJ suspeito
32,204503,Alexandre Padilha,PT,SP,Hotéis,"Hospedagem ,exceto Do Parlamentar No Distrito Federal.",1,Situação cadastral não ativa: BAIXADA,FOUND,BAIXADA,1,2,360.00,10014.789189,11435.329101648113,-0.8443,Fornecedor com CNPJ suspeito
123,220704,Carol Dartora,PT,PR,Outros,"Serviço De Táxi, Pedágio E Estacionamento",1,Situação cadastral não ativa: BAIXADA,FOUND,BAIXADA,1,8,120.20,5713.999474,13397.131596894355,-0.4175,Fornecedor com CNPJ suspeito
623,74352,Nilson Pinto,PSDB,PA,Outros,Manutenção De Escritório De Apoio À Atividade Parlamentar,1,Situação cadastral não ativa: BAIXADA,FOUND,BAIXADA,1,5,928.00,42888.542571,70113.4772677672,-0.5985,Fornecedor com CNPJ suspeito
857,215044,Vivi Reis,PSOL,PA,Locomoção,Locação Ou Fretamento De Veículos Automotores,0,Sem indício cadastral crítico,FOUND,ATIVA,1,9,4083.97,121907.551481,147158.0353457022,-0.8007,Comportamento esperado
416,205550,Jorge Braz,REPUBLICANOS,RJ,Hotéis,"Hospedagem ,exceto Do Parlamentar No Distrito Federal.",0,Sem indício cadastral crítico,FOUND,ATIVA,1,3,4563.90,13016.628636,21468.959145470457,-0.3937,Comportamento esperado
822,178901,Tereza Cristina,PP,MS,Publicidade,Divulgação Da Atividade Parlamentar.,1,Situação cadastral não ativa: BAIXADA,FOUND,BAIXADA,1,1,2000.00,244824.753226,352025.1744174792,-0.6898,Fornecedor com CNPJ suspeito
617,74165,Neucimar Fraga,PP,ES,Combustível,Combustíveis E Lubrificantes.,1,Situação cadastral não ativa: BAIXADA,FOUND,BAIXADA,4,4,1291.17,49148.417879,67749.62213949014,-0.7064,Fornecedor com CNPJ suspeito
837,223398,Ulisses Guimarães,MDB,MG,Locomoção,Locação Ou Fretamento De Veículos Automotores,0,Sem indício cadastral crítico,FOUND,ATIVA,1,2,12500.00,199358.988889,190617.58878325575,-0.9803,Comportamento esperado
122,164360,Carmen Zanotto,CIDADANIA,SC,Publicidade,Assinatura De Publicações,0,Sem indício cadastral crítico,FOUND,ATIVA,1,1,255.00,1002.800000,856.1605048120359,-0.8734,Comportamento esperado
809,177282,Subtenente Gonzaga,PSD,MG,Combustível,Combustíveis E Lubrificantes.,1,Situação cadastral não ativa: SUSPENSA,FOUND,SUSPENSA,1,1,218.32,65306.104375,92314.0005265802,-0.7051,Fornecedor com CNPJ suspeito
429,204391,José Nelto,UNIÃO,GO,Viagens,Passagem Aérea - Sigepa,,,,,0,16,26661.46,12997.291429,13545.423262596489,1.0088,Comportamento esperado
765,220644,Rosangela Moro,PL,SP,Outros,"Participação Em Curso, Palestra Ou Evento Similar",0,Sem indício cadastral crítico,FOUND,ATIVA,3,6,23451.61,12532.406667,9680.81978161113,1.1279,Comportamento esperado
166,74467,Damião Feliciano,UNIÃO,PB,Viagens,Passagem Aérea - Rpa,0,Sem indício cadastral crítico,FOUND,ATIVA,2,5,11902.28,6222.055333,8497.227830281614,0.6685,Comportamento esperado
684,229259,Pedro Tourinho,PT,SP,Viagens,Passagem Aérea - Sigepa,,,,,0,9,14780.39,185430.171967,136227.76556134285,-1.2527,Comportamento esperado
610,218879,Nelho Bezerra,UNIÃO,CE,Serviços profissionais,"Consultorias, Pesquisas E Trabalhos Técnicos.",1,Situação cadastral não ativa: BAIXADA,FOUND,BAIXADA,1,2,21350.00,67459.660000,60466.2251856053,-0.7626,Fornecedor com CNPJ suspeito
865,74044,Wilson Santiago,REPUBLICANOS,PB,Outros,Manutenção De Escritório De Apoio À Atividade Parlamentar,1,Situação cadastral não ativa: BAIXADA,FOUND,BAIXADA,1,6,2406.70,40088.436364,59072.75761932022,-0.6379,Fornecedor com CNPJ suspeito
351,204419,Glaustin Da Fokus,PODE,GO,Outros,Manutenção De Escritório De Apoio À Atividade Parlamentar,0,Sem indício cadastral crítico,FOUND,ATIVA,1,4,2183.10,100447.486545,162486.21407041358,-0.6048,Comportamento esperado
258,154919,Eleuses Paiva,PSD,SP,Viagens,Passagem Aérea - Rpa,0,Sem indício cadastral crítico,FOUND,ATIVA,1,5,15042.45,24943.515352,36157.13967829913,-0.2738,Comportamento esperado
104,204352,Camilo Capiberibe,PSB,AP,Viagens,Passagem Aérea - Reembolso,0,Sem indício cadastral crítico,FOUND,ATIVA,1,1,427.90,8586.811250,7146.613846186054,-1.1416,Comportamento esperado
654,141518,Paulinho Da Força,SOLIDARIEDADE,SP,Outros,Manutenção De Escritório De Apoio À Atividade Parlamentar,0,Sem indício cadastral crítico,FOUND,ATIVA,2,6,1215.80,98538.487659,143509.98800071477,-0.6782,Comportamento esperado
261,226553,Eliane Braz,PSD,CE,Publicidade,Divulgação Da Atividade Parlamentar.,1,Situação cadastral não ativa: INAPTA,FOUND,INAPTA,1,1,1020.00,263931.285395,366906.3702021798,-0.7166,Fornecedor com CNPJ suspeito
29,220542,Alexandre Guimarães,MDB,TO,Combustível,Combustíveis E Lubrificantes.,1,Situação cadastral não ativa: BAIXADA,FOUND,BAIXADA,3,5,1572.24,73777.441071,109277.9364585353,-0.6607,Fornecedor com CNPJ suspeito
6,221328,Adilson Barroso,PL,SP,Viagens,Passagem Aérea - Reembolso,0,Sem indício cadastral crítico,FOUND,ATIVA,1,1,2823.90,9758.571000,11443.414965885137,-0.606,Comportamento esperado
148,220595,Coronel Fernanda,PL,MT,Outros,Manutenção De Escritório De Apoio À Atividade Parlamentar,1,Situação cadastral não ativa: BAIXADA,FOUND,BAIXADA,1,1,1400.00,55063.669706,75019.05976556618,-0.7153,Fornecedor com CNPJ suspeito
518,74784,Luiza Erundina,PSOL,SP,Viagens,Passagem Aérea - Rpa,0,Sem indício cadastral crítico,FOUND,ATIVA,1,2,5473.70,24943.515352,36157.13967829913,-0.5385,Comportamento esperado
766,204357,Rose Modesto,UNIÃO,MS,Publicidade,Divulgação Da Atividade Parlamentar.,1,Situação cadastral não ativa: BAIXADA,FOUND,BAIXADA,1,4,31483.88,244824.753226,352025.1744174792,-0.606,Fornecedor com CNPJ suspeito
846,204505,Vavá Martins,REPUBLICANOS,PA,Outros,Manutenção De Escritório De Apoio À Atividade Parlamentar,1,Situação cadastral não ativa: BAIXADA,FOUND,BAIXADA,1,8,1640.00,42888.542571,70113.4772677672,-0.5883,Fornecedor com CNPJ suspeito
84,204358,Beto Pereira,PSDB,MS,Publicidade,Divulgação Da Atividade Parlamentar.,1,Situação cadastral não ativa: BAIXADA,FOUND,BAIXADA,2,9,61800.00,244824.753226,352025.1744174792,-0.5199,Fornecedor com CNPJ suspeito
413,160548,Jonas Donizette,PSB,SP,Combustível,Combustíveis E Lubrificantes.,1,Situação cadastral não ativa: BAIXADA,FOUND,BAIXADA,2,7,1050.00,42192.750821,64034.19773844777,-0.6425,Fornecedor com CNPJ suspeito
172,178916,Daniel Coelho,CIDADANIA,PE,Combustível,Combustíveis E Lubrificantes.,1,Situação cadastral não ativa: INAPTA,FOUND,INAPTA,1,1,250.02,53506.291935,82942.380015203,-0.6421,Fornecedor com CNPJ suspeito
857,215044,Vivi Reis,PSOL,PA,Serviços profissionais,"Consultorias, Pesquisas E Trabalhos Técnicos.",0,Sem indício cadastral crítico,FOUND,ATIVA,1,13,118953.92,71687.224615,51239.3397316542,0.9225,Comportamento esperado
421,209189,Joseildo Ramos,PT,BA,Viagens,Passagem Aérea - Reembolso,0,Sem indício cadastral crítico,FOUND,ATIVA,3,3,6522.12,6722.195000,9392.208684505544,-0.0213,Comportamento esperado
97,160589,Bruna Furlan,PSDB,SP,Publicidade,Divulgação Da Atividade Parlamentar.,0,Sem indício cadastral crítico,FOUND,ATIVA,1,1,5000.00,243741.226243,313657.1515008437,-0.7612,Comportamento esperado
276,220645,Erika Hilton,PSOL,SP,Locomoção,Locação Ou Fretamento De Veículos Automotores,1,Situação cadastral não ativa: BAIXADA,FOUND,BAIXADA,2,3,3747.38,147254.510948,139673.23431152088,-1.0274,Fornecedor com CNPJ suspeito
571,204428,Marília Arraes,SOLIDARIEDADE,PE,Outros,Manutenção De Escritório De Apoio À Atividade Parlamentar,1,Situação cadastral não ativa: BAIXADA,FOUND,BAIXADA,2,2,69.98,90785.734524,140277.34198893898,-0.6467,Fornecedor com CNPJ suspeito
718,205865,Reinhold Stephanes,PSD,PR,Serviços profissionais,"Consultorias, Pesquisas E Trabalhos Técnicos.",1,Situação cadastral não ativa: SUSPENSA,FOUND,SUSPENSA,1,2,20000.00,58752.690645,58141.82428785019,-0.6665,Fornecedor com CNPJ suspeito
841,141552,Valtenir Pereira,MDB,MT,Combustível,Combustíveis E Lubrificantes.,1,Situação cadastral não ativa: BAIXADA,FOUND,BAIXADA,1,2,508.13,34330.305532,57340.29977264771,-0.5898,Fornecedor com CNPJ suspeito
150,204514,Coronel Tadeu,PL,SP,Alimentação,Fornecimento De Alimentação Do Parlamentar,0,Sem indício cadastral crítico,FOUND,ATIVA,1,1,87.52,3366.001170,5609.697337170304,-0.5844,Comportamento esperado
392,67138,Iracema Portella,PP,PI,Viagens,Passagem Aérea - Sigepa,,,,,0,16,34593.16,155026.570000,94704.85142824263,-1.2717,Comportamento esperado
811,73808,Sérgio Brito,PSD,BA,Hotéis,"Hospedagem ,exceto Do Parlamentar No Distrito Federal.",0,Sem indício cadastral crítico,FOUND,ATIVA,13,14,6790.46,14559.116889,26542.375379101115,-0.2927,Comportamento esperado
866,182146,Wolmer Araújo,PV,MA,Viagens,Passagem Aérea - Reembolso,0,Sem indício cadastral crítico,FOUND,ATIVA,2,2,4997.95,10441.916667,13512.988376850404,-0.4029,Comportamento esperado
701,160639,Professora Dorinha Seabra Rezende,UNIÃO,TO,Comunicação,Telefonia,1,Situação cadastral não ativa: BAIXADA,FOUND,BAIXADA,1,2,521.78,6929.241333,13569.93291877454,-0.4722,Fornecedor com CNPJ suspeito
698,204383,Professor Israel Batista,PSB,DF,Combustível,Combustíveis E Lubrificantes.,1,Situação cadastral não ativa: BAIXADA,FOUND,BAIXADA,2,2,779.76,33372.670769,51515.7382887601,-0.6327,Fornecedor com CNPJ suspeito
49,220556,Ana Paula Lima,PT,SC,Alimentação,Fornecimento De Alimentação Do Parlamentar,1,Situação cadastral não ativa: BAIXADA,FOUND,BAIXADA,1,1,59.79,5345.501750,9873.801589562949,-0.5353,Fornecedor com CNPJ suspeito
294,204371,Felipe Rigoni,UNIÃO,ES,Outros,Serviços Postais,0,Sem indício cadastral crítico,FOUND,ATIVA,3,5,23326.45,6239.835000,11400.549896811995,1.4988,Comportamento esperado
230,204439,Dr. Leonardo,REPUBLICANOS,MT,Publicidade,Divulgação Da Atividade Parlamentar.,1,Situação cadastral não ativa: INAPTA,FOUND,INAPTA,1,1,2600.00,167205.955714,207800.9242977291,-0.7921,Fornecedor com CNPJ suspeito
706,220586,Rafael Brito,MDB,AL,Hotéis,"Hospedagem ,exceto Do Parlamentar No Distrito Federal.",1,Erro na consulta pública de CNPJ,ERROR,,1,2,9748.37,10355.987000,9952.54062426837,-0.0611,Fornecedor com CNPJ suspeito
883,123086,Átila Lira,PP,PI,Publicidade,Divulgação Da Atividade Parlamentar.,1,Situação cadastral não ativa: INAPTA,FOUND,INAPTA,1,18,54000.00,255170.175556,326071.87108703476,-0.617,Fornecedor com CNPJ suspeito
779,220631,Samuel Viana,UNIÃO,MG,Outros,"Serviço De Táxi, Pedágio E Estacionamento",1,CNPJ não encontrado na API pública,NOT_FOUND,,1,1,10.20,5572.245385,10370.293242628488,-0.5363,Fornecedor com CNPJ suspeito
708,178951,Rafael Motta,PSB,RN,Publicidade,Divulgação Da Atividade Parlamentar.,0,Sem indício cadastral crítico,FOUND,ATIVA,5,17,128000.00,246483.533462,299233.5953313259,-0.396,Comportamento esperado
608,204453,Natália Bonavides,PT,RN,Outros,Manutenção De Escritório De Apoio À Atividade Parlamentar,1,Erro na consulta pública de CNPJ,ERROR,,1,4,309.20,114159.151154,175330.5134804051,-0.6493,Fornecedor com CNPJ suspeito
483,204382,Loester Trutis,PL,MS,Outros,Manutenção De Escritório De Apoio À Atividade Parlamentar,0,Sem indício cadastral crítico,FOUND,ATIVA,3,5,555.52,74966.746667,80602.5088063342,-0.9232,Comportamento esperado
692,73486,Pompeo De Mattos,PDT,RS,Serviços profissionais,"Consultorias, Pesquisas E Trabalhos Técnicos.",0,Sem indício cadastral crítico,FOUND,ATIVA,1,12,48000.00,39996.666667,35707.577110401064,0.2241,Comportamento esperado
453,178886,Juscelino Filho,UNIÃO,MA,Viagens,Passagem Aérea - Reembolso,0,Sem indício cadastral crítico,FOUND,ATIVA,2,2,2388.94,10441.916667,13512.988376850404,-0.5959,Comportamento esperado
425,215043,Josivaldo Jp,PSD,MA,Hotéis,"Hospedagem ,exceto Do Parlamentar No Distrito Federal.",0,Sem indício cadastral crítico,FOUND,ATIVA,1,4,2945.00,16546.215714,24945.906621691578,-0.5452,Comportamento esperado
833,220684,Tião Medeiros,PP,PR,Viagens,Passagem Aérea - Rpa,0,Sem indício cadastral crítico,FOUND,ATIVA,2,7,3359.03,26722.504474,58025.433845182,-0.4026,Comportamento esperado
180,62881,Danilo Forte,UNIÃO,CE,Outros,"Serviço De Táxi, Pedágio E Estacionamento",0,Sem indício cadastral crítico,FOUND,ATIVA,1,1,162.01,1553.572000,3462.198937126519,-0.4019,Comportamento esperado
792,167614,Severino Ninho,PSB,PE,Hotéis,"Hospedagem ,exceto Do Parlamentar No Distrito Federal.",0,Sem indício cadastral crítico,FOUND,ATIVA,1,2,680.00,17089.374528,23447.97906027458,-0.6998,Comportamento esperado
368,204548,Heitor Freire,UNIÃO,CE,Viagens,Passagem Aérea - Reembolso,0,Sem indício cadastral crítico,FOUND,ATIVA,1,6,3912.90,12007.303200,17888.200103405623,-0.4525,Comportamento esperado
891,,,,NA,Alimentação,Fornecimento De Alimentação Do Parlamentar,0,Sem indício cadastral crítico,FOUND,ATIVA,1,2,450.00,76824.316875,122514.48277202321,-0.6234,Comportamento esperado
464,151208,Laercio Oliveira,PP,SE,Serviços profissionais,"Consultorias, Pesquisas E Trabalhos Técnicos.",0,Sem indício cadastral crítico,FOUND,ATIVA,1,12,39000.00,82649.800000,100296.5049865647,-0.4352,Comportamento esperado
339,74383,Giacobo,PL,PR,Serviços profissionais,"Consultorias, Pesquisas E Trabalhos Técnicos.",0,Sem indício cadastral crítico,FOUND,ATIVA,1,11,46750.00,58752.690645,58141.82428785019,-0.2064,Comportamento esperado
594,160561,Missionário José Olimpio,PL,SP,Viagens,Passagem Aérea - Reembolso,0,Sem indício cadastral crítico,FOUND,ATIVA,1,1,1892.78,9758.571000,11443.414965885137,-0.6874,Comportamento esperado
186,220539,Defensor Stélio Dener,UNIÃO,RR,Alimentação,Fornecimento De Alimentação Do Parlamentar,0,Sem indício cadastral crítico,FOUND,ATIVA,1,2,166.74,1122.687500,1895.5969672792617,-0.5043,Comportamento esperado
38,204353,Aline Gurgel,UNIÃO,AP,Viagens,Passagem Aérea - Sigepa,,,,,0,4,-4045.94,180390.483889,137999.8120825282,-1.3365,Comportamento esperado
115,204361,Carlos Chiodini,MDB,SC,Outros,"Serviço De Táxi, Pedágio E Estacionamento",1,Situação cadastral não ativa: BAIXADA,FOUND,BAIXADA,1,1,50.00,2658.067742,3431.982973130558,-0.7599,Fornecedor com CNPJ suspeito
743,220624,Robinson Faria,PP,RN,Publicidade,Divulgação Da Atividade Parlamentar.,1,Situação cadastral não ativa: BAIXADA,FOUND,BAIXADA,1,8,8000.00,246483.533462,299233.5953313259,-0.797,Fornecedor com CNPJ suspeito
650,205535,Patricia Ferraz,PL,AP,Combustível,Combustíveis E Lubrificantes.,1,Situação cadastral não ativa: BAIXADA,FOUND,BAIXADA,1,4,1034.71,24571.047667,39205.554475113444,-0.6003,Fornecedor com CNPJ suspeito
313,204510,Franco Cartafina,PP,MG,Alimentação,Fornecimento De Alimentação Do Parlamentar,1,Situação cadastral não ativa: BAIXADA,FOUND,BAIXADA,1,2,66.92,3421.773553,6721.942950865462,-0.4991,Fornecedor com CNPJ suspeito
80,220612,Bebeto,PP,RJ,Combustível,Combustíveis E Lubrificantes.,1,CNPJ não encontrado na API pública,NOT_FOUND,,1,1,200.00,44023.319398,62812.667137756165,-0.6977,Fornecedor com CNPJ suspeito
166,74467,Damião Feliciano,UNIÃO,PB,Hotéis,"Hospedagem ,exceto Do Parlamentar No Distrito Federal.",1,Erro na consulta pública de CNPJ,ERROR,,1,1,520.80,9643.162222,20671.000404330745,-0.4413,Fornecedor com CNPJ suspeito
443,220559,Julia Zanatta,PL,SC,Outros,"Participação Em Curso, Palestra Ou Evento Similar",0,Sem indício cadastral crítico,FOUND,ATIVA,1,1,9145.61,9122.805000,32.251140289918844,0.7071,Comportamento esperado
612,204449,Nelson Barbudo,PODE,MT,Viagens,Passagem Aérea - Reembolso,0,Sem indício cadastral crítico,FOUND,ATIVA,1,1,1996.67,36104.208462,85065.80718840551,-0.401,Comportamento esperado
143,88256,Clodoaldo Magalhães,PV,PE,Viagens,Passagem Aérea - Rpa,0,Sem indício cadastral crítico,FOUND,ATIVA,2,2,3396.97,15238.795000,22485.76149111043,-0.5266,Comportamento esperado
676,215045,Pedro Augusto Palareti,PP,RJ,Outros,"Serviço De Táxi, Pedágio E Estacionamento",0,Sem indício cadastral crítico,FOUND,ATIVA,1,11,8520.00,8455.730411,14321.838989715481,0.0045,Comportamento esperado
124,204369,Caroline De Toni,PL,SC,Outros,"Serviço De Táxi, Pedágio E Estacionamento",0,Sem indício cadastral crítico,FOUND,ATIVA,2,5,404.14,2658.067742,3431.982973130558,-0.6567,Comportamento esperado
113,204507,Carla Zambelli,PL,SP,Outros,Manutenção De Escritório De Apoio À Atividade Parlamentar,1,Situação cadastral não ativa: BAIXADA,FOUND,BAIXADA,2,15,39923.75,98538.487659,143509.98800071477,-0.4084,Fornecedor com CNPJ suspeito
744,204489,Robério Monteiro,PSB,CE,Alimentação,Fornecimento De Alimentação Do Parlamentar,0,Sem indício cadastral crítico,FOUND,ATIVA,2,11,1065.99,4778.337742,9185.089924635726,-0.4042,Comportamento esperado
139,178939,Clarissa Garotinho,UNIÃO,RJ,Locomoção,Locação Ou Fretamento De Veículos Automotores,0,Sem indício cadastral crítico,FOUND,ATIVA,1,4,8360.00,162239.394390,163272.60476613723,-0.9425,Comportamento esperado
39,204400,Aline Sleutjes,PROS,PR,Publicidade,Divulgação Da Atividade Parlamentar.,1,Situação cadastral não ativa: BAIXADA,FOUND,BAIXADA,1,1,7000.00,263664.052022,329972.5348930845,-0.7778,Fornecedor com CNPJ suspeito
28,204544,Alexandre Frota,PROS,SP,Outros,Manutenção De Escritório De Apoio À Atividade Parlamentar,0,Documento não consultado por não ser CNPJ,NOT_APPLICABLE,,1,11,32018.72,98538.487659,143509.98800071477,-0.4635,Comportamento esperado
388,204533,Idilvan Alencar,PDT,CE,Locomoção,Locação Ou Fretamento De Veículos Automotores,0,Sem indício cadastral crítico,FOUND,ATIVA,3,19,61987.88,139651.247778,143531.8586124825,-0.5411,Comportamento esperado
516,162332,Luiz Nishimori,PSD,PR,Comunicação,Telefonia,0,Sem indício cadastral crítico,FOUND,ATIVA,1,12,7167.85,10984.091277,13121.60062975809,-0.2908,Comportamento esperado
297,204407,Fernanda Melchionna,PSOL,RS,Serviços profissionais,"Consultorias, Pesquisas E Trabalhos Técnicos.",1,Situação cadastral não ativa: BAIXADA,FOUND,BAIXADA,1,1,4000.00,39996.666667,35707.577110401064,-1.0081,Fornecedor com CNPJ suspeito
819,204464,Talíria Petrone,PSOL,RJ,Serviços profissionais,"Consultorias, Pesquisas E Trabalhos Técnicos.",1,Situação cadastral não ativa: BAIXADA,FOUND,BAIXADA,2,10,60606.00,51555.638000,51954.41216850247,0.1742,Fornecedor com CNPJ suspeito
450,204457,Juninho Do Pneu,UNIÃO,RJ,Outros,Manutenção De Escritório De Apoio À Atividade Parlamentar,0,Sem indício cadastral crítico,FOUND,ATIVA,1,6,7792.40,80988.593819,134414.71100556676,-0.5446,Comportamento esperado
512,229432,Luiz Fernando Vampiro,MDB,SC,Alimentação,Fornecimento De Alimentação Do Parlamentar,1,Situação cadastral não ativa: BAIXADA,FOUND,BAIXADA,2,3,150.00,5345.501750,9873.801589562949,-0.5262,Fornecedor com CNPJ suspeito
577,74749,Mauro Lopes,PP,MG,Publicidade,Divulgação Da Atividade Parlamentar.,1,Situação cadastral não ativa: INAPTA,FOUND,INAPTA,1,5,52000.00,194891.353020,276881.75990132586,-0.5161,Fornecedor com CNPJ suspeito
736,213274,Ricardo Silva,PSD,SP,Hotéis,"Hospedagem ,exceto Do Parlamentar No Distrito Federal.",0,Sem indício cadastral crítico,FOUND,ATIVA,3,5,1963.92,10014.789189,11435.329101648113,-0.704,Comportamento esperado
385,204373,Hélio Costa,PSD,SC,Viagens,Passagem Aérea - Rpa,0,Sem indício cadastral crítico,FOUND,ATIVA,1,6,299.69,12083.098000,25544.630338693623,-0.4613,Comportamento esperado
697,204390,Professor Alcides,PSDB,GO,Locomoção,Locação Ou Fretamento De Veículos Automotores,0,Sem indício cadastral crítico,FOUND,ATIVA,1,14,167860.00,189142.637500,142661.57624064668,-0.1492,Comportamento esperado
814,204534,Tabata Amaral,PSB,SP,Publicidade,Divulgação Da Atividade Parlamentar.,1,Erro na consulta pública de CNPJ,ERROR,,1,9,1182.98,243741.226243,313657.1515008437,-0.7733,Fornecedor com CNPJ suspeito
522,141480,Lázaro Botelho,PP,TO,Viagens,Passagem Aérea - Rpa,0,Sem indício cadastral crítico,FOUND,ATIVA,2,8,9417.89,21219.852500,34392.862425376974,-0.3432,Comportamento esperado
123,220704,Carol Dartora,PT,PR,Outros,Aquisição De Tokens E Certificados Digitais,0,Sem indício cadastral crítico,FOUND,ATIVA,1,1,374.90,398.560000,36.65240510525877,-0.6455,Comportamento esperado
350,152605,Glauber Braga,PSOL,RJ,Outros,"Serviço De Táxi, Pedágio E Estacionamento",1,Situação cadastral não ativa: INAPTA,FOUND,INAPTA,2,2,72.00,8455.730411,14321.838989715481,-0.5854,Fornecedor com CNPJ suspeito
478,92102,Leur Lomanto Júnior,UNIÃO,BA,Serviços profissionais,"Consultorias, Pesquisas E Trabalhos Técnicos.",0,Sem indício cadastral crítico,FOUND,ATIVA,1,10,60000.00,64386.903226,47821.13506693795,-0.0917,Comportamento esperado
109,229069,Capitão Samuel,PP,SE,Outros,Manutenção De Escritório De Apoio À Atividade Parlamentar,0,Sem indício cadastral crítico,FOUND,ATIVA,1,4,4434.50,43647.935652,66268.36061748704,-0.5917,Comportamento esperado
176,204409,Daniel Trzeciak,PSDB,RS,Outros,Serviços Postais,0,Sem indício cadastral crítico,FOUND,ATIVA,1,1,98.00,862.238182,1333.8726370935917,-0.5729,Comportamento esperado
285,178905,Fabio Garcia,UNIÃO,MT,Viagens,Passagem Aérea - Reembolso,0,Sem indício cadastral crítico,FOUND,ATIVA,1,1,3995.45,36104.208462,85065.80718840551,-0.3775,Comportamento esperado
745,220546,Rodolfo Nogueira,PL,MS,Alimentação,Fornecimento De Alimentação Do Parlamentar,0,Sem indício cadastral crítico,FOUND,ATIVA,7,8,519.40,1353.213333,1612.688595893516,-0.517,Comportamento esperado
64,123756,Antônia Lúcia,MDB,AC,Outros,Manutenção De Escritório De Apoio À Atividade Parlamentar,0,Sem indício cadastral crítico,FOUND,ATIVA,3,4,4916.95,29735.132000,50394.769544197494,-0.4925,Comportamento esperado
115,204361,Carlos Chiodini,MDB,SC,Outros,Aquisição De Tokens E Certificados Digitais,1,Situação cadastral não ativa: BAIXADA,FOUND,BAIXADA,1,1,390.31,220.827500,119.76610131836135,1.4151,Fornecedor com CNPJ suspeito
167,220629,Dandara,PT,MG,Publicidade,Divulgação Da Atividade Parlamentar.,1,Situação cadastral não ativa: BAIXADA,FOUND,BAIXADA,4,8,43600.00,194891.353020,276881.75990132586,-0.5464,Fornecedor com CNPJ suspeito
612,204449,Nelson Barbudo,PL,MT,Serviços profissionais,"Consultorias, Pesquisas E Trabalhos Técnicos.",0,Sem indício cadastral crítico,FOUND,ATIVA,1,1,30000.00,43580.003333,32567.61538092762,-0.417,Comportamento esperado
658,178860,Paulo Azi,UNIÃO,BA,Combustível,Combustíveis E Lubrificantes.,1,Situação cadastral não ativa: BAIXADA,FOUND,BAIXADA,4,7,2089.63,76280.976842,110667.4963849575,-0.6704,Fornecedor com CNPJ suspeito
735,220633,Ricardo Salles,NOVO,SP,Hotéis,"Hospedagem ,exceto Do Parlamentar No Distrito Federal.",1,Erro na consulta pública de CNPJ,ERROR,,1,3,16968.84,10014.789189,11435.329101648113,0.6081,Fornecedor com CNPJ suspeito
346,220531,Gilvan Maximo,REPUBLICANOS,DF,Publicidade,Assinatura De Publicações,0,Sem indício cadastral crítico,FOUND,ATIVA,1,1,899.88,666.725000,329.730963135099,0.7071,Comportamento esperado
514,204455,Luiz Lima,PL,RJ,Outros,Manutenção De Escritório De Apoio À Atividade Parlamentar,0,Documento não consultado por não ser CNPJ,NOT_APPLICABLE,,1,13,20800.00,80988.593819,134414.71100556676,-0.4478,Comportamento esperado
219,227401,Dr Fabio Rueda,UNIÃO,AC,Hotéis,"Hospedagem ,exceto Do Parlamentar No Distrito Federal.",0,Sem indício cadastral crítico,FOUND,ATIVA,2,2,780.40,11165.562105,15437.148423150342,-0.6727,Comportamento esperado
84,204358,Beto Pereira,PSDB,MS,Outros,Manutenção De Escritório De Apoio À Atividade Parlamentar,1,Situação cadastral não ativa: BAIXADA,FOUND,BAIXADA,1,6,3440.00,74966.746667,80602.5088063342,-0.8874,Fornecedor com CNPJ suspeito
269,198783,Emanuel Pinheiro Neto,MDB,MT,Publicidade,Divulgação Da Atividade Parlamentar.,1,Situação cadastral não ativa: BAIXADA,FOUND,BAIXADA,1,2,10000.00,167205.955714,207800.9242977291,-0.7565,Fornecedor com CNPJ suspeito
324,160666,Félix Mendonça Júnior,PDT,BA,Outros,Serviços Postais,0,Sem indício cadastral crítico,FOUND,ATIVA,1,16,6818.05,1465.597500,2527.93213294582,2.1173,Possível anomalia financeira
149,220666,Coronel Meira,PL,PE,Combustível,Combustíveis E Lubrificantes.,1,CNPJ não encontrado na API pública,NOT_FOUND,,1,2,200.00,53506.291935,82942.380015203,-0.6427,Fornecedor com CNPJ suspeito
3,204554,Abílio Santana,PSC,BA,Outros,Manutenção De Escritório De Apoio À Atividade Parlamentar,0,Documento não consultado por não ser CNPJ,NOT_APPLICABLE,,1,3,4800.00,98257.521290,134321.8726415135,-0.6958,Comportamento esperado
888,,,,NA,Outros,Manutenção De Escritório De Apoio À Atividade Parlamentar,1,Situação cadastral não ativa: INAPTA,FOUND,INAPTA,1,1,450.00,15500.143182,23430.81961523477,-0.6423,Fornecedor com CNPJ suspeito
607,178858,Mário Negromonte Jr.,PP,BA,Combustível,Combustíveis E Lubrificantes.,1,Situação cadastral não ativa: BAIXADA,FOUND,BAIXADA,1,1,350.00,76280.976842,110667.4963849575,-0.6861,Fornecedor com CNPJ suspeito
121,141398,Carlos Zarattini,PT,SP,Outros,"Passagens Terrestres, Marítimas Ou Fluviais",0,Sem indício cadastral crítico,FOUND,ATIVA,1,1,253.05,996.486667,1138.3419633085512,-0.6531,Comportamento esperado
796,74356,Silas Câmara,REPUBLICANOS,AM,Comunicação,Telefonia,0,Sem indício cadastral crítico,FOUND,ATIVA,1,6,8129.55,25580.348889,29955.895435557606,-0.5825,Comportamento esperado
19,74696,Alberto Mourão,MDB,SP,Hotéis,"Hospedagem ,exceto Do Parlamentar No Distrito Federal.",0,Sem indício cadastral crítico,FOUND,ATIVA,1,3,3000.00,10014.789189,11435.329101648113,-0.6134,Comportamento esperado
729,73788,Ricardo Barros,PP,PR,Comunicação,Telefonia,0,Sem indício cadastral crítico,FOUND,ATIVA,3,18,24244.48,10984.091277,13121.60062975809,1.0106,Comportamento esperado
65,220675,Antônio Doido,MDB,PA,Outros,Manutenção De Escritório De Apoio À Atividade Parlamentar,1,Situação cadastral não ativa: BAIXADA,FOUND,BAIXADA,1,1,790.50,42888.542571,70113.4772677672,-0.6004,Fornecedor com CNPJ suspeito
152,220590,Coronel Ulysses,UNIÃO,AC,Viagens,Passagem Aérea - Rpa,0,Sem indício cadastral crítico,FOUND,ATIVA,1,5,250.00,17368.935000,20856.5816470984,-0.8208,Comportamento esperado
8,204528,Adriana Ventura,NOVO,SP,Outros,"Serviço De Táxi, Pedágio E Estacionamento",0,Documento não consultado por não ser CNPJ,NOT_APPLICABLE,,3,3,215.60,11967.060840,16796.655097373645,-0.6996,Comportamento esperado
388,204533,Idilvan Alencar,PDT,CE,Outros,Serviços Postais,0,Sem indício cadastral crítico,FOUND,ATIVA,3,3,720.30,3829.738750,9609.91874267183,-0.3236,Comportamento esperado
192,220673,Delegado Caveira,PL,PA,Locomoção,Locação Ou Fretamento De Embarcações,0,Sem indício cadastral crítico,FOUND,ATIVA,2,2,1468.00,190567.000000,349438.6303143944,-0.5412,Comportamento esperado
159,204370,Célio Moura,PT,TO,Comunicação,Telefonia,1,Situação cadastral não ativa: BAIXADA,FOUND,BAIXADA,1,1,141.48,6929.241333,13569.93291877454,-0.5002,Fornecedor com CNPJ suspeito
747,204366,Rodrigo Coelho,PODE,SC,Outros,Manutenção De Escritório De Apoio À Atividade Parlamentar,0,Sem indício cadastral crítico,FOUND,ATIVA,1,5,1500.00,70964.571200,106769.4367602354,-0.6506,Comportamento esperado
457,228797,Júlio Oliveira,PP,TO,Publicidade,Divulgação Da Atividade Parlamentar.,0,Sem indício cadastral crítico,FOUND,ATIVA,1,4,106000.00,260231.601071,329408.0872597135,-0.4682,Comportamento esperado
234,220528,Dr. Victor Linhalis,PODE,ES,Combustível,Combustíveis E Lubrificantes.,1,Situação cadastral não ativa: BAIXADA,FOUND,BAIXADA,1,1,295.01,49148.417879,67749.62213949014,-0.7211,Fornecedor com CNPJ suspeito
81,73701,Benedita Da Silva,PT,RJ,Combustível,Combustíveis E Lubrificantes.,1,CNPJ não encontrado na API pública,NOT_FOUND,,1,1,200.00,44023.319398,62812.667137756165,-0.6977,Fornecedor com CNPJ suspeito
359,204531,Guilherme Derrite,PL,SP,Publicidade,Divulgação Da Atividade Parlamentar.,0,Sem indício cadastral crítico,FOUND,ATIVA,1,2,3999.88,243741.226243,313657.1515008437,-0.7643,Comportamento esperado
357,204513,Guiga Peixoto,PSC,SP,Alimentação,Fornecimento De Alimentação Do Parlamentar,1,Situação cadastral não ativa: BAIXADA,FOUND,BAIXADA,1,1,51.84,3366.001170,5609.697337170304,-0.5908,Fornecedor com CNPJ suspeito
107,178829,Capitão Augusto,PL,SP,Alimentação,Fornecimento De Alimentação Do Parlamentar,1,Situação cadastral não ativa: BAIXADA,FOUND,BAIXADA,3,4,211.94,3366.001170,5609.697337170304,-0.5623,Fornecedor com CNPJ suspeito
426,141464,José Airton Félix Cirilo,PT,CE,Comunicação,Telefonia,1,Situação cadastral não ativa: BAIXADA,FOUND,BAIXADA,1,6,1438.97,11707.711071,16858.211643996754,-0.6091,Fornecedor com CNPJ suspeito
386,178909,Hélio Leite,UNIÃO,PA,Combustível,Combustíveis E Lubrificantes.,1,Situação cadastral não ativa: BAIXADA,FOUND,BAIXADA,1,1,150.00,39488.928400,62234.56368268833,-0.6321,Fornecedor com CNPJ suspeito
771,73466,Rubens Bueno,CIDADANIA,PR,Outros,Manutenção De Escritório De Apoio À Atividade Parlamentar,1,Situação cadastral não ativa: INAPTA,FOUND,INAPTA,1,5,4099.00,86193.122500,116860.66498214444,-0.7025,Fornecedor com CNPJ suspeito
344,204365,Gilson Marques,NOVO,SC,Outros,"Passagens Terrestres, Marítimas Ou Fluviais",0,Sem indício cadastral crítico,FOUND,ATIVA,1,1,1600.00,472.404167,456.3108967371486,2.4711,Possível anomalia financeira
92,204561,Bira Do Pindaré,PSB,MA,Publicidade,Assinatura De Publicações,0,Sem indício cadastral crítico,FOUND,ATIVA,1,1,3294.38,2169.600000,1849.596245779062,0.6081,Comportamento esperado
77,69871,Bacelar,PV,BA,Serviços profissionais,"Consultorias, Pesquisas E Trabalhos Técnicos.",0,Sem indício cadastral crítico,FOUND,ATIVA,1,5,65000.00,64386.903226,47821.13506693795,0.0128,Comportamento esperado
74,220577,Augusto Puppio,MDB,AP,Publicidade,Divulgação Da Atividade Parlamentar.,1,Situação cadastral não ativa: BAIXADA,FOUND,BAIXADA,2,11,242500.00,282209.245429,388109.6753004129,-0.1023,Fornecedor com CNPJ suspeito
128,73441,Celso Russomanno,REPUBLICANOS,SP,Outros,Manutenção De Escritório De Apoio À Atividade Parlamentar,1,Situação cadastral não ativa: BAIXADA,FOUND,BAIXADA,1,2,201.20,98538.487659,143509.98800071477,-0.6852,Fornecedor com CNPJ suspeito
356,198197,Greyce Elias,PL,MG,Outros,Manutenção De Escritório De Apoio À Atividade Parlamentar,1,Situação cadastral não ativa: INAPTA,FOUND,INAPTA,1,2,143.20,123562.947566,162703.54342443834,-0.7586,Fornecedor com CNPJ suspeito
161,204488,Célio Studart,PSD,CE,Serviços profissionais,"Consultorias, Pesquisas E Trabalhos Técnicos.",0,Sem indício cadastral crítico,FOUND,ATIVA,1,11,101000.00,67459.660000,60466.2251856053,0.5547,Comportamento esperado
749,141531,Rodrigo De Castro,UNIÃO,MG,Locomoção,Locação Ou Fretamento De Veículos Automotores,1,Situação cadastral não ativa: BAIXADA,FOUND,BAIXADA,2,6,32126.00,199358.988889,190617.58878325575,-0.8773,Fornecedor com CNPJ suspeito
682,204395,Pedro Lupion,PP,PR,Comunicação,Telefonia,0,Sem indício cadastral crítico,FOUND,ATIVA,2,2,761.43,10984.091277,13121.60062975809,-0.7791,Comportamento esperado
452,204574,Junior Lourenço,PL,MA,Publicidade,Divulgação Da Atividade Parlamentar.,0,Sem indício cadastral crítico,FOUND,ATIVA,3,3,41500.00,299945.123175,386285.4495039867,-0.6691,Comportamento esperado
555,220547,Marcos Pollon,PL,MS,Outros,Manutenção De Escritório De Apoio À Atividade Parlamentar,0,Documento não consultado por não ser CNPJ,NOT_APPLICABLE,,1,23,80804.47,74966.746667,80602.5088063342,0.0724,Comportamento esperado
434,74366,João Campos,REPUBLICANOS,GO,Publicidade,Assinatura De Publicações,0,Sem indício cadastral crítico,FOUND,ATIVA,1,1,754.80,1246.820000,1176.5228438071229,-0.4182,Comportamento esperado
506,160645,Luiz Carlos,PSDB,AP,Locomoção,Locação Ou Fretamento De Veículos Automotores,0,Sem indício cadastral crítico,FOUND,ATIVA,2,5,26880.00,118873.802381,121389.286590239,-0.7578,Comportamento esperado
287,204368,Fabio Schiochet,UNIÃO,SC,Outros,Serviços Postais,0,Sem indício cadastral crítico,FOUND,ATIVA,1,1,128.00,1043.824167,1437.984649529007,-0.6369,Comportamento esperado
153,178963,Covatti Filho,PP,RS,Outros,Manutenção De Escritório De Apoio À Atividade Parlamentar,1,Erro na consulta pública de CNPJ,ERROR,,1,25,3729.00,109428.142500,149558.61424927576,-0.7067,Fornecedor com CNPJ suspeito
850,178888,Victor Mendes,MDB,MA,Viagens,Passagem Aérea - Rpa,0,Sem indício cadastral crítico,FOUND,ATIVA,1,2,3296.96,17893.360952,34179.698738222214,-0.427,Comportamento esperado
655,220627,Paulinho Freire,UNIÃO,RN,Combustível,Combustíveis E Lubrificantes.,1,Situação cadastral não ativa: BAIXADA,FOUND,BAIXADA,2,2,664.86,51927.710333,76131.03428420173,-0.6734,Fornecedor com CNPJ suspeito
592,178895,Misael Varella,PSD,MG,Serviços profissionais,"Consultorias, Pesquisas E Trabalhos Técnicos.",0,Sem indício cadastral crítico,FOUND,ATIVA,1,8,52000.00,50370.301935,57079.85828457048,0.0286,Comportamento esperado
150,204514,Coronel Tadeu,PL,SP,Serviços profissionais,"Consultorias, Pesquisas E Trabalhos Técnicos.",0,Sem indício cadastral crítico,FOUND,ATIVA,2,4,18000.00,42478.291429,47664.49520078613,-0.5136,Comportamento esperado
239,204434,Dra. Vanda Milani,PROS,AC,Serviços profissionais,"Consultorias, Pesquisas E Trabalhos Técnicos.",1,Situação cadastral não ativa: BAIXADA,FOUND,BAIXADA,3,8,83000.00,77762.496250,58254.79744380198,0.0899,Fornecedor com CNPJ suspeito
641,220706,Padovani,PP,PR,Publicidade,Divulgação Da Atividade Parlamentar.,1,Situação cadastral não ativa: BAIXADA,FOUND,BAIXADA,1,1,3000.00,263664.052022,329972.5348930845,-0.79,Fornecedor com CNPJ suspeito
182,116379,Darci De Matos,PSD,SC,Outros,Manutenção De Escritório De Apoio À Atividade Parlamentar,1,Situação cadastral não ativa: BAIXADA,FOUND,BAIXADA,1,2,312.01,70964.571200,106769.4367602354,-0.6617,Fornecedor com CNPJ suspeito
120,204426,Carlos Veras,PT,PE,Outros,Manutenção De Escritório De Apoio À Atividade Parlamentar,1,Situação cadastral não ativa: BAIXADA,FOUND,BAIXADA,1,4,3388.10,90785.734524,140277.34198893898,-0.623,Fornecedor com CNPJ suspeito
73,160665,Augusto Coutinho,REPUBLICANOS,PE,Combustível,Combustíveis E Lubrificantes.,1,CNPJ não encontrado na API pública,NOT_FOUND,,1,1,200.01,53506.291935,82942.380015203,-0.6427,Fornecedor com CNPJ suspeito
666,220685,Paulo Litro,UNIÃO,PR,Outros,Serviços Postais,0,Sem indício cadastral crítico,FOUND,ATIVA,1,2,225.00,2362.262000,4411.055170390342,-0.4845,Comportamento esperado
769,220620,Rosângela Reis,PL,MG,Publicidade,Divulgação Da Atividade Parlamentar.,1,Situação cadastral não ativa: INAPTA,FOUND,INAPTA,1,2,40000.00,194891.353020,276881.75990132586,-0.5594,Fornecedor com CNPJ suspeito
580,75431,Maurício Dziedricki,PODE,RS,Comunicação,Telefonia,1,Situação cadastral não ativa: BAIXADA,FOUND,BAIXADA,1,1,119.89,19321.830435,18898.364290143905,-1.0161,Fornecedor com CNPJ suspeito
656,141516,Paulo Abi-ackel,PSDB,MG,Serviços profissionais,"Consultorias, Pesquisas E Trabalhos Técnicos.",0,Sem indício cadastral crítico,FOUND,ATIVA,1,13,98000.00,50370.301935,57079.85828457048,0.8344,Comportamento esperado
428,204472,José Medeiros,PL,MT,Publicidade,Divulgação Da Atividade Parlamentar.,1,Situação cadastral não ativa: BAIXADA,FOUND,BAIXADA,1,10,119500.00,167205.955714,207800.9242977291,-0.2296,Fornecedor com CNPJ suspeito
507,141485,Luiz Carlos Busato,UNIÃO,RS,Hotéis,"Hospedagem ,exceto Do Parlamentar No Distrito Federal.",1,Situação cadastral não ativa: BAIXADA,FOUND,BAIXADA,1,1,2450.87,21826.986437,35658.661568585754,-0.5434,Fornecedor com CNPJ suspeito
79,220605,Bandeira De Mello,PV,RJ,Publicidade,Divulgação Da Atividade Parlamentar.,1,Situação cadastral não ativa: BAIXADA,FOUND,BAIXADA,1,1,8000.00,226781.355120,259582.44863584734,-0.8428,Fornecedor com CNPJ suspeito
781,160621,Sandro Alex,PSD,PR,Outros,Manutenção De Escritório De Apoio À Atividade Parlamentar,0,Sem indício cadastral crítico,FOUND,ATIVA,3,4,1779.97,86193.122500,116860.66498214444,-0.7223,Comportamento esperado
150,204514,Coronel Tadeu,PL,SP,Outros,"Passagens Terrestres, Marítimas Ou Fluviais",0,Sem indício cadastral crítico,FOUND,ATIVA,1,1,350.86,996.486667,1138.3419633085512,-0.5672,Comportamento esperado
526,139285,Lídice Da Mata,PSB,BA,Publicidade,Divulgação Da Atividade Parlamentar.,1,Situação cadastral não ativa: BAIXADA,FOUND,BAIXADA,2,8,66815.00,317318.910361,328157.1355142384,-0.7634,Fornecedor com CNPJ suspeito
245,228272,Délio Pinheiro,PDT,MG,Combustível,Combustíveis E Lubrificantes.,0,Sem indício cadastral crítico,FOUND,ATIVA,2,2,391.36,65306.104375,92314.0005265802,-0.7032,Comportamento esperado
418,178857,Jorge Solla,PT,BA,Outros,"Serviço De Táxi, Pedágio E Estacionamento",1,Situação cadastral não ativa: BAIXADA,FOUND,BAIXADA,1,1,48.00,7947.726552,12451.86965129915,-0.6344,Fornecedor com CNPJ suspeito
880,204517,Zé Vitor,PL,MG,Outros,Aquisição De Tokens E Certificados Digitais,0,Sem indício cadastral crítico,FOUND,ATIVA,1,1,161.66,251.133000,157.05814479216147,-0.5697,Comportamento esperado
327,74200,Gastão Vieira,PROS,MA,Locomoção,Locação Ou Fretamento De Veículos Automotores,0,Sem indício cadastral crítico,FOUND,ATIVA,1,3,18000.00,122090.952683,112418.39663710551,-0.9259,Comportamento esperado
289,220712,Fausto Jr.,UNIÃO,AM,Outros,Manutenção De Escritório De Apoio À Atividade Parlamentar,1,Situação cadastral não ativa: BAIXADA,FOUND,BAIXADA,1,2,1912.20,35177.838000,53399.12696043168,-0.623,Fornecedor com CNPJ suspeito
831,160976,Tiririca,PL,SP,Hotéis,"Hospedagem ,exceto Do Parlamentar No Distrito Federal.",0,Sem indício cadastral crítico,FOUND,ATIVA,1,2,1307.09,10014.789189,11435.329101648113,-0.7615,Comportamento esperado
832,197438,Tito,AVANTE,BA,Publicidade,Divulgação Da Atividade Parlamentar.,1,Situação cadastral não ativa: INAPTA,FOUND,INAPTA,1,5,15000.00,317318.910361,328157.1355142384,-0.9213,Fornecedor com CNPJ suspeito
655,220627,Paulinho Freire,UNIÃO,RN,Combustível,Combustíveis E Lubrificantes.,1,CNPJ não encontrado na API pública,NOT_FOUND,,2,2,300.01,51927.710333,76131.03428420173,-0.6781,Fornecedor com CNPJ suspeito
463,204536,Kim Kataguiri,UNIÃO,SP,Viagens,Passagem Aérea - Reembolso,0,Sem indício cadastral crítico,FOUND,ATIVA,1,4,3430.12,9758.571000,11443.414965885137,-0.553,Comportamento esperado
785,220618,Sargento Portugal,PODE,RJ,Outros,Manutenção De Escritório De Apoio À Atividade Parlamentar,1,Situação cadastral não ativa: BAIXADA,FOUND,BAIXADA,1,12,8214.46,80988.593819,134414.71100556676,-0.5414,Fornecedor com CNPJ suspeito
758,178930,Roman,PP,PR,Outros,Manutenção De Escritório De Apoio À Atividade Parlamentar,0,Documento não consultado por não ser CNPJ,NOT_APPLICABLE,,1,3,9438.88,86193.122500,116860.66498214444,-0.6568,Comportamento esperado
395,230764,Ivan Junior,UNIÃO,MA,Publicidade,Divulgação Da Atividade Parlamentar.,0,Sem indício cadastral crítico,FOUND,ATIVA,1,3,115600.00,299945.123175,386285.4495039867,-0.4772,Comportamento esperado
542,160161,Marcelo Queiroz,PSDB,RJ,Outros,Aquisição De Tokens E Certificados Digitais,0,Sem indício cadastral crítico,FOUND,ATIVA,1,1,329.25,183.310000,132.1682953661732,1.1042,Comportamento esperado
742,220613,Roberto Monteiro Pai,PL,RJ,Outros,"Serviço De Táxi, Pedágio E Estacionamento",1,Situação cadastral não ativa: BAIXADA,FOUND,BAIXADA,2,3,106.00,8455.730411,14321.838989715481,-0.583,Fornecedor com CNPJ suspeito
607,178858,Mário Negromonte Jr.,PSB,BA,Viagens,Passagem Aérea - Reembolso,0,Sem indício cadastral crítico,FOUND,ATIVA,1,1,3425.17,6722.195000,9392.208684505544,-0.351,Comportamento esperado
195,204512,Delegado Marcelo Freitas,UNIÃO,MG,Combustível,Combustíveis E Lubrificantes.,1,Situação cadastral não ativa: BAIXADA,FOUND,BAIXADA,1,1,226.69,65306.104375,92314.0005265802,-0.705,Fornecedor com CNPJ suspeito
882,74459,Átila Lira,PP,PI,Publicidade,Divulgação Da Atividade Parlamentar.,1,Situação cadastral não ativa: BAIXADA,FOUND,BAIXADA,1,1,1750.00,255170.175556,326071.87108703476,-0.7772,Fornecedor com CNPJ suspeito
754,165470,Rodrigo Valadares,PL,SE,Comunicação,Telefonia,0,Sem indício cadastral crítico,FOUND,ATIVA,1,1,779.85,10940.770000,16435.398849269677,-0.6182,Comportamento esperado
153,178963,Covatti Filho,PP,RS,Outros,Manutenção De Escritório De Apoio À Atividade Parlamentar,1,Situação cadastral não ativa: BAIXADA,FOUND,BAIXADA,1,5,749.50,109428.142500,149558.61424927576,-0.7267,Fornecedor com CNPJ suspeito
586,220530,Messias Donato,UNIÃO,ES,Outros,Manutenção De Escritório De Apoio À Atividade Parlamentar,1,Situação cadastral não ativa: BAIXADA,FOUND,BAIXADA,1,1,1877.80,101936.796563,164857.25422120074,-0.6069,Fornecedor com CNPJ suspeito
77,69871,Bacelar,PV,BA,Viagens,Passagem Aérea - Rpa,0,Sem indício cadastral crítico,FOUND,ATIVA,1,1,2742.36,31763.658913,54219.86604798766,-0.5353,Comportamento esperado
293,204398,Felipe Francischini,PODE,PR,Locomoção,Locação Ou Fretamento De Veículos Automotores,1,Situação cadastral não ativa: BAIXADA,FOUND,BAIXADA,1,1,3488.69,113439.957419,130977.93601797776,-0.8395,Fornecedor com CNPJ suspeito
435,141458,João Carlos Bacelar,PL,BA,Serviços profissionais,"Consultorias, Pesquisas E Trabalhos Técnicos.",0,Sem indício cadastral crítico,FOUND,ATIVA,2,3,10740.00,64386.903226,47821.13506693795,-1.1218,Comportamento esperado
76,74646,Aécio Neves,PSDB,MG,Viagens,Passagem Aérea - Rpa,0,Sem indício cadastral crítico,FOUND,ATIVA,1,3,2251.52,40253.940526,63478.97879162227,-0.5987,Comportamento esperado
526,139285,Lídice Da Mata,PSB,BA,Combustível,Combustíveis E Lubrificantes.,1,Situação cadastral não ativa: BAIXADA,FOUND,BAIXADA,1,1,187.32,76280.976842,110667.4963849575,-0.6876,Fornecedor com CNPJ suspeito
735,220633,Ricardo Salles,NOVO,SP,Outros,"Passagens Terrestres, Marítimas Ou Fluviais",0,Sem indício cadastral crítico,FOUND,ATIVA,1,1,226.58,996.486667,1138.3419633085512,-0.6763,Comportamento esperado
9,121948,Adriano Do Baldy,PP,GO,Outros,"Passagens Terrestres, Marítimas Ou Fluviais",0,Sem indício cadastral crítico,FOUND,ATIVA,1,2,139.76,449.695000,701.2740362155153,-0.442,Comportamento esperado
636,204422,Ossesio Silva,REPUBLICANOS,PE,Hotéis,"Hospedagem ,exceto Do Parlamentar No Distrito Federal.",1,Situação cadastral não ativa: BAIXADA,FOUND,BAIXADA,1,1,177.66,17089.374528,23447.97906027458,-0.7212,Fornecedor com CNPJ suspeito
254,141421,Eduardo Da Fonte,PP,PE,Viagens,Passagem Aérea - Reembolso,0,Sem indício cadastral crítico,FOUND,ATIVA,1,1,1485.85,7471.163333,10016.291980131698,-0.5976,Comportamento esperado
44,220707,Amanda Gentil,PP,MA,Outros,Manutenção De Escritório De Apoio À Atividade Parlamentar,0,Sem indício cadastral crítico,FOUND,ATIVA,3,8,18726.09,64195.130784,109861.24089764054,-0.4139,Comportamento esperado
720,225386,Renan Ferreirinha,PSD,RJ,Hotéis,"Hospedagem ,exceto Do Parlamentar No Distrito Federal.",1,Erro na consulta pública de CNPJ,ERROR,,1,1,10202.90,13016.628636,21468.959145470457,-0.1311,Fornecedor com CNPJ suspeito
36,74057,Alice Portugal,PCDOB,BA,Serviços profissionais,"Consultorias, Pesquisas E Trabalhos Técnicos.",0,Sem indício cadastral crítico,FOUND,ATIVA,1,1,4000.00,64386.903226,47821.13506693795,-1.2628,Comportamento esperado
547,178983,Marcio Alvino,PL,SP,Viagens,Passagem Aérea - Rpa,0,Sem indício cadastral crítico,FOUND,ATIVA,1,2,1832.20,24943.515352,36157.13967829913,-0.6392,Comportamento esperado
284,219920,Fabio Barros,PSB,PE,Outros,Serviço De Segurança Prestado Por Empresa Especializada.,0,Sem indício cadastral crítico,FOUND,ATIVA,1,1,6960.00,39836.297143,37064.6043116348,-0.887,Comportamento esperado
95,204551,Bosco Saraiva,SOLIDARIEDADE,AM,Combustível,Combustíveis E Lubrificantes.,1,Situação cadastral não ativa: BAIXADA,FOUND,BAIXADA,1,1,350.00,27982.215263,36043.55549981074,-0.7666,Fornecedor com CNPJ suspeito
249,74655,Eduardo Barbosa,PSDB,MG,Outros,"Passagens Terrestres, Marítimas Ou Fluviais",0,Sem indício cadastral crítico,FOUND,ATIVA,2,3,340.93,3858.240000,6358.142634643256,-0.5532,Comportamento esperado
80,220612,Bebeto,PP,RJ,Viagens,Passagem Aérea - Reembolso,0,Sem indício cadastral crítico,FOUND,ATIVA,1,1,2592.41,9840.865893,10669.362639943789,-0.6794,Comportamento esperado
133,74171,Chico Alencar,PSOL,RJ,Comunicação,Telefonia,1,Situação cadastral não ativa: BAIXADA,FOUND,BAIXADA,1,5,880.58,11897.719661,18918.17939394703,-0.5824,Fornecedor com CNPJ suspeito
576,204486,Mauro Benevides Filho,UNIÃO,CE,Hotéis,"Hospedagem ,exceto Do Parlamentar No Distrito Federal.",0,Sem indício cadastral crítico,FOUND,ATIVA,2,4,4358.75,14861.399063,17345.750222182687,-0.6055,Comportamento esperado
641,220706,Padovani,PP,PR,Hotéis,"Hospedagem ,exceto Do Parlamentar No Distrito Federal.",1,Erro na consulta pública de CNPJ,ERROR,,1,1,5435.29,18419.328649,34024.43115299299,-0.3816,Fornecedor com CNPJ suspeito
290,66828,Fausto Pinato,UNIÃO,SP,Combustível,Combustíveis E Lubrificantes.,1,Situação cadastral não ativa: BAIXADA,FOUND,BAIXADA,1,2,493.70,42192.750821,64034.19773844777,-0.6512,Fornecedor com CNPJ suspeito
388,204533,Idilvan Alencar,PDT,CE,Viagens,Passagem Aérea - Reembolso,0,Sem indício cadastral crítico,FOUND,ATIVA,1,1,1558.77,12007.303200,17888.200103405623,-0.5841,Comportamento esperado
434,74366,João Campos,REPUBLICANOS,GO,Outros,Serviços Postais,0,Sem indício cadastral crítico,FOUND,ATIVA,1,1,849.28,462.690000,546.7208210778148,0.7071,Comportamento esperado
148,220595,Coronel Fernanda,PL,MT,Outros,"Passagens Terrestres, Marítimas Ou Fluviais",0,Sem indício cadastral crítico,FOUND,ATIVA,2,2,110.36,342.182500,259.3180178165137,-0.894,Comportamento esperado
234,220528,Dr. Victor Linhalis,PODE,ES,Hotéis,"Hospedagem ,exceto Do Parlamentar No Distrito Federal.",1,CNPJ não encontrado na API pública,NOT_FOUND,,1,2,200.00,14136.593684,23816.6886480095,-0.5852,Fornecedor com CNPJ suspeito
761,122466,Ronaldo Martins,REPUBLICANOS,CE,Publicidade,Divulgação Da Atividade Parlamentar.,0,Sem indício cadastral crítico,FOUND,ATIVA,1,1,27000.00,263931.285395,366906.3702021798,-0.6458,Comportamento esperado
483,204382,Loester Trutis,PL,MS,Viagens,Passagem Aérea - Reembolso,0,Sem indício cadastral crítico,FOUND,ATIVA,1,3,9019.96,14452.730000,23720.341588104926,-0.229,Comportamento esperado
372,204444,Helio Lopes,PL,RJ,Viagens,Passagem Aérea - Rpa,0,Sem indício cadastral crítico,FOUND,ATIVA,2,2,2339.27,24365.871064,36425.48190750471,-0.6047,Comportamento esperado
40,226708,Allan Garcês,PP,MA,Publicidade,Divulgação Da Atividade Parlamentar.,1,Situação cadastral não ativa: BAIXADA,FOUND,BAIXADA,2,8,46392.86,299945.123175,386285.4495039867,-0.6564,Fornecedor com CNPJ suspeito
471,204375,Leda Sadala,PP,AP,Serviços profissionais,"Consultorias, Pesquisas E Trabalhos Técnicos.",0,Sem indício cadastral crítico,FOUND,ATIVA,1,2,20000.00,74193.690909,67500.34505342109,-0.8029,Comportamento esperado
857,215044,Vivi Reis,PSOL,PA,Locomoção,Locação Ou Fretamento De Veículos Automotores,1,Situação cadastral não ativa: BAIXADA,FOUND,BAIXADA,3,4,6975.44,121907.551481,147158.0353457022,-0.781,Fornecedor com CNPJ suspeito
856,178992,Vitor Lippi,PSD,SP,Combustível,Combustíveis E Lubrificantes.,1,Situação cadastral não ativa: BAIXADA,FOUND,BAIXADA,1,1,226.17,42192.750821,64034.19773844777,-0.6554,Fornecedor com CNPJ suspeito
64,123756,Antônia Lúcia,REPUBLICANOS,AC,Viagens,Passagem Aérea - Rpa,0,Sem indício cadastral crítico,FOUND,ATIVA,1,3,5869.69,17368.935000,20856.5816470984,-0.5513,Comportamento esperado
23,204501,Alencar Santana,PT,SP,Combustível,Combustíveis E Lubrificantes.,1,Situação cadastral não ativa: BAIXADA,FOUND,BAIXADA,2,2,390.26,42192.750821,64034.19773844777,-0.6528,Fornecedor com CNPJ suspeito
686,178844,Pedro Vilela,PSDB,AL,Publicidade,Divulgação Da Atividade Parlamentar.,0,Sem indício cadastral crítico,FOUND,ATIVA,2,7,165000.00,358459.172381,402499.84210100886,-0.4806,Comportamento esperado
36,74057,Alice Portugal,PCDOB,BA,Locomoção,Locação Ou Fretamento De Veículos Automotores,1,Situação cadastral não ativa: BAIXADA,FOUND,BAIXADA,1,1,2155.77,292409.611930,213979.496522466,-1.3565,Fornecedor com CNPJ suspeito
253,178977,Eduardo Cury,PSDB,SP,Alimentação,Fornecimento De Alimentação Do Parlamentar,1,Situação cadastral não ativa: INAPTA,FOUND,INAPTA,1,1,52.00,3366.001170,5609.697337170304,-0.5908,Fornecedor com CNPJ suspeito
594,160561,Missionário José Olimpio,PL,SP,Outros,Manutenção De Escritório De Apoio À Atividade Parlamentar,0,Sem indício cadastral crítico,FOUND,ATIVA,1,1,497.30,98538.487659,143509.98800071477,-0.6832,Comportamento esperado
861,220601,Washington Quaquá,PT,RJ,Viagens,Passagem Aérea - Rpa,0,Sem indício cadastral crítico,FOUND,ATIVA,1,2,0.00,24365.871064,36425.48190750471,-0.6689,Comportamento esperado
883,123086,Átila Lira,PP,PI,Viagens,Passagem Aérea - Reembolso,0,Sem indício cadastral crítico,FOUND,ATIVA,2,2,3614.56,2975.296000,1532.0079186577332,0.4173,Comportamento esperado
709,220532,Rafael Prudente,MDB,DF,Combustível,Combustíveis E Lubrificantes.,1,CNPJ não encontrado na API pública,NOT_FOUND,,1,1,100.00,33372.670769,51515.7382887601,-0.6459,Fornecedor com CNPJ suspeito
829,143084,Tiago Dimas,PODE,TO,Viagens,Passagem Aérea - Reembolso,0,Sem indício cadastral crítico,FOUND,ATIVA,3,4,7052.68,4645.874444,4227.848303939934,0.5693,Comportamento esperado
856,178992,Vitor Lippi,PSD,SP,Outros,Serviços Postais,0,Sem indício cadastral crítico,FOUND,ATIVA,1,3,1033.60,1015.584878,1403.5425598127083,0.0128,Comportamento esperado
691,204529,Policial Katia Sastre,PL,SP,Serviços profissionais,"Consultorias, Pesquisas E Trabalhos Técnicos.",1,Situação cadastral não ativa: BAIXADA,FOUND,BAIXADA,1,1,5700.00,42478.291429,47664.49520078613,-0.7716,Fornecedor com CNPJ suspeito
289,220712,Fausto Jr.,UNIÃO,AM,Viagens,Passagem Aérea - Reembolso,0,Sem indício cadastral crítico,FOUND,ATIVA,2,2,15783.72,38248.147500,44487.57276603875,-0.505,Comportamento esperado
450,204457,Juninho Do Pneu,PSDB,RJ,Outros,Serviços Postais,0,Sem indício cadastral crítico,FOUND,ATIVA,1,3,558.58,243.509167,238.83926913525045,1.3192,Comportamento esperado
284,219920,Fabio Barros,PSB,PE,Alimentação,Fornecimento De Alimentação Do Parlamentar,1,Situação cadastral não ativa: BAIXADA,FOUND,BAIXADA,1,1,78.21,3487.092941,8073.709935566787,-0.4222,Fornecedor com CNPJ suspeito
720,225386,Renan Ferreirinha,PSD,RJ,Comunicação,Telefonia,0,Sem indício cadastral crítico,FOUND,ATIVA,1,1,97.43,11897.719661,18918.17939394703,-0.6238,Comportamento esperado
353,229333,Gláucia Santiago,PL,MG,Viagens,Passagem Aérea - Reembolso,0,Sem indício cadastral crítico,FOUND,ATIVA,1,1,569.00,7020.191961,10297.188894597206,-0.6265,Comportamento esperado
146,220594,Coronel Assis,PL,MT,Combustível,Combustíveis E Lubrificantes.,1,Situação cadastral não ativa: BAIXADA,FOUND,BAIXADA,1,1,200.00,34330.305532,57340.29977264771,-0.5952,Fornecedor com CNPJ suspeito
128,73441,Celso Russomanno,REPUBLICANOS,SP,Alimentação,Fornecimento De Alimentação Do Parlamentar,1,Erro na consulta pública de CNPJ,ERROR,,1,12,1219.90,3366.001170,5609.697337170304,-0.3826,Fornecedor com CNPJ suspeito
568,204566,Marreca Filho,PATRIOTA,MA,Outros,Manutenção De Escritório De Apoio À Atividade Parlamentar,0,Sem indício cadastral crítico,FOUND,ATIVA,1,3,596.00,64195.130784,109861.24089764054,-0.5789,Comportamento esperado
823,204466,Tereza Nelma,PSD,AL,Outros,Serviços Postais,0,Sem indício cadastral crítico,FOUND,ATIVA,1,2,147.00,752.275000,855.9881139653751,-0.7071,Comportamento esperado
267,218086,Ely Santos,REPUBLICANOS,SP,Hotéis,"Hospedagem ,exceto Do Parlamentar No Distrito Federal.",0,Sem indício cadastral crítico,FOUND,ATIVA,2,2,7264.64,10014.789189,11435.329101648113,-0.2405,Comportamento esperado
320,178969,Fábio Mitidieri,PSD,SE,Serviços profissionais,"Consultorias, Pesquisas E Trabalhos Técnicos.",1,Situação cadastral não ativa: INAPTA,FOUND,INAPTA,1,3,3000.00,82649.800000,100296.5049865647,-0.7941,Fornecedor com CNPJ suspeito
338,204394,Gervásio Maia,PSB,PB,Outros,Serviços Postais,0,Sem indício cadastral crítico,FOUND,ATIVA,1,2,147.00,401.850000,419.7359199544399,-0.6072,Comportamento esperado
733,160655,Ricardo Izar,REPUBLICANOS,SP,Viagens,Passagem Aérea - Rpa,0,Sem indício cadastral crítico,FOUND,ATIVA,1,1,3243.33,24943.515352,36157.13967829913,-0.6002,Comportamento esperado
472,231911,Lenir De Assis,PT,PR,Alimentação,Fornecimento De Alimentação Do Parlamentar,1,Situação cadastral não ativa: BAIXADA,FOUND,BAIXADA,2,2,127.00,4173.948542,8441.04850518495,-0.4794,Fornecedor com CNPJ suspeito
102,143942,Caio Vianna,PSD,RJ,Comunicação,Telefonia,0,Sem indício cadastral crítico,FOUND,ATIVA,1,4,514.77,11897.719661,18918.17939394703,-0.6017,Comportamento esperado
238,81297,Dra. Soraya Manato,PTB,ES,Publicidade,Divulgação Da Atividade Parlamentar.,1,Situação cadastral não ativa: INAPTA,FOUND,INAPTA,1,2,1300.00,254942.876552,301625.34822291706,-0.8409,Fornecedor com CNPJ suspeito
197,204569,Delegado Pablo,UNIÃO,AM,Comunicação,Telefonia,0,Sem indício cadastral crítico,FOUND,ATIVA,2,6,997.94,25580.348889,29955.895435557606,-0.8206,Comportamento esperado
142,141408,Cleber Verde,MDB,MA,Publicidade,Divulgação Da Atividade Parlamentar.,1,Situação cadastral não ativa: BAIXADA,FOUND,BAIXADA,1,5,315000.00,299945.123175,386285.4495039867,0.039,Fornecedor com CNPJ suspeito
796,74356,Silas Câmara,REPUBLICANOS,AM,Publicidade,Divulgação Da Atividade Parlamentar.,1,Situação cadastral não ativa: BAIXADA,FOUND,BAIXADA,1,3,62657.00,309286.770000,323174.1425425514,-0.7631,Fornecedor com CNPJ suspeito
809,177282,Subtenente Gonzaga,PSD,MG,Viagens,Passagem Aérea - Rpa,0,Sem indício cadastral crítico,FOUND,ATIVA,3,9,6599.37,40253.940526,63478.97879162227,-0.5302,Comportamento esperado
749,141531,Rodrigo De Castro,UNIÃO,MG,Outros,Aquisição De Tokens E Certificados Digitais,0,Sem indício cadastral crítico,FOUND,ATIVA,1,1,237.00,251.133000,157.05814479216147,-0.09,Comportamento esperado
594,160561,Missionário José Olimpio,PL,SP,Viagens,Passagem Aérea - Sigepa,,,,,0,6,1606.93,185430.171967,136227.76556134285,-1.3494,Comportamento esperado
593,229225,Missionária Michele Collins,PP,PE,Outros,Manutenção De Escritório De Apoio À Atividade Parlamentar,0,Documento não consultado por não ser CNPJ,NOT_APPLICABLE,,1,4,33433.34,90785.734524,140277.34198893898,-0.4089,Comportamento esperado
835,157130,Túlio Gadêlha,REDE,PE,Publicidade,Divulgação Da Atividade Parlamentar.,1,Erro na consulta pública de CNPJ,ERROR,,1,3,1911.27,241972.708182,301628.5621101344,-0.7959,Fornecedor com CNPJ suspeito
299,141431,Fernando Coelho Filho,UNIÃO,PE,Viagens,Passagem Aérea - Rpa,0,Sem indício cadastral crítico,FOUND,ATIVA,1,4,1999.03,15238.795000,22485.76149111043,-0.5888,Comportamento esperado
897,,,,NA,Publicidade,Divulgação Da Atividade Parlamentar.,1,CNPJ não encontrado na API pública,NOT_FOUND,,1,1,200.00,50979.424375,81608.46012151951,-0.6222,Fornecedor com CNPJ suspeito
517,204526,Luiz Philippe De Orleans E Bragança,PL,SP,Publicidade,Divulgação Da Atividade Parlamentar.,1,Situação cadastral não ativa: INAPTA,FOUND,INAPTA,1,1,6000.00,243741.226243,313657.1515008437,-0.758,Fornecedor com CNPJ suspeito
81,73701,Benedita Da Silva,PT,RJ,Comunicação,Telefonia,1,Situação cadastral não ativa: BAIXADA,FOUND,BAIXADA,1,2,338.00,11897.719661,18918.17939394703,-0.611,Fornecedor com CNPJ suspeito
646,160642,Pastor Eurico,PL,PE,Hotéis,"Hospedagem ,exceto Do Parlamentar No Distrito Federal.",1,Situação cadastral não ativa: INAPTA,FOUND,INAPTA,1,4,280.00,17089.374528,23447.97906027458,-0.7169,Fornecedor com CNPJ suspeito
884,204509,Áurea Carolina,PSOL,MG,Outros,"Passagens Terrestres, Marítimas Ou Fluviais",0,Sem indício cadastral crítico,FOUND,ATIVA,3,5,982.10,3858.240000,6358.142634643256,-0.4524,Comportamento esperado
93,160538,Bohn Gass,PT,RS,Outros,"Serviço De Táxi, Pedágio E Estacionamento",0,Documento não consultado por não ser CNPJ,NOT_APPLICABLE,,2,2,80.00,10192.084923,16137.89190584743,-0.6266,Comportamento esperado
379,73772,Hermes Parcianello,MDB,PR,Viagens,Passagem Aérea - Rpa,0,Sem indício cadastral crítico,FOUND,ATIVA,1,4,6743.00,26722.504474,58025.433845182,-0.3443,Comportamento esperado
263,229585,Elisangela Araujo,PT,BA,Viagens,Passagem Aérea - Reembolso,0,Sem indício cadastral crítico,FOUND,ATIVA,1,2,3478.06,6722.195000,9392.208684505544,-0.3454,Comportamento esperado
68,73433,Arlindo Chinaglia,PT,SP,Combustível,Combustíveis E Lubrificantes.,1,Situação cadastral não ativa: BAIXADA,FOUND,BAIXADA,2,2,415.04,42192.750821,64034.19773844777,-0.6524,Fornecedor com CNPJ suspeito
128,73441,Celso Russomanno,REPUBLICANOS,SP,Combustível,Combustíveis E Lubrificantes.,1,Erro na consulta pública de CNPJ,ERROR,,1,1,50.99,42192.750821,64034.19773844777,-0.6581,Fornecedor com CNPJ suspeito
406,204435,Jesus Sérgio,PDT,AC,Locomoção,Locação Ou Fretamento De Aeronaves,0,Sem indício cadastral crítico,FOUND,ATIVA,2,2,12000.00,67020.555556,82206.99971886686,-0.6693,Comportamento esperado
16,204549,Aj Albuquerque,PP,CE,Locomoção,Locação Ou Fretamento De Aeronaves,0,Sem indício cadastral crítico,FOUND,ATIVA,2,2,30000.00,46678.600000,38881.59920573464,-0.429,Comportamento esperado
593,229225,Missionária Michele Collins,PP,PE,Hotéis,"Hospedagem ,exceto Do Parlamentar No Distrito Federal.",0,Sem indício cadastral crítico,FOUND,ATIVA,1,2,1491.00,17089.374528,23447.97906027458,-0.6652,Comportamento esperado
485,196358,Lourival Gomes,PP,RJ,Publicidade,Divulgação Da Atividade Parlamentar.,0,Sem indício cadastral crítico,FOUND,ATIVA,2,4,54300.00,226781.355120,259582.44863584734,-0.6645,Comportamento esperado
592,178895,Misael Varella,PSD,MG,Viagens,Passagem Aérea - Reembolso,0,Sem indício cadastral crítico,FOUND,ATIVA,1,1,2042.19,7020.191961,10297.188894597206,-0.4834,Comportamento esperado
859,160569,Waldenor Pereira,PT,BA,Serviços profissionais,"Consultorias, Pesquisas E Trabalhos Técnicos.",0,Sem indício cadastral crítico,FOUND,ATIVA,1,1,30000.00,64386.903226,47821.13506693795,-0.7191,Comportamento esperado
225,220688,Dr. Francisco,PT,PI,Combustível,Combustíveis E Lubrificantes.,1,Situação cadastral não ativa: BAIXADA,FOUND,BAIXADA,1,1,300.11,73929.545357,101552.42380940972,-0.725,Fornecedor com CNPJ suspeito
83,141335,Beto Faro,PT,PA,Outros,Manutenção De Escritório De Apoio À Atividade Parlamentar,0,Sem indício cadastral crítico,FOUND,ATIVA,1,1,274.90,42888.542571,70113.4772677672,-0.6078,Comportamento esperado
85,220698,Beto Preto,PSD,PR,Outros,Manutenção De Escritório De Apoio À Atividade Parlamentar,0,Sem indício cadastral crítico,FOUND,ATIVA,1,1,3899.70,86193.122500,116860.66498214444,-0.7042,Comportamento esperado
162,204355,Da Vitoria,PP,ES,Combustível,Combustíveis E Lubrificantes.,1,Situação cadastral não ativa: BAIXADA,FOUND,BAIXADA,3,3,507.25,49148.417879,67749.62213949014,-0.718,Fornecedor com CNPJ suspeito
281,178871,Evair Vieira De Melo,PP,ES,Viagens,Passagem Aérea - Rpa,0,Sem indício cadastral crítico,FOUND,ATIVA,1,2,615.00,13452.752000,24537.48964332959,-0.5232,Comportamento esperado
509,204485,Luiz Carlos Motta,PL,SP,Outros,"Serviço De Táxi, Pedágio E Estacionamento",0,Sem indício cadastral crítico,FOUND,ATIVA,1,3,19.40,11967.060840,16796.655097373645,-0.7113,Comportamento esperado
50,220632,Ana Pimentel,PT,MG,Combustível,Combustíveis E Lubrificantes.,1,Situação cadastral não ativa: BAIXADA,FOUND,BAIXADA,1,2,489.06,65306.104375,92314.0005265802,-0.7021,Fornecedor com CNPJ suspeito
495,74478,Luciano Bivar,UNIÃO,PE,Outros,Manutenção De Escritório De Apoio À Atividade Parlamentar,1,Situação cadastral não ativa: INAPTA,FOUND,INAPTA,1,2,1698.00,90785.734524,140277.34198893898,-0.6351,Fornecedor com CNPJ suspeito
419,218245,Jorielson,PL,AP,Outros,Manutenção De Escritório De Apoio À Atividade Parlamentar,0,Documento não consultado por não ser CNPJ,NOT_APPLICABLE,,1,4,48000.00,30123.933200,30290.240248736845,0.5902,Comportamento esperado
748,230767,Rodrigo Da Zaeli,PL,MT,Combustível,Combustíveis E Lubrificantes.,1,Situação cadastral não ativa: BAIXADA,FOUND,BAIXADA,1,2,475.26,34330.305532,57340.29977264771,-0.5904,Fornecedor com CNPJ suspeito
809,177282,Subtenente Gonzaga,PSD,MG,Hotéis,"Hospedagem ,exceto Do Parlamentar No Distrito Federal.",1,Situação cadastral não ativa: BAIXADA,FOUND,BAIXADA,2,3,440.00,17018.453084,26330.369533202334,-0.6296,Fornecedor com CNPJ suspeito
637,141515,Otavio Leite,PSDB,RJ,Outros,Serviços Postais,0,Sem indício cadastral crítico,FOUND,ATIVA,1,1,48.30,243.509167,238.83926913525045,-0.8173,Comportamento esperado
766,204357,Rose Modesto,UNIÃO,MS,Locomoção,Locação Ou Fretamento De Veículos Automotores,0,Sem indício cadastral crítico,FOUND,ATIVA,1,6,16800.00,208841.042857,176263.8077260953,-1.0895,Comportamento esperado
281,178871,Evair Vieira De Melo,REPUBLICANOS,ES,Viagens,Passagem Aérea - Reembolso,0,Sem indício cadastral crítico,FOUND,ATIVA,2,2,3922.53,10428.191818,24247.266158601393,-0.2683,Comportamento esperado
64,123756,Antônia Lúcia,MDB,AC,Viagens,Passagem Aérea - Rpa,0,Sem indício cadastral crítico,FOUND,ATIVA,2,2,6898.80,17368.935000,20856.5816470984,-0.502,Comportamento esperado
330,204473,General Girão,PL,RN,Outros,Serviços Postais,0,Sem indício cadastral crítico,FOUND,ATIVA,1,1,1150.74,1150.740000,,,Comportamento esperado
781,160621,Sandro Alex,PSD,PR,Combustível,Combustíveis E Lubrificantes.,1,Situação cadastral não ativa: BAIXADA,FOUND,BAIXADA,2,2,521.32,57944.345500,82353.4495793919,-0.6973,Fornecedor com CNPJ suspeito
212,160599,Dimas Fabiano,PP,MG,Outros,Manutenção De Escritório De Apoio À Atividade Parlamentar,1,Erro na consulta pública de CNPJ,ERROR,,1,7,3689.70,123562.947566,162703.54342443834,-0.7368,Fornecedor com CNPJ suspeito
203,220705,Deltan Dallagnol,PODE,PR,Comunicação,Telefonia,0,Sem indício cadastral crítico,FOUND,ATIVA,1,5,936.22,10984.091277,13121.60062975809,-0.7658,Comportamento esperado
231,204351,Dr. Luiz Ovando,PP,MS,Publicidade,Divulgação Da Atividade Parlamentar.,1,Situação cadastral não ativa: BAIXADA,FOUND,BAIXADA,1,2,10000.00,244824.753226,352025.1744174792,-0.6671,Fornecedor com CNPJ suspeito
558,204430,Margarete Coelho,PP,PI,Outros,Manutenção De Escritório De Apoio À Atividade Parlamentar,1,Situação cadastral não ativa: BAIXADA,FOUND,BAIXADA,1,3,1263.50,64892.367419,74159.10998309037,-0.858,Fornecedor com CNPJ suspeito
272,230765,Enfermeira Rejane,PCDOB,RJ,Hotéis,"Hospedagem ,exceto Do Parlamentar No Distrito Federal.",0,Sem indício cadastral crítico,FOUND,ATIVA,1,1,423.33,13016.628636,21468.959145470457,-0.5866,Comportamento esperado
835,157130,Túlio Gadêlha,REDE,PE,Combustível,Combustíveis E Lubrificantes.,1,CNPJ não encontrado na API pública,NOT_FOUND,,1,1,100.00,53506.291935,82942.380015203,-0.6439,Fornecedor com CNPJ suspeito
518,74784,Luiza Erundina,PSOL,SP,Outros,Manutenção De Escritório De Apoio À Atividade Parlamentar,1,Situação cadastral não ativa: BAIXADA,FOUND,BAIXADA,1,4,2399.75,98538.487659,143509.98800071477,-0.6699,Fornecedor com CNPJ suspeito
28,204544,Alexandre Frota,PROS,SP,Outros,"Serviço De Táxi, Pedágio E Estacionamento",0,Sem indício cadastral crítico,FOUND,ATIVA,2,7,7441.73,11967.060840,16796.655097373645,-0.2694,Comportamento esperado
187,220565,Delegada Adriana Accorsi,PT,GO,Alimentação,Fornecimento De Alimentação Do Parlamentar,1,Situação cadastral não ativa: SUSPENSA,FOUND,SUSPENSA,1,2,98.97,3293.239000,7032.529544734017,-0.4542,Fornecedor com CNPJ suspeito
534,146788,Marcelo Aro,PP,MG,Locomoção,Locação Ou Fretamento De Veículos Automotores,0,Sem indício cadastral crítico,FOUND,ATIVA,1,13,108429.70,199358.988889,190617.58878325575,-0.477,Comportamento esperado
30,160545,Alexandre Leite,UNIÃO,SP,Outros,Manutenção De Escritório De Apoio À Atividade Parlamentar,1,Situação cadastral não ativa: BAIXADA,FOUND,BAIXADA,1,3,1050.70,98538.487659,143509.98800071477,-0.6793,Fornecedor com CNPJ suspeito
702,220580,Professora Goreth,PDT,AP,Outros,Serviços Postais,0,Sem indício cadastral crítico,FOUND,ATIVA,1,3,1073.60,598.050000,672.5292595865253,0.7071,Comportamento esperado
518,74784,Luiza Erundina,PSOL,SP,Hotéis,"Hospedagem ,exceto Do Parlamentar No Distrito Federal.",1,Situação cadastral não ativa: BAIXADA,FOUND,BAIXADA,1,1,248.56,10014.789189,11435.329101648113,-0.854,Fornecedor com CNPJ suspeito
811,73808,Sérgio Brito,PSD,BA,Outros,"Serviço De Táxi, Pedágio E Estacionamento",0,Sem indício cadastral crítico,FOUND,ATIVA,2,2,28.60,7947.726552,12451.86965129915,-0.636,Comportamento esperado
580,75431,Maurício Dziedricki,PODE,RS,Outros,Manutenção De Escritório De Apoio À Atividade Parlamentar,1,Situação cadastral não ativa: INAPTA,FOUND,INAPTA,1,1,518.54,109428.142500,149558.61424927576,-0.7282,Fornecedor com CNPJ suspeito
659,204538,Paulo Bengtson,PTB,PA,Viagens,Passagem Aérea - Reembolso,0,Sem indício cadastral crítico,FOUND,ATIVA,1,1,707.06,8897.662500,8393.75284614814,-0.9758,Comportamento esperado
356,198197,Greyce Elias,PL,MG,Outros,Aquisição De Tokens E Certificados Digitais,0,Sem indício cadastral crítico,FOUND,ATIVA,2,3,595.00,251.133000,157.05814479216147,2.1894,Possível anomalia financeira
576,204486,Mauro Benevides Filho,UNIÃO,CE,Outros,Serviços Postais,0,Sem indício cadastral crítico,FOUND,ATIVA,1,1,123.90,3829.738750,9609.91874267183,-0.3856,Comportamento esperado
50,220632,Ana Pimentel,PT,MG,Outros,Manutenção De Escritório De Apoio À Atividade Parlamentar,1,Situação cadastral não ativa: BAIXADA,FOUND,BAIXADA,1,1,680.99,123562.947566,162703.54342443834,-0.7553,Fornecedor com CNPJ suspeito
350,152605,Glauber Braga,PSOL,RJ,Outros,"Passagens Terrestres, Marítimas Ou Fluviais",0,Sem indício cadastral crítico,FOUND,ATIVA,1,1,64.05,1539.978571,2924.304901002727,-0.5047,Comportamento esperado
580,75431,Maurício Dziedricki,PODE,RS,Alimentação,Fornecimento De Alimentação Do Parlamentar,1,Situação cadastral não ativa: INAPTA,FOUND,INAPTA,1,2,77.80,7368.085075,13657.337051272762,-0.5338,Fornecedor com CNPJ suspeito
403,220567,Jeferson Rodrigues,PSDB,GO,Outros,Manutenção De Escritório De Apoio À Atividade Parlamentar,1,Situação cadastral não ativa: BAIXADA,FOUND,BAIXADA,1,1,1400.00,100447.486545,162486.21407041358,-0.6096,Fornecedor com CNPJ suspeito
324,160666,Félix Mendonça Júnior,PDT,BA,Alimentação,Fornecimento De Alimentação Do Parlamentar,0,Sem indício cadastral crítico,FOUND,ATIVA,1,1,133.90,5334.958511,10548.888785765435,-0.493,Comportamento esperado
623,74352,Nilson Pinto,PSDB,PA,Publicidade,Divulgação Da Atividade Parlamentar.,1,Situação cadastral não ativa: BAIXADA,FOUND,BAIXADA,1,3,18000.00,319971.475333,323849.5425991789,-0.9324,Fornecedor com CNPJ suspeito
771,73466,Rubens Bueno,CIDADANIA,PR,Combustível,Combustíveis E Lubrificantes.,1,Situação cadastral não ativa: SUSPENSA,FOUND,SUSPENSA,1,1,240.03,57944.345500,82353.4495793919,-0.7007,Fornecedor com CNPJ suspeito
101,93083,Cacá Leão,PP,BA,Hotéis,"Hospedagem ,exceto Do Parlamentar No Distrito Federal.",0,Sem indício cadastral crítico,FOUND,ATIVA,1,2,390.00,14559.116889,26542.375379101115,-0.5338,Comportamento esperado
307,220700,Florentino Neto,PT,PI,Publicidade,Divulgação Da Atividade Parlamentar.,1,Situação cadastral não ativa: BAIXADA,FOUND,BAIXADA,1,1,2000.00,255170.175556,326071.87108703476,-0.7764,Fornecedor com CNPJ suspeito
819,204464,Talíria Petrone,PSOL,RJ,Outros,"Participação Em Curso, Palestra Ou Evento Similar",0,Sem indício cadastral crítico,FOUND,ATIVA,1,1,8358.14,8358.140000,,,Comportamento esperado
650,205535,Patricia Ferraz,PL,AP,Serviços profissionais,"Consultorias, Pesquisas E Trabalhos Técnicos.",0,Sem indício cadastral crítico,FOUND,ATIVA,1,4,92449.60,74193.690909,67500.34505342109,0.2705,Comportamento esperado
11,160508,Afonso Florence,PT,BA,Alimentação,Fornecimento De Alimentação Do Parlamentar,1,Situação cadastral não ativa: SUSPENSA,FOUND,SUSPENSA,1,1,23.10,5334.958511,10548.888785765435,-0.5035,Fornecedor com CNPJ suspeito
179,160528,Danilo Cabral,PSB,PE,Hotéis,"Hospedagem ,exceto Do Parlamentar No Distrito Federal.",1,Situação cadastral não ativa: BAIXADA,FOUND,BAIXADA,1,2,320.00,17089.374528,23447.97906027458,-0.7152,Fornecedor com CNPJ suspeito
530,179587,Major Vitor Hugo,PL,GO,Viagens,Passagem Aérea - Sigepa,,,,,0,1,3036.65,12997.291429,13545.423262596489,-0.7354,Comportamento esperado
756,204480,Rogério Correia,PT,MG,Outros,"Serviço De Táxi, Pedágio E Estacionamento",1,Situação cadastral não ativa: BAIXADA,FOUND,BAIXADA,2,5,207.62,5572.245385,10370.293242628488,-0.5173,Fornecedor com CNPJ suspeito
859,160569,Waldenor Pereira,PT,BA,Publicidade,Divulgação Da Atividade Parlamentar.,1,Situação cadastral não ativa: INAPTA,FOUND,INAPTA,1,2,2000.00,317318.910361,328157.1355142384,-0.9609,Fornecedor com CNPJ suspeito
568,204566,Marreca Filho,PRD,MA,Outros,"Passagens Terrestres, Marítimas Ou Fluviais",0,Sem indício cadastral crítico,FOUND,ATIVA,1,1,480.00,2098.127143,3387.0696388112747,-0.4777,Comportamento esperado
411,204468,Joenia Wapichana,REDE,RR,Viagens,Passagem Aérea - Reembolso,0,Sem indício cadastral crítico,FOUND,ATIVA,1,1,4465.65,23419.147778,50067.63598784218,-0.3786,Comportamento esperado
813,178947,Sóstenes Cavalcante,PL,RJ,Viagens,Passagem Aérea - Rpa,0,Sem indício cadastral crítico,FOUND,ATIVA,2,3,5809.51,24365.871064,36425.48190750471,-0.5094,Comportamento esperado
800,204425,Silvio Costa Filho,REPUBLICANOS,PE,Hotéis,"Hospedagem ,exceto Do Parlamentar No Distrito Federal.",0,Sem indício cadastral crítico,FOUND,ATIVA,2,4,11889.48,17089.374528,23447.97906027458,-0.2218,Comportamento esperado
898,,,,NA,Outros,Manutenção De Escritório De Apoio À Atividade Parlamentar,1,Situação cadastral não ativa: BAIXADA,FOUND,BAIXADA,1,1,52.00,15500.143182,23430.81961523477,-0.6593,Fornecedor com CNPJ suspeito
254,141421,Eduardo Da Fonte,PP,PE,Outros,Manutenção De Escritório De Apoio À Atividade Parlamentar,0,Sem indício cadastral crítico,FOUND,ATIVA,1,4,2599.00,90785.734524,140277.34198893898,-0.6287,Comportamento esperado
269,198783,Emanuel Pinheiro Neto,MDB,MT,Combustível,Combustíveis E Lubrificantes.,1,Situação cadastral não ativa: BAIXADA,FOUND,BAIXADA,1,1,287.52,34330.305532,57340.29977264771,-0.5937,Fornecedor com CNPJ suspeito
295,227370,Felipe Saliba,PRD,MG,Outros,"Passagens Terrestres, Marítimas Ou Fluviais",0,Sem indício cadastral crítico,FOUND,ATIVA,2,2,260.96,3858.240000,6358.142634643256,-0.5658,Comportamento esperado
673,171617,Paulão,PT,AL,Outros,"Serviço De Táxi, Pedágio E Estacionamento",0,Sem indício cadastral crítico,FOUND,ATIVA,1,1,240.00,1936.338000,1628.915374572909,-1.0414,Comportamento esperado
330,204473,General Girão,PL,RN,Alimentação,Fornecimento De Alimentação Do Parlamentar,1,Situação cadastral não ativa: BAIXADA,FOUND,BAIXADA,1,1,49.70,3041.730000,4181.690443923367,-0.7155,Fornecedor com CNPJ suspeito
746,204530,Rodrigo Agostinho,PSB,SP,Outros,Manutenção De Escritório De Apoio À Atividade Parlamentar,1,Situação cadastral não ativa: BAIXADA,FOUND,BAIXADA,1,1,124.11,98538.487659,143509.98800071477,-0.6858,Fornecedor com CNPJ suspeito
426,141464,José Airton Félix Cirilo,PT,CE,Locomoção,Locação Ou Fretamento De Aeronaves,0,Sem indício cadastral crítico,FOUND,ATIVA,1,2,55711.60,46678.600000,38881.59920573464,0.2323,Comportamento esperado
564,204432,Marina Santos,REPUBLICANOS,PI,Viagens,Passagem Aérea - Reembolso,0,Sem indício cadastral crítico,FOUND,ATIVA,1,1,2133.24,2975.296000,1532.0079186577332,-0.5496,Comportamento esperado
315,220534,Fred Linhares,REPUBLICANOS,DF,Publicidade,Divulgação Da Atividade Parlamentar.,1,Situação cadastral não ativa: SUSPENSA,FOUND,SUSPENSA,1,1,15000.00,274983.723704,375023.4293293225,-0.6932,Fornecedor com CNPJ suspeito
16,204549,Aj Albuquerque,PP,CE,Hotéis,"Hospedagem ,exceto Do Parlamentar No Distrito Federal.",1,Erro na consulta pública de CNPJ,ERROR,,1,1,24432.50,14861.399063,17345.750222182687,0.5518,Fornecedor com CNPJ suspeito
118,204460,Carlos Jordy,PL,RJ,Hotéis,"Hospedagem ,exceto Do Parlamentar No Distrito Federal.",0,Sem indício cadastral crítico,FOUND,ATIVA,1,1,480.00,13016.628636,21468.959145470457,-0.5839,Comportamento esperado
183,205548,David Miranda,PDT,RJ,Publicidade,Divulgação Da Atividade Parlamentar.,1,Situação cadastral não ativa: BAIXADA,FOUND,BAIXADA,1,2,10000.00,226781.355120,259582.44863584734,-0.8351,Fornecedor com CNPJ suspeito
524,204547,Léo Motta,REPUBLICANOS,MG,Outros,Manutenção De Escritório De Apoio À Atividade Parlamentar,1,Situação cadastral não ativa: BAIXADA,FOUND,BAIXADA,1,1,159.90,123562.947566,162703.54342443834,-0.7585,Fornecedor com CNPJ suspeito
105,204572,Capitão Alberto Neto,PL,AM,Combustível,Combustíveis E Lubrificantes.,1,CNPJ não encontrado na API pública,NOT_FOUND,,1,1,200.00,27982.215263,36043.55549981074,-0.7708,Fornecedor com CNPJ suspeito
621,204479,Nicoletti,UNIÃO,RR,Outros,Manutenção De Escritório De Apoio À Atividade Parlamentar,1,Situação cadastral não ativa: BAIXADA,FOUND,BAIXADA,1,1,47.00,80921.562903,170825.55022261123,-0.4734,Fornecedor com CNPJ suspeito
519,178866,Luizianne Lins,REDE,CE,Outros,"Passagens Terrestres, Marítimas Ou Fluviais",0,Sem indício cadastral crítico,FOUND,ATIVA,2,2,496.63,650.370000,366.5434839142553,-0.4194,Comportamento esperado
61,220544,Antonio Andrade,PSDB,TO,Viagens,Passagem Aérea - Reembolso,0,Sem indício cadastral crítico,FOUND,ATIVA,1,1,2441.86,4645.874444,4227.848303939934,-0.5213,Comportamento esperado
337,220587,Gerlen Diniz,PP,AC,Outros,"Serviço De Táxi, Pedágio E Estacionamento",0,Sem indício cadastral crítico,FOUND,ATIVA,2,2,175.00,1201.947143,2347.5245824464705,-0.4375,Comportamento esperado
709,220532,Rafael Prudente,MDB,DF,Viagens,Passagem Aérea - Sigepa,,,,,0,1,2191.77,35467.657000,44918.944493537856,-0.7408,Comportamento esperado
145,204376,Coronel Armando,PL,SC,Outros,"Passagens Terrestres, Marítimas Ou Fluviais",0,Sem indício cadastral crítico,FOUND,ATIVA,1,2,340.32,472.404167,456.3108967371486,-0.2895,Comportamento esperado
71,160541,Arthur Lira,PP,AL,Hotéis,"Hospedagem ,exceto Do Parlamentar No Distrito Federal.",0,Sem indício cadastral crítico,FOUND,ATIVA,1,1,2490.00,10355.987000,9952.54062426837,-0.7903,Comportamento esperado
688,73943,Perpétua Almeida,PCDOB,AC,Locomoção,Locação Ou Fretamento De Aeronaves,0,Sem indício cadastral crítico,FOUND,ATIVA,1,1,2500.00,67020.555556,82206.99971886686,-0.7849,Comportamento esperado
524,204547,Léo Motta,REPUBLICANOS,MG,Combustível,Combustíveis E Lubrificantes.,1,Situação cadastral não ativa: BAIXADA,FOUND,BAIXADA,1,1,345.03,65306.104375,92314.0005265802,-0.7037,Fornecedor com CNPJ suspeito
50,220632,Ana Pimentel,PT,MG,Outros,Aquisição De Tokens E Certificados Digitais,1,Situação cadastral não ativa: BAIXADA,FOUND,BAIXADA,1,1,218.00,251.133000,157.05814479216147,-0.211,Fornecedor com CNPJ suspeito
783,204387,Sargento Fahur,PL,PR,Outros,"Passagens Terrestres, Marítimas Ou Fluviais",0,Sem indício cadastral crítico,FOUND,ATIVA,1,1,188.78,1895.154815,2124.8795888027494,-0.803,Comportamento esperado
869,220660,Yury Do Paredão,MDB,CE,Locomoção,Locação Ou Fretamento De Aeronaves,0,Sem indício cadastral crítico,FOUND,ATIVA,1,1,60000.00,46678.600000,38881.59920573464,0.3426,Comportamento esperado
587,178984,Miguel Haddad,PSDB,SP,Outros,Manutenção De Escritório De Apoio À Atividade Parlamentar,1,Situação cadastral não ativa: BAIXADA,FOUND,BAIXADA,1,2,1333.50,98538.487659,143509.98800071477,-0.6773,Fornecedor com CNPJ suspeito
193,220649,Delegado Da Cunha,UNIÃO,SP,Comunicação,Telefonia,0,Sem indício cadastral crítico,FOUND,ATIVA,1,1,184.90,19889.940211,25751.500071775903,-0.7652,Comportamento esperado
388,204533,Idilvan Alencar,PSB,CE,Viagens,Passagem Aérea - Reembolso,0,Sem indício cadastral crítico,FOUND,ATIVA,1,1,1787.41,12007.303200,17888.200103405623,-0.5713,Comportamento esperado
215,160758,Domingos Sávio,PL,MG,Serviços profissionais,"Consultorias, Pesquisas E Trabalhos Técnicos.",0,Sem indício cadastral crítico,FOUND,ATIVA,1,2,14000.00,50370.301935,57079.85828457048,-0.6372,Comportamento esperado
369,178964,Heitor Schuch,PSD,RS,Outros,Manutenção De Escritório De Apoio À Atividade Parlamentar,1,Erro na consulta pública de CNPJ,ERROR,,1,1,449.90,109428.142500,149558.61424927576,-0.7287,Fornecedor com CNPJ suspeito
410,214865,Joceval Rodrigues,CIDADANIA,BA,Combustível,Combustíveis E Lubrificantes.,0,Sem indício cadastral crítico,FOUND,ATIVA,1,1,200.00,76280.976842,110667.4963849575,-0.6875,Comportamento esperado
277,160575,Erika Kokay,PT,DF,Publicidade,Divulgação Da Atividade Parlamentar.,1,Situação cadastral não ativa: BAIXADA,FOUND,BAIXADA,1,1,300.00,274983.723704,375023.4293293225,-0.7324,Fornecedor com CNPJ suspeito
358,220639,Guilherme Boulos,PSOL,SP,Publicidade,Assinatura De Publicações,0,Sem indício cadastral crítico,FOUND,ATIVA,1,3,5167.50,3369.241333,3418.330377283657,0.5261,Comportamento esperado
79,220605,Bandeira De Mello,PV,RJ,Outros,"Serviço De Táxi, Pedágio E Estacionamento",1,Situação cadastral não ativa: INAPTA,FOUND,INAPTA,1,1,40.00,8455.730411,14321.838989715481,-0.5876,Fornecedor com CNPJ suspeito
828,219568,Tiago Andrino,PSB,TO,Hotéis,"Hospedagem ,exceto Do Parlamentar No Distrito Federal.",0,Sem indício cadastral crítico,FOUND,ATIVA,1,1,219.90,12387.293158,19170.891927221925,-0.6347,Comportamento esperado
839,204385,Valdevan Noventa,PL,SE,Outros,Manutenção De Escritório De Apoio À Atividade Parlamentar,0,Sem indício cadastral crítico,FOUND,ATIVA,1,3,1080.00,43647.935652,66268.36061748704,-0.6424,Comportamento esperado
660,193726,Paulo Eduardo Martins,PL,PR,Outros,Manutenção De Escritório De Apoio À Atividade Parlamentar,1,Situação cadastral não ativa: BAIXADA,FOUND,BAIXADA,1,1,227.00,86193.122500,116860.66498214444,-0.7356,Fornecedor com CNPJ suspeito
8,204528,Adriana Ventura,NOVO,SP,Outros,Aquisição De Tokens E Certificados Digitais,1,Erro na consulta pública de CNPJ,ERROR,,1,1,275.00,237.090000,170.74249018787194,0.222,Fornecedor com CNPJ suspeito
450,204457,Juninho Do Pneu,PSDB,RJ,Viagens,Passagem Aérea - Reembolso,0,Sem indício cadastral crítico,FOUND,ATIVA,1,1,3203.85,9840.865893,10669.362639943789,-0.6221,Comportamento esperado
820,220598,Tarcísio Motta,PSOL,RJ,Hotéis,"Hospedagem ,exceto Do Parlamentar No Distrito Federal.",0,Documento não consultado por não ser CNPJ,NOT_APPLICABLE,,1,1,10500.00,13016.628636,21468.959145470457,-0.1172,Comportamento esperado
405,160570,Jerônimo Goergen,PP,RS,Viagens,Passagem Aérea - Rpa,0,Sem indício cadastral crítico,FOUND,ATIVA,1,4,8765.20,23263.014545,27193.710295909314,-0.5331,Comportamento esperado
107,178829,Capitão Augusto,PL,SP,Viagens,Passagem Aérea - Rpa,0,Sem indício cadastral crítico,FOUND,ATIVA,1,2,205.50,24943.515352,36157.13967829913,-0.6842,Comportamento esperado
770,214477,Rrenato Queiroz,PSD,RR,Serviços profissionais,"Consultorias, Pesquisas E Trabalhos Técnicos.",1,Situação cadastral não ativa: BAIXADA,FOUND,BAIXADA,1,2,6500.00,120130.560000,87266.22616779071,-1.3021,Fornecedor com CNPJ suspeito
402,108338,Jaqueline Cassol,PP,RO,Viagens,Passagem Aérea - Reembolso,0,Sem indício cadastral crítico,FOUND,ATIVA,1,1,3410.37,7101.265556,5024.360135719054,-0.7346,Comportamento esperado
764,178945,Rosangela Gomes,REPUBLICANOS,RJ,Publicidade,Divulgação Da Atividade Parlamentar.,1,Situação cadastral não ativa: BAIXADA,FOUND,BAIXADA,1,3,4750.00,226781.355120,259582.44863584734,-0.8553,Fornecedor com CNPJ suspeito
64,123756,Antônia Lúcia,MDB,AC,Publicidade,Divulgação Da Atividade Parlamentar.,1,Situação cadastral não ativa: BAIXADA,FOUND,BAIXADA,1,1,10000.00,295132.464706,394989.3569390969,-0.7219,Fornecedor com CNPJ suspeito
180,62881,Danilo Forte,PP,CE,Publicidade,Divulgação Da Atividade Parlamentar.,1,Situação cadastral não ativa: INAPTA,FOUND,INAPTA,1,1,300.00,263931.285395,366906.3702021798,-0.7185,Fornecedor com CNPJ suspeito
514,204455,Luiz Lima,NOVO,RJ,Outros,Serviços Postais,0,Sem indício cadastral crítico,FOUND,ATIVA,1,1,114.25,243.509167,238.83926913525045,-0.5412,Comportamento esperado
314,204494,Fred Costa,PRD,MG,Combustível,Combustíveis E Lubrificantes.,1,Situação cadastral não ativa: SUSPENSA,FOUND,SUSPENSA,1,1,200.00,65306.104375,92314.0005265802,-0.7053,Fornecedor com CNPJ suspeito
138,204440,Christino Aureo,PP,RJ,Alimentação,Fornecimento De Alimentação Do Parlamentar,1,Situação cadastral não ativa: INAPTA,FOUND,INAPTA,1,1,33.80,5314.154545,11413.915891543053,-0.4626,Fornecedor com CNPJ suspeito
116,178962,Carlos Gomes,REPUBLICANOS,RS,Hotéis,"Hospedagem ,exceto Do Parlamentar No Distrito Federal.",1,Situação cadastral não ativa: BAIXADA,FOUND,BAIXADA,1,3,907.00,21826.986437,35658.661568585754,-0.5867,Fornecedor com CNPJ suspeito
426,141464,José Airton Félix Cirilo,PT,CE,Locomoção,Locação Ou Fretamento De Veículos Automotores,1,Situação cadastral não ativa: BAIXADA,FOUND,BAIXADA,1,2,25000.00,139651.247778,143531.8586124825,-0.7988,Fornecedor com CNPJ suspeito
764,178945,Rosangela Gomes,REPUBLICANOS,RJ,Hotéis,"Hospedagem ,exceto Do Parlamentar No Distrito Federal.",1,Erro na consulta pública de CNPJ,ERROR,,1,2,2472.34,13016.628636,21468.959145470457,-0.4911,Fornecedor com CNPJ suspeito
170,74060,Daniel Almeida,PCDOB,BA,Viagens,Passagem Aérea - Reembolso,0,Sem indício cadastral crítico,FOUND,ATIVA,1,1,1454.94,6722.195000,9392.208684505544,-0.5608,Comportamento esperado
399,220527,Jack Rocha,PT,ES,Combustível,Combustíveis E Lubrificantes.,1,Situação cadastral não ativa: BAIXADA,FOUND,BAIXADA,1,1,150.00,49148.417879,67749.62213949014,-0.7232,Fornecedor com CNPJ suspeito
526,139285,Lídice Da Mata,PSB,BA,Viagens,Passagem Aérea - Reembolso,0,Sem indício cadastral crítico,FOUND,ATIVA,1,2,5484.72,6722.195000,9392.208684505544,-0.1318,Comportamento esperado
844,141553,Vanderlei Macris,PSDB,SP,Publicidade,Divulgação Da Atividade Parlamentar.,1,Situação cadastral não ativa: INAPTA,FOUND,INAPTA,1,2,1300.00,243741.226243,313657.1515008437,-0.7729,Fornecedor com CNPJ suspeito
361,220664,Guilherme Uchoa,PSD,PE,Publicidade,Divulgação Da Atividade Parlamentar.,1,Situação cadastral não ativa: BAIXADA,FOUND,BAIXADA,1,1,2000.00,241972.708182,301628.5621101344,-0.7956,Fornecedor com CNPJ suspeito
58,178882,André Fufuca,PP,MA,Locomoção,Locação Ou Fretamento De Veículos Automotores,1,Situação cadastral não ativa: BAIXADA,FOUND,BAIXADA,1,5,17900.00,122090.952683,112418.39663710551,-0.9268,Fornecedor com CNPJ suspeito
871,160592,Zeca Dirceu,PT,PR,Locomoção,Locação Ou Fretamento De Veículos Automotores,1,Situação cadastral não ativa: BAIXADA,FOUND,BAIXADA,1,1,1362.67,113439.957419,130977.93601797776,-0.8557,Fornecedor com CNPJ suspeito
532,220648,Marangoni,PODE,SP,Combustível,Combustíveis E Lubrificantes.,1,Situação cadastral não ativa: BAIXADA,FOUND,BAIXADA,1,1,310.94,42192.750821,64034.19773844777,-0.6541,Fornecedor com CNPJ suspeito
619,178896,Newton Cardoso Jr,MDB,MG,Publicidade,Divulgação Da Atividade Parlamentar.,1,Situação cadastral não ativa: SUSPENSA,FOUND,SUSPENSA,1,1,8800.00,194891.353020,276881.75990132586,-0.6721,Fornecedor com CNPJ suspeito
528,151965,Maia Filho,PP,PI,Publicidade,Divulgação Da Atividade Parlamentar.,0,Sem indício cadastral crítico,FOUND,ATIVA,1,1,5000.00,255170.175556,326071.87108703476,-0.7672,Comportamento esperado
780,204416,Sanderson,PL,RS,Viagens,Passagem Aérea - Reembolso,0,Sem indício cadastral crítico,FOUND,ATIVA,1,1,2236.46,7846.026333,10735.105702213965,-0.5225,Comportamento esperado
376,227324,Henrique Júnior,PL,MA,Combustível,Combustíveis E Lubrificantes.,0,Sem indício cadastral crítico,FOUND,ATIVA,1,1,2751.15,34895.172615,52384.05405357016,-0.6136,Comportamento esperado
421,209189,Joseildo Ramos,PT,BA,Outros,Serviços Postais,0,Sem indício cadastral crítico,FOUND,ATIVA,1,1,35.00,1465.597500,2527.93213294582,-0.5659,Comportamento esperado
4,204379,Acácio Favacho,MDB,AP,Combustível,Combustíveis E Lubrificantes.,1,Situação cadastral não ativa: BAIXADA,FOUND,BAIXADA,1,1,230.37,24571.047667,39205.554475113444,-0.6208,Fornecedor com CNPJ suspeito
255,220589,Eduardo Velloso,SOLIDARIEDADE,AC,Locomoção,Locação Ou Fretamento De Embarcações,0,Sem indício cadastral crítico,FOUND,ATIVA,1,1,1500.00,10133.333333,8276.674050204789,-1.0431,Comportamento esperado
304,220545,Filipe Martins,PL,TO,Outros,Serviços Postais,0,Sem indício cadastral crítico,FOUND,ATIVA,1,1,73.60,448.655000,530.4078676358412,-0.7071,Comportamento esperado
129,204496,Celso Sabino,UNIÃO,PA,Combustível,Combustíveis E Lubrificantes.,1,Situação cadastral não ativa: BAIXADA,FOUND,BAIXADA,2,2,388.91,39488.928400,62234.56368268833,-0.6283,Fornecedor com CNPJ suspeito
446,228837,Juliana Kolankiewicz,MDB,MT,Hotéis,"Hospedagem ,exceto Do Parlamentar No Distrito Federal.",0,Sem indício cadastral crítico,FOUND,ATIVA,1,1,230.00,20380.542308,35609.06873470771,-0.5659,Comportamento esperado
526,139285,Lídice Da Mata,PSB,BA,Outros,Serviços Postais,0,Sem indício cadastral crítico,FOUND,ATIVA,1,1,68.30,1465.597500,2527.93213294582,-0.5527,Comportamento esperado
228,220570,Dr. Ismael Alexandrino,PSD,GO,Hotéis,"Hospedagem ,exceto Do Parlamentar No Distrito Federal.",0,Sem indício cadastral crítico,FOUND,ATIVA,1,1,852.60,7024.380500,8737.204954294128,-0.7064,Comportamento esperado
176,204409,Daniel Trzeciak,PSDB,RS,Viagens,Passagem Aérea - Reembolso,0,Sem indício cadastral crítico,FOUND,ATIVA,1,1,3028.85,7846.026333,10735.105702213965,-0.4487,Comportamento esperado
203,220705,Deltan Dallagnol,PODE,PR,Publicidade,Assinatura De Publicações,1,Situação cadastral não ativa: BAIXADA,FOUND,BAIXADA,1,1,96.00,799.995625,610.7018274408415,-1.1528,Fornecedor com CNPJ suspeito
664,204492,Paulo Guedes,PT,MG,Outros,Aquisição De Tokens E Certificados Digitais,0,Sem indício cadastral crítico,FOUND,ATIVA,1,1,210.00,251.133000,157.05814479216147,-0.2619,Comportamento esperado
524,204547,Léo Motta,REPUBLICANOS,MG,Outros,Manutenção De Escritório De Apoio À Atividade Parlamentar,1,Erro na consulta pública de CNPJ,ERROR,,1,1,1488.00,123562.947566,162703.54342443834,-0.7503,Fornecedor com CNPJ suspeito
383,141450,Hugo Leal,PSD,RJ,Viagens,Passagem Aérea - Rpa,0,Sem indício cadastral crítico,FOUND,ATIVA,1,1,2133.83,24365.871064,36425.48190750471,-0.6103,Comportamento esperado
355,129618,Gorete Pereira,MDB,CE,Alimentação,Fornecimento De Alimentação Do Parlamentar,0,Sem indício cadastral crítico,FOUND,ATIVA,1,2,209.82,4778.337742,9185.089924635726,-0.4974,Comportamento esperado
498,220616,Luciano Vieira,PSDB,RJ,Publicidade,Divulgação Da Atividade Parlamentar.,1,Situação cadastral não ativa: BAIXADA,FOUND,BAIXADA,1,1,350.00,226781.355120,259582.44863584734,-0.8723,Fornecedor com CNPJ suspeito
172,178916,Daniel Coelho,CIDADANIA,PE,Publicidade,Divulgação Da Atividade Parlamentar.,1,Situação cadastral não ativa: BAIXADA,FOUND,BAIXADA,1,2,1600.00,241972.708182,301628.5621101344,-0.7969,Fornecedor com CNPJ suspeito
871,160592,Zeca Dirceu,PT,PR,Hotéis,"Hospedagem ,exceto Do Parlamentar No Distrito Federal.",1,Situação cadastral não ativa: BAIXADA,FOUND,BAIXADA,1,1,799.00,18419.328649,34024.43115299299,-0.5179,Fornecedor com CNPJ suspeito
568,204566,Marreca Filho,PRD,MA,Combustível,Combustíveis E Lubrificantes.,1,Situação cadastral não ativa: BAIXADA,FOUND,BAIXADA,1,2,400.00,34895.172615,52384.05405357016,-0.6585,Fornecedor com CNPJ suspeito
359,204531,Guilherme Derrite,PL,SP,Combustível,Combustíveis E Lubrificantes.,1,Situação cadastral não ativa: SUSPENSA,FOUND,SUSPENSA,1,1,12.26,42192.750821,64034.19773844777,-0.6587,Fornecedor com CNPJ suspeito
794,178961,Shéridan,PSDB,RR,Outros,"Passagens Terrestres, Marítimas Ou Fluviais",0,Sem indício cadastral crítico,FOUND,ATIVA,1,2,976.00,707.995000,379.01630578380133,0.7071,Comportamento esperado
166,74467,Damião Feliciano,UNIÃO,PB,Publicidade,Divulgação Da Atividade Parlamentar.,1,Situação cadastral não ativa: BAIXADA,FOUND,BAIXADA,1,2,38000.00,324815.111538,407718.48875224456,-0.7035,Fornecedor com CNPJ suspeito
568,204566,Marreca Filho,PRD,MA,Alimentação,Fornecimento De Alimentação Do Parlamentar,0,Sem indício cadastral crítico,FOUND,ATIVA,1,2,174.03,1328.951538,1567.1502413768233,-0.737,Comportamento esperado
356,198197,Greyce Elias,AVANTE,MG,Combustível,Combustíveis E Lubrificantes.,1,Situação cadastral não ativa: SUSPENSA,FOUND,SUSPENSA,1,1,300.00,65306.104375,92314.0005265802,-0.7042,Fornecedor com CNPJ suspeito
338,204394,Gervásio Maia,PCDOB,PB,Viagens,Passagem Aérea - Rpa,0,Sem indício cadastral crítico,FOUND,ATIVA,1,1,3225.85,6222.055333,8497.227830281614,-0.3526,Comportamento esperado
129,204496,Celso Sabino,UNIÃO,PA,Hotéis,"Hospedagem ,exceto Do Parlamentar No Distrito Federal.",1,Situação cadastral não ativa: SUSPENSA,FOUND,SUSPENSA,1,1,300.00,12723.705217,19811.362899516178,-0.6271,Fornecedor com CNPJ suspeito
7,204560,Adolfo Viana,PSDB,BA,Viagens,Passagem Aérea - Reembolso,0,Sem indício cadastral crítico,FOUND,ATIVA,1,1,2930.45,6722.195000,9392.208684505544,-0.4037,Comportamento esperado
93,160538,Bohn Gass,PT,RS,Outros,"Serviço De Táxi, Pedágio E Estacionamento",1,Erro na consulta pública de CNPJ,ERROR,,1,1,282.98,10192.084923,16137.89190584743,-0.614,Fornecedor com CNPJ suspeito
147,204378,Coronel Chrisóstomo,PL,RO,Outros,Manutenção De Escritório De Apoio À Atividade Parlamentar,1,Situação cadastral não ativa: BAIXADA,FOUND,BAIXADA,1,1,154.94,40149.183103,63678.43736701476,-0.6281,Fornecedor com CNPJ suspeito
57,133439,André Figueiredo,PDT,CE,Publicidade,Divulgação Da Atividade Parlamentar.,1,Situação cadastral não ativa: BAIXADA,FOUND,BAIXADA,1,1,5400.00,263931.285395,366906.3702021798,-0.7046,Fornecedor com CNPJ suspeito
152,220590,Coronel Ulysses,UNIÃO,AC,Viagens,Passagem Aérea - Reembolso,1,Erro na consulta pública de CNPJ,ERROR,,1,1,8480.63,9056.415455,5089.4459464667925,-0.1131,Fornecedor com CNPJ suspeito
806,220575,Sonize Barbosa,PL,AP,Publicidade,Divulgação Da Atividade Parlamentar.,1,Situação cadastral não ativa: INAPTA,FOUND,INAPTA,1,1,18240.00,282209.245429,388109.6753004129,-0.6801,Fornecedor com CNPJ suspeito
274,204537,Enrico Misasi,MDB,SP,Outros,Manutenção De Escritório De Apoio À Atividade Parlamentar,0,Sem indício cadastral crítico,FOUND,ATIVA,11,105,215867.13,98538.487659,143509.98800071477,0.8176,Comportamento esperado
537,220599,Marcelo Crivella,REPUBLICANOS,RJ,Alimentação,Fornecimento De Alimentação Do Parlamentar,0,Sem indício cadastral crítico,FOUND,ATIVA,92,670,55030.80,5314.154545,11413.915891543053,4.3558,Anomalia financeira extrema
677,220667,Pedro Campos,PSB,PE,Viagens,Passagem Aérea - Sigepa,,,,,0,312,313940.98,221741.150682,163177.94412569836,0.565,Comportamento esperado
831,160976,Tiririca,PSD,SP,Viagens,Passagem Aérea - Sigepa,,,,,0,358,495289.78,185430.171967,136227.76556134285,2.2746,Possível anomalia financeira
151,222142,Coronel Telhada,PP,SP,Combustível,Combustíveis E Lubrificantes.,0,Sem indício cadastral crítico,FOUND,ATIVA,56,231,54016.64,42192.750821,64034.19773844777,0.1846,Comportamento esperado
274,204537,Enrico Misasi,MDB,SP,Combustível,Combustíveis E Lubrificantes.,0,Sem indício cadastral crítico,FOUND,ATIVA,49,72,15897.01,42192.750821,64034.19773844777,-0.4107,Comportamento esperado
772,74371,Rubens Otoni,PT,GO,Outros,Manutenção De Escritório De Apoio À Atividade Parlamentar,0,Sem indício cadastral crítico,FOUND,ATIVA,8,263,64473.65,100447.486545,162486.21407041358,-0.2214,Comportamento esperado
12,136811,Afonso Hamm,PP,RS,Outros,"Passagens Terrestres, Marítimas Ou Fluviais",0,Sem indício cadastral crítico,FOUND,ATIVA,3,8,202.79,4236.036552,8253.072405382596,-0.4887,Comportamento esperado
366,204456,Gutemberg Reis,MDB,RJ,Comunicação,Telefonia,0,Sem indício cadastral crítico,FOUND,ATIVA,2,52,69841.15,11897.719661,18918.17939394703,3.0628,Anomalia financeira extrema
118,204460,Carlos Jordy,PL,RJ,Locomoção,Locação Ou Fretamento De Veículos Automotores,0,Sem indício cadastral crítico,FOUND,ATIVA,5,78,421100.00,162239.394390,163272.60476613723,1.5855,Comportamento esperado
539,220634,Marcelo Lima,PSB,SP,Viagens,Passagem Aérea - Sigepa,,,,,0,51,73246.61,185430.171967,136227.76556134285,-0.8235,Comportamento esperado
815,178922,Tadeu Alencar,PSB,PE,Publicidade,Divulgação Da Atividade Parlamentar.,0,Sem indício cadastral crítico,FOUND,ATIVA,2,7,10654.36,241972.708182,301628.5621101344,-0.7669,Comportamento esperado
344,204365,Gilson Marques,NOVO,SC,Publicidade,Divulgação Da Atividade Parlamentar.,0,Sem indício cadastral crítico,FOUND,ATIVA,1,43,258000.00,148561.773265,217765.15459275612,0.5026,Comportamento esperado
696,220533,Prof. Reginaldo Veras,PV,DF,Alimentação,Fornecimento De Alimentação Do Parlamentar,1,Situação cadastral não ativa: BAIXADA,FOUND,BAIXADA,2,9,953.59,4734.910000,9259.63125757716,-0.4084,Fornecedor com CNPJ suspeito
70,204414,Aroldo Martins,REPUBLICANOS,PR,Outros,Manutenção De Escritório De Apoio À Atividade Parlamentar,0,Sem indício cadastral crítico,FOUND,ATIVA,6,19,26582.99,86193.122500,116860.66498214444,-0.5101,Comportamento esperado
854,160591,Vinicius Gurgel,PL,AP,Outros,Manutenção De Escritório De Apoio À Atividade Parlamentar,0,Documento não consultado por não ser CNPJ,NOT_APPLICABLE,,1,36,114951.24,30123.933200,30290.240248736845,2.8005,Possível anomalia financeira
605,150418,Márcio Marinho,REPUBLICANOS,BA,Locomoção,Locação Ou Fretamento De Veículos Automotores,0,Sem indício cadastral crítico,FOUND,ATIVA,3,45,193170.00,292409.611930,213979.496522466,-0.4638,Comportamento esperado
768,178935,Rossoni,PSDB,PR,Serviços profissionais,"Consultorias, Pesquisas E Trabalhos Técnicos.",0,Sem indício cadastral crítico,FOUND,ATIVA,3,4,39000.00,58752.690645,58141.82428785019,-0.3397,Comportamento esperado
325,224117,Gabriel Mota,UNIÃO,RR,Viagens,Passagem Aérea - Sigepa,,,,,0,39,55653.04,163783.293125,88161.1731168696,-1.2265,Comportamento esperado
465,141478,Laerte Bessa,PL,DF,Locomoção,Locação Ou Fretamento De Veículos Automotores,0,Sem indício cadastral crítico,FOUND,ATIVA,1,4,26760.00,118149.428125,89877.33858167462,-1.0168,Comportamento esperado
392,67138,Iracema Portella,PP,PI,Publicidade,Divulgação Da Atividade Parlamentar.,0,Sem indício cadastral crítico,FOUND,ATIVA,2,6,109354.84,255170.175556,326071.87108703476,-0.4472,Comportamento esperado
853,204478,Vinicius Farah,UNIÃO,RJ,Viagens,Passagem Aérea - Sigepa,,,,,0,62,99900.73,213577.740357,175550.75566941444,-0.6475,Comportamento esperado
567,204403,Marlon Santos,PL,RS,Hotéis,"Hospedagem ,exceto Do Parlamentar No Distrito Federal.",0,Sem indício cadastral crítico,FOUND,ATIVA,4,12,1993.40,21826.986437,35658.661568585754,-0.5562,Comportamento esperado
830,204519,Tiago Mitraud,NOVO,MG,Serviços profissionais,"Consultorias, Pesquisas E Trabalhos Técnicos.",1,Situação cadastral não ativa: BAIXADA,FOUND,BAIXADA,1,3,2830.20,50370.301935,57079.85828457048,-0.8329,Fornecedor com CNPJ suspeito
109,229069,Capitão Samuel,PP,SE,Viagens,Passagem Aérea - Sigepa,,,,,0,12,8337.64,155702.681579,99733.68864426478,-1.4776,Comportamento esperado
675,90201,Pedro Augusto Bezerra,PDT,CE,Outros,"Serviço De Táxi, Pedágio E Estacionamento",0,Sem indício cadastral crítico,FOUND,ATIVA,3,4,346.46,1553.572000,3462.198937126519,-0.3487,Comportamento esperado
442,204474,Juarez Costa,REPUBLICANOS,MT,Outros,"Passagens Terrestres, Marítimas Ou Fluviais",0,Sem indício cadastral crítico,FOUND,ATIVA,3,5,884.92,342.182500,259.3180178165137,2.0929,Possível anomalia financeira
120,204426,Carlos Veras,PT,PE,Viagens,Passagem Aérea - Reembolso,0,Sem indício cadastral crítico,FOUND,ATIVA,2,3,4849.17,7471.163333,10016.291980131698,-0.2618,Comportamento esperado
813,178947,Sóstenes Cavalcante,PL,RJ,Publicidade,Divulgação Da Atividade Parlamentar.,1,Situação cadastral não ativa: INAPTA,FOUND,INAPTA,1,8,44750.00,226781.355120,259582.44863584734,-0.7012,Fornecedor com CNPJ suspeito
93,160538,Bohn Gass,PT,RS,Combustível,Combustíveis E Lubrificantes.,0,Sem indício cadastral crítico,FOUND,ATIVA,311,762,189002.03,60520.148547,97388.05968907535,1.3193,Comportamento esperado
519,178866,Luizianne Lins,PT,CE,Hotéis,"Hospedagem ,exceto Do Parlamentar No Distrito Federal.",0,Sem indício cadastral crítico,FOUND,ATIVA,5,12,6854.20,14861.399063,17345.750222182687,-0.4616,Comportamento esperado
709,220532,Rafael Prudente,MDB,DF,Viagens,Passagem Aérea - Reembolso,1,Erro na consulta pública de CNPJ,ERROR,,1,1,7538.53,6465.514000,2287.387207171099,0.4691,Fornecedor com CNPJ suspeito
470,220600,Lebrão,UNIÃO,RO,Combustível,Combustíveis E Lubrificantes.,0,Sem indício cadastral crítico,FOUND,ATIVA,47,189,239885.84,64922.175357,86632.41303886044,2.0196,Possível anomalia financeira
647,204570,Pastor Gil,PL,MA,Viagens,Passagem Aérea - Sigepa,,,,,0,186,221616.90,132207.227045,122458.5508602934,0.7301,Comportamento esperado
699,204446,Professor Joziel,PATRIOTA,RJ,Outros,Manutenção De Escritório De Apoio À Atividade Parlamentar,0,Sem indício cadastral crítico,FOUND,ATIVA,6,38,14428.79,80988.593819,134414.71100556676,-0.4952,Comportamento esperado
212,160599,Dimas Fabiano,PP,MG,Hotéis,"Hospedagem ,exceto Do Parlamentar No Distrito Federal.",0,Sem indício cadastral crítico,FOUND,ATIVA,142,433,130990.99,17018.453084,26330.369533202334,4.3286,Anomalia financeira extrema
1,220593,Abilio Brunini,PL,MT,Hotéis,"Hospedagem ,exceto Do Parlamentar No Distrito Federal.",0,Sem indício cadastral crítico,FOUND,ATIVA,28,57,20903.40,20380.542308,35609.06873470771,0.0147,Comportamento esperado
180,62881,Danilo Forte,UNIÃO,CE,Publicidade,Divulgação Da Atividade Parlamentar.,0,Sem indício cadastral crítico,FOUND,ATIVA,21,42,182445.96,263931.285395,366906.3702021798,-0.2221,Comportamento esperado
603,204452,Márcio Labre,PL,RJ,Serviços profissionais,"Consultorias, Pesquisas E Trabalhos Técnicos.",0,Sem indício cadastral crítico,FOUND,ATIVA,3,21,157300.00,51555.638000,51954.41216850247,2.0353,Possível anomalia financeira
490,204404,Lucas Redecker,PSDB,RS,Viagens,Passagem Aérea - Sigepa,,,,,0,122,127721.66,223297.576531,126627.95953182003,-0.7548,Comportamento esperado
689,161440,Pezenti,MDB,SC,Alimentação,Fornecimento De Alimentação Do Parlamentar,0,Sem indício cadastral crítico,FOUND,ATIVA,1,27,2444.86,5345.501750,9873.801589562949,-0.2938,Comportamento esperado
413,160548,Jonas Donizette,PSB,SP,Outros,"Serviço De Táxi, Pedágio E Estacionamento",1,Erro na consulta pública de CNPJ,ERROR,,1,19,1866.77,11967.060840,16796.655097373645,-0.6013,Fornecedor com CNPJ suspeito
732,204362,Ricardo Guidi,PSD,SC,Outros,"Serviço De Táxi, Pedágio E Estacionamento",0,Sem indício cadastral crítico,FOUND,ATIVA,17,72,1583.24,2658.067742,3431.982973130558,-0.3132,Comportamento esperado
797,204360,Silvia Cristina,PP,RO,Outros,Manutenção De Escritório De Apoio À Atividade Parlamentar,0,Sem indício cadastral crítico,FOUND,ATIVA,4,13,8230.68,40149.183103,63678.43736701476,-0.5012,Comportamento esperado
269,198783,Emanuel Pinheiro Neto,PSD,MT,Outros,Manutenção De Escritório De Apoio À Atividade Parlamentar,1,Situação cadastral não ativa: BAIXADA,FOUND,BAIXADA,1,6,32400.00,55063.669706,75019.05976556618,-0.3021,Fornecedor com CNPJ suspeito
632,178987,Orlando Silva,PCDOB,SP,Outros,"Serviço De Táxi, Pedágio E Estacionamento",0,Sem indício cadastral crítico,FOUND,ATIVA,7,75,17828.70,11967.060840,16796.655097373645,0.349,Comportamento esperado
633,204363,Osires Damaso,PSC,TO,Combustível,Combustíveis E Lubrificantes.,0,Sem indício cadastral crítico,FOUND,ATIVA,32,97,34647.16,73777.441071,109277.9364585353,-0.3581,Comportamento esperado
663,204461,Paulo Ganime,NOVO,RJ,Hotéis,"Hospedagem ,exceto Do Parlamentar No Distrito Federal.",0,Sem indício cadastral crítico,FOUND,ATIVA,6,6,2160.90,13016.628636,21468.959145470457,-0.5056,Comportamento esperado
180,62881,Danilo Forte,UNIÃO,CE,Publicidade,Divulgação Da Atividade Parlamentar.,1,Situação cadastral não ativa: BAIXADA,FOUND,BAIXADA,5,9,8400.00,263931.285395,366906.3702021798,-0.6964,Fornecedor com CNPJ suspeito
422,220578,Josenildo,PDT,AP,Outros,Serviço De Segurança Prestado Por Empresa Especializada.,0,Sem indício cadastral crítico,FOUND,ATIVA,1,20,161400.00,100700.000000,85842.76323604687,0.7071,Comportamento esperado
739,152610,Roberto Alves,REPUBLICANOS,SP,Locomoção,Locação Ou Fretamento De Veículos Automotores,0,Sem indício cadastral crítico,FOUND,ATIVA,1,31,109977.74,147254.510948,139673.23431152088,-0.2669,Comportamento esperado
512,229432,Luiz Fernando Vampiro,MDB,SC,Combustível,Combustíveis E Lubrificantes.,0,Sem indício cadastral crítico,FOUND,ATIVA,108,326,70155.98,63943.250339,85631.6159933909,0.0726,Comportamento esperado
327,74200,Gastão Vieira,PROS,MA,Combustível,Combustíveis E Lubrificantes.,0,Sem indício cadastral crítico,FOUND,ATIVA,14,33,9278.78,34895.172615,52384.05405357016,-0.489,Comportamento esperado
693,160601,Pr. Marco Feliciano,PL,SP,Locomoção,Locação Ou Fretamento De Veículos Automotores,0,Sem indício cadastral crítico,FOUND,ATIVA,4,51,502040.00,147254.510948,139673.23431152088,2.5401,Possível anomalia financeira
503,160510,Luis Tibé,AVANTE,MG,Outros,Manutenção De Escritório De Apoio À Atividade Parlamentar,1,Situação cadastral não ativa: INAPTA,FOUND,INAPTA,1,71,257983.82,123562.947566,162703.54342443834,0.8262,Fornecedor com CNPJ suspeito
758,178930,Roman,PP,PR,Publicidade,Divulgação Da Atividade Parlamentar.,0,Sem indício cadastral crítico,FOUND,ATIVA,2,2,11000.00,263664.052022,329972.5348930845,-0.7657,Comportamento esperado
148,220595,Coronel Fernanda,PL,MT,Outros,Serviço De Segurança Prestado Por Empresa Especializada.,0,Sem indício cadastral crítico,FOUND,ATIVA,1,36,83672.45,43311.225000,57079.39178899202,0.7071,Comportamento esperado
17,178836,Alan Rick,UNIÃO,AC,Outros,Manutenção De Escritório De Apoio À Atividade Parlamentar,0,Sem indício cadastral crítico,FOUND,ATIVA,3,18,6033.39,29735.132000,50394.769544197494,-0.4703,Comportamento esperado
764,178945,Rosangela Gomes,REPUBLICANOS,RJ,Alimentação,Fornecimento De Alimentação Do Parlamentar,0,Sem indício cadastral crítico,FOUND,ATIVA,14,28,2587.38,5314.154545,11413.915891543053,-0.2389,Comportamento esperado
422,220578,Josenildo,PDT,AP,Outros,"Participação Em Curso, Palestra Ou Evento Similar",0,Sem indício cadastral crítico,FOUND,ATIVA,1,1,9145.61,9145.610000,,,Comportamento esperado
480,74585,Lincoln Portela,PL,MG,Outros,Manutenção De Escritório De Apoio À Atividade Parlamentar,0,Documento não consultado por não ser CNPJ,NOT_APPLICABLE,,1,46,318385.28,123562.947566,162703.54342443834,1.1974,Comportamento esperado
663,204461,Paulo Ganime,NOVO,RJ,Outros,Manutenção De Escritório De Apoio À Atividade Parlamentar,1,Erro na consulta pública de CNPJ,ERROR,,1,2,174.15,80988.593819,134414.71100556676,-0.6012,Fornecedor com CNPJ suspeito
291,220646,Felipe Becari,PODE,SP,Outros,Serviços Postais,0,Sem indício cadastral crítico,FOUND,ATIVA,1,1,401.90,1015.584878,1403.5425598127083,-0.4372,Comportamento esperado
362,204442,Gurgel,PL,RJ,Combustível,Combustíveis E Lubrificantes.,0,Sem indício cadastral crítico,FOUND,ATIVA,53,95,28315.48,44023.319398,62812.667137756165,-0.2501,Comportamento esperado
90,204388,Bibo Nunes,PL,RS,Alimentação,Fornecimento De Alimentação Do Parlamentar,0,Sem indício cadastral crítico,FOUND,ATIVA,338,910,63249.18,7368.085075,13657.337051272762,4.0917,Anomalia financeira extrema
214,143632,Domingos Neto,PSD,CE,Viagens,Passagem Aérea - Sigepa,,,,,0,227,296994.64,190828.457826,170630.5409255439,0.6222,Comportamento esperado
195,204512,Delegado Marcelo Freitas,UNIÃO,MG,Outros,"Serviço De Táxi, Pedágio E Estacionamento",0,Sem indício cadastral crítico,FOUND,ATIVA,12,134,7323.63,5572.245385,10370.293242628488,0.1689,Comportamento esperado
879,220558,Zé Trovão,PL,SC,Outros,Manutenção De Escritório De Apoio À Atividade Parlamentar,0,Sem indício cadastral crítico,FOUND,ATIVA,24,266,348785.69,70964.571200,106769.4367602354,2.6021,Possível anomalia financeira
664,204492,Paulo Guedes,PT,MG,Publicidade,Divulgação Da Atividade Parlamentar.,0,Sem indício cadastral crítico,FOUND,ATIVA,18,130,663614.28,194891.353020,276881.75990132586,1.6929,Comportamento esperado
621,204479,Nicoletti,UNIÃO,RR,Viagens,Passagem Aérea - Rpa,0,Sem indício cadastral crítico,FOUND,ATIVA,2,7,1221.90,27007.868571,28285.776224385536,-0.9116,Comportamento esperado
66,220549,Any Ortiz,PP,RS,Combustível,Combustíveis E Lubrificantes.,0,Sem indício cadastral crítico,FOUND,ATIVA,163,330,64342.86,60520.148547,97388.05968907535,0.0393,Comportamento esperado
54,74471,André De Paula,PSD,PE,Locomoção,Locação Ou Fretamento De Veículos Automotores,0,Sem indício cadastral crítico,FOUND,ATIVA,3,25,110016.62,220869.240392,185976.71020526288,-0.5961,Comportamento esperado
414,217480,Jones Moura,PSD,RJ,Publicidade,Divulgação Da Atividade Parlamentar.,0,Sem indício cadastral crítico,FOUND,ATIVA,4,19,112348.46,226781.355120,259582.44863584734,-0.4408,Comportamento esperado
781,160621,Sandro Alex,PSD,PR,Combustível,Combustíveis E Lubrificantes.,0,Sem indício cadastral crítico,FOUND,ATIVA,59,168,46778.81,57944.345500,82353.4495793919,-0.1356,Comportamento esperado
238,81297,Dra. Soraya Manato,PTB,ES,Outros,Manutenção De Escritório De Apoio À Atividade Parlamentar,0,Sem indício cadastral crítico,FOUND,ATIVA,1,4,692.40,101936.796563,164857.25422120074,-0.6141,Comportamento esperado
859,160569,Waldenor Pereira,PT,BA,Publicidade,Divulgação Da Atividade Parlamentar.,1,Situação cadastral não ativa: BAIXADA,FOUND,BAIXADA,1,5,5000.00,317318.910361,328157.1355142384,-0.9517,Fornecedor com CNPJ suspeito
561,204540,Maria Rosas,REPUBLICANOS,SP,Combustível,Combustíveis E Lubrificantes.,1,Situação cadastral não ativa: BAIXADA,FOUND,BAIXADA,4,15,12618.12,42192.750821,64034.19773844777,-0.4619,Fornecedor com CNPJ suspeito
14,160527,Aguinaldo Ribeiro,PP,PB,Publicidade,Divulgação Da Atividade Parlamentar.,0,Sem indício cadastral crítico,FOUND,ATIVA,4,43,618700.00,324815.111538,407718.48875224456,0.7208,Comportamento esperado
875,178889,Zé Carlos,PT,MA,Outros,"Serviço De Táxi, Pedágio E Estacionamento",0,Sem indício cadastral crítico,FOUND,ATIVA,8,223,9105.38,3095.474615,4475.3830763031065,1.3429,Comportamento esperado
251,92346,Eduardo Bolsonaro,PL,SP,Locomoção,Locação Ou Fretamento De Veículos Automotores,0,Sem indício cadastral crítico,FOUND,ATIVA,11,70,312910.10,147254.510948,139673.23431152088,1.186,Comportamento esperado
417,214694,Jorge Goetten,REPUBLICANOS,SC,Outros,Manutenção De Escritório De Apoio À Atividade Parlamentar,0,Sem indício cadastral crítico,FOUND,ATIVA,11,67,114325.25,70964.571200,106769.4367602354,0.4061,Comportamento esperado
706,220586,Rafael Brito,MDB,AL,Publicidade,Divulgação Da Atividade Parlamentar.,0,Sem indício cadastral crítico,FOUND,ATIVA,28,170,658760.76,358459.172381,402499.84210100886,0.7461,Comportamento esperado
112,213762,Carla Dickson,UNIÃO,RN,Outros,Manutenção De Escritório De Apoio À Atividade Parlamentar,0,Sem indício cadastral crítico,FOUND,ATIVA,3,13,9580.38,114159.151154,175330.5134804051,-0.5965,Comportamento esperado
356,198197,Greyce Elias,AVANTE,MG,Outros,Serviços Postais,0,Sem indício cadastral crítico,FOUND,ATIVA,1,1,61.15,2049.065200,4121.470694655126,-0.4823,Comportamento esperado
555,220547,Marcos Pollon,PL,MS,Hotéis,"Hospedagem ,exceto Do Parlamentar No Distrito Federal.",0,Sem indício cadastral crítico,FOUND,ATIVA,44,62,30314.17,14950.264286,18538.468264889183,0.8288,Comportamento esperado
521,220669,Lula Da Fonte,PP,PE,Locomoção,Locação Ou Fretamento De Veículos Automotores,0,Sem indício cadastral crítico,FOUND,ATIVA,1,29,404184.10,220869.240392,185976.71020526288,0.9857,Comportamento esperado
188,220625,Delegada Ione,AVANTE,MG,Publicidade,Divulgação Da Atividade Parlamentar.,1,Situação cadastral não ativa: BAIXADA,FOUND,BAIXADA,2,5,14250.00,194891.353020,276881.75990132586,-0.6524,Fornecedor com CNPJ suspeito
297,204407,Fernanda Melchionna,PSOL,RS,Comunicação,Telefonia,0,Sem indício cadastral crítico,FOUND,ATIVA,2,35,5421.66,19321.830435,18898.364290143905,-0.7355,Comportamento esperado
533,156190,Marcel Van Hattem,NOVO,RS,Outros,Manutenção De Escritório De Apoio À Atividade Parlamentar,0,Documento não consultado por não ser CNPJ,NOT_APPLICABLE,,1,2,9444.81,109428.142500,149558.61424927576,-0.6685,Comportamento esperado
556,178943,Marcos Soares,PSDB,RJ,Combustível,Combustíveis E Lubrificantes.,1,Erro na consulta pública de CNPJ,ERROR,,1,2,529.22,44023.319398,62812.667137756165,-0.6924,Fornecedor com CNPJ suspeito
184,204511,David Soares,PODE,SP,Publicidade,Divulgação Da Atividade Parlamentar.,0,Sem indício cadastral crítico,FOUND,ATIVA,11,44,403926.61,243741.226243,313657.1515008437,0.5107,Comportamento esperado
263,229585,Elisangela Araujo,PT,BA,Combustível,Combustíveis E Lubrificantes.,0,Sem indício cadastral crítico,FOUND,ATIVA,99,194,57410.98,76280.976842,110667.4963849575,-0.1705,Comportamento esperado
250,204541,Eduardo Bismarck,PV,CE,Combustível,Combustíveis E Lubrificantes.,1,CNPJ não encontrado na API pública,NOT_FOUND,,1,1,200.01,41977.960833,76764.60304100714,-0.5442,Fornecedor com CNPJ suspeito
376,227324,Henrique Júnior,PL,MA,Viagens,Passagem Aérea - Reembolso,0,Sem indício cadastral crítico,FOUND,ATIVA,1,2,4413.75,10441.916667,13512.988376850404,-0.4461,Comportamento esperado
438,74550,João Leão,PP,BA,Outros,"Serviço De Táxi, Pedágio E Estacionamento",0,Sem indício cadastral crítico,FOUND,ATIVA,4,25,21638.90,7947.726552,12451.86965129915,1.0995,Comportamento esperado
8,204528,Adriana Ventura,NOVO,SP,Publicidade,Divulgação Da Atividade Parlamentar.,1,Situação cadastral não ativa: BAIXADA,FOUND,BAIXADA,1,1,2500.00,243741.226243,313657.1515008437,-0.7691,Fornecedor com CNPJ suspeito
775,221157,Rui Godinho,UNIÃO,SC,Publicidade,Divulgação Da Atividade Parlamentar.,0,Sem indício cadastral crítico,FOUND,ATIVA,1,1,14000.00,148561.773265,217765.15459275612,-0.6179,Comportamento esperado
805,222565,Soldado Noelio,UNIÃO,CE,Outros,Manutenção De Escritório De Apoio À Atividade Parlamentar,0,Sem indício cadastral crítico,FOUND,ATIVA,2,3,2056.29,68348.775082,105244.60317209057,-0.6299,Comportamento esperado
590,92172,Milton Coelho,PSB,PE,Outros,"Serviço De Táxi, Pedágio E Estacionamento",0,Sem indício cadastral crítico,FOUND,ATIVA,2,21,1302.48,5084.056842,13620.11056577697,-0.2776,Comportamento esperado
397,220696,Ivoneide Caetano,PT,BA,Combustível,Combustíveis E Lubrificantes.,0,Sem indício cadastral crítico,FOUND,ATIVA,155,645,114423.69,76280.976842,110667.4963849575,0.3447,Comportamento esperado
873,220552,Zucco,PL,RS,Viagens,Passagem Aérea - Sigepa,,,,,0,303,409657.28,223297.576531,126627.95953182003,1.4717,Comportamento esperado
624,178986,Nilto Tatto,PT,SP,Hotéis,"Hospedagem ,exceto Do Parlamentar No Distrito Federal.",0,Sem indício cadastral crítico,FOUND,ATIVA,52,107,40230.56,10014.789189,11435.329101648113,2.6423,Possível anomalia financeira
12,136811,Afonso Hamm,PP,RS,Hotéis,"Hospedagem ,exceto Do Parlamentar No Distrito Federal.",0,Sem indício cadastral crítico,FOUND,ATIVA,92,388,86318.27,21826.986437,35658.661568585754,1.8086,Comportamento esperado
790,178933,Sergio Souza,MDB,PR,Viagens,Passagem Aérea - Rpa,0,Sem indício cadastral crítico,FOUND,ATIVA,3,142,140153.81,26722.504474,58025.433845182,1.9549,Comportamento esperado
309,160598,Flávia Morais,PDT,GO,Combustível,Combustíveis E Lubrificantes.,1,Situação cadastral não ativa: BAIXADA,FOUND,BAIXADA,2,4,1354.82,65044.277593,95738.05404592726,-0.6652,Fornecedor com CNPJ suspeito
841,141552,Valtenir Pereira,MDB,MT,Combustível,Combustíveis E Lubrificantes.,0,Sem indício cadastral crítico,FOUND,ATIVA,47,77,17728.39,34330.305532,57340.29977264771,-0.2895,Comportamento esperado
603,204452,Márcio Labre,PL,RJ,Viagens,Passagem Aérea - Sigepa,,,,,0,82,104437.72,213577.740357,175550.75566941444,-0.6217,Comportamento esperado
728,220543,Ricardo Ayres,REPUBLICANOS,TO,Locomoção,Locação Ou Fretamento De Veículos Automotores,0,Sem indício cadastral crítico,FOUND,ATIVA,1,29,226500.00,117209.676500,159137.4356385456,0.6868,Comportamento esperado
539,220634,Marcelo Lima,PSB,SP,Alimentação,Fornecimento De Alimentação Do Parlamentar,0,Sem indício cadastral crítico,FOUND,ATIVA,7,13,1074.26,3366.001170,5609.697337170304,-0.4085,Comportamento esperado
228,220570,Dr. Ismael Alexandrino,PSD,GO,Locomoção,Locação Ou Fretamento De Veículos Automotores,0,Sem indício cadastral crítico,FOUND,ATIVA,2,54,398836.99,189142.637500,142661.57624064668,1.4699,Comportamento esperado
246,204562,Edilázio Júnior,PSD,MA,Viagens,Passagem Aérea - Sigepa,,,,,0,89,96457.42,132207.227045,122458.5508602934,-0.2919,Comportamento esperado
740,160653,Roberto De Lucena,REPUBLICANOS,SP,Outros,Manutenção De Escritório De Apoio À Atividade Parlamentar,0,Sem indício cadastral crítico,FOUND,ATIVA,4,29,20869.70,98538.487659,143509.98800071477,-0.5412,Comportamento esperado
830,204519,Tiago Mitraud,NOVO,MG,Outros,Manutenção De Escritório De Apoio À Atividade Parlamentar,1,Erro na consulta pública de CNPJ,ERROR,,1,17,3601.74,123562.947566,162703.54342443834,-0.7373,Fornecedor com CNPJ suspeito
501,222429,Luis Carlos Gomes,REPUBLICANOS,RJ,Locomoção,Locação Ou Fretamento De Veículos Automotores,0,Sem indício cadastral crítico,FOUND,ATIVA,3,73,432221.42,162239.394390,163272.60476613723,1.6536,Comportamento esperado
499,178954,Lucio Mosquini,PL,RO,Combustível,Combustíveis E Lubrificantes.,0,Sem indício cadastral crítico,FOUND,ATIVA,51,121,297064.82,64922.175357,86632.41303886044,2.6796,Possível anomalia financeira
848,74283,Vicentinho,PT,SP,Outros,Serviços Postais,0,Sem indício cadastral crítico,FOUND,ATIVA,1,8,1439.75,1015.584878,1403.5425598127083,0.3022,Comportamento esperado
226,204518,Dr. Frederico,PRD,MG,Hotéis,"Hospedagem ,exceto Do Parlamentar No Distrito Federal.",0,Sem indício cadastral crítico,FOUND,ATIVA,21,40,13059.44,17018.453084,26330.369533202334,-0.1504,Comportamento esperado
765,220644,Rosangela Moro,PL,SP,Outros,Manutenção De Escritório De Apoio À Atividade Parlamentar,1,Erro na consulta pública de CNPJ,ERROR,,1,1,440.00,98538.487659,143509.98800071477,-0.6836,Fornecedor com CNPJ suspeito
847,204396,Vermelho,PL,PR,Locomoção,Locação Ou Fretamento De Veículos Automotores,0,Sem indício cadastral crítico,FOUND,ATIVA,2,9,34535.35,113439.957419,130977.93601797776,-0.6024,Comportamento esperado
848,74283,Vicentinho,PT,SP,Publicidade,Divulgação Da Atividade Parlamentar.,0,Sem indício cadastral crítico,FOUND,ATIVA,11,122,483792.43,243741.226243,313657.1515008437,0.7653,Comportamento esperado
568,204566,Marreca Filho,PRD,MA,Publicidade,Divulgação Da Atividade Parlamentar.,1,Situação cadastral não ativa: INAPTA,FOUND,INAPTA,1,8,15600.00,299945.123175,386285.4495039867,-0.7361,Fornecedor com CNPJ suspeito
656,141516,Paulo Abi-ackel,PSDB,MG,Outros,Serviços Postais,0,Sem indício cadastral crítico,FOUND,ATIVA,1,3,162.80,2049.065200,4121.470694655126,-0.4577,Comportamento esperado
309,160598,Flávia Morais,MDB,GO,Locomoção,Locação Ou Fretamento De Veículos Automotores,0,Sem indício cadastral crítico,FOUND,ATIVA,2,37,227928.81,189142.637500,142661.57624064668,0.2719,Comportamento esperado
340,204575,Gil Cutrim,REPUBLICANOS,MA,Locomoção,Locação Ou Fretamento De Veículos Automotores,0,Sem indício cadastral crítico,FOUND,ATIVA,1,13,155000.00,122090.952683,112418.39663710551,0.2927,Comportamento esperado
570,178843,Marx Beltrão,PP,AL,Combustível,Combustíveis E Lubrificantes.,0,Sem indício cadastral crítico,FOUND,ATIVA,10,29,8762.78,41184.340741,54405.12179897842,-0.5959,Comportamento esperado
263,229585,Elisangela Araujo,PT,BA,Locomoção,Locação Ou Fretamento De Veículos Automotores,0,Sem indício cadastral crítico,FOUND,ATIVA,1,4,30000.00,292409.611930,213979.496522466,-1.2263,Comportamento esperado
302,204427,Fernando Rodolfo,PRD,PE,Comunicação,Telefonia,0,Sem indício cadastral crítico,FOUND,ATIVA,1,2,193.01,10941.974167,12252.099914667077,-0.8773,Comportamento esperado
775,221157,Rui Godinho,UNIÃO,SC,Alimentação,Fornecimento De Alimentação Do Parlamentar,0,Sem indício cadastral crítico,FOUND,ATIVA,11,13,1180.26,5345.501750,9873.801589562949,-0.4218,Comportamento esperado
540,133810,Marcelo Moraes,PL,RS,Outros,Manutenção De Escritório De Apoio À Atividade Parlamentar,0,Sem indício cadastral crítico,FOUND,ATIVA,8,200,132723.53,109428.142500,149558.61424927576,0.1558,Comportamento esperado
825,220560,Thiago De Joaldo,REPUBLICANOS,SE,Publicidade,Divulgação Da Atividade Parlamentar.,0,Sem indício cadastral crítico,FOUND,ATIVA,15,124,791135.00,230946.483077,301200.1033422071,1.8599,Comportamento esperado
857,215044,Vivi Reis,PSOL,PA,Outros,"Passagens Terrestres, Marítimas Ou Fluviais",0,Sem indício cadastral crítico,FOUND,ATIVA,9,16,3111.22,1078.217500,1379.000592418896,1.4743,Comportamento esperado
188,220625,Delegada Ione,AVANTE,MG,Alimentação,Fornecimento De Alimentação Do Parlamentar,0,Sem indício cadastral crítico,FOUND,ATIVA,74,284,12283.73,3421.773553,6721.942950865462,1.3184,Comportamento esperado
178,220557,Daniela Reinehr,PL,SC,Locomoção,Locação Ou Fretamento De Veículos Automotores,0,Sem indício cadastral crítico,FOUND,ATIVA,6,65,372141.37,154711.621212,151032.92349497412,1.4396,Comportamento esperado
128,73441,Celso Russomanno,REPUBLICANOS,SP,Combustível,Combustíveis E Lubrificantes.,0,Sem indício cadastral crítico,FOUND,ATIVA,183,832,210388.20,42192.750821,64034.19773844777,2.6267,Possível anomalia financeira
790,178933,Sergio Souza,MDB,PR,Locomoção,Locação Ou Fretamento De Veículos Automotores,0,Sem indício cadastral crítico,FOUND,ATIVA,3,50,617844.93,113439.957419,130977.93601797776,3.8511,Anomalia financeira extrema
385,204373,Hélio Costa,PSD,SC,Outros,Manutenção De Escritório De Apoio À Atividade Parlamentar,0,Sem indício cadastral crítico,FOUND,ATIVA,7,54,59867.92,70964.571200,106769.4367602354,-0.1039,Comportamento esperado
862,160518,Weliton Prado,PROS,MG,Publicidade,Divulgação Da Atividade Parlamentar.,0,Sem indício cadastral crítico,FOUND,ATIVA,3,29,171280.06,194891.353020,276881.75990132586,-0.0853,Comportamento esperado
99,220635,Bruno Ganem,PODE,SP,Outros,Manutenção De Escritório De Apoio À Atividade Parlamentar,1,Erro na consulta pública de CNPJ,ERROR,,1,5,771.00,98538.487659,143509.98800071477,-0.6813,Fornecedor com CNPJ suspeito
85,220698,Beto Preto,PSD,PR,Hotéis,"Hospedagem ,exceto Do Parlamentar No Distrito Federal.",0,Sem indício cadastral crítico,FOUND,ATIVA,21,44,14492.75,18419.328649,34024.43115299299,-0.1154,Comportamento esperado
318,68720,Fábio Henrique,UNIÃO,SE,Publicidade,Divulgação Da Atividade Parlamentar.,0,Sem indício cadastral crítico,FOUND,ATIVA,9,29,160162.03,230946.483077,301200.1033422071,-0.235,Comportamento esperado
514,204455,Luiz Lima,PL,RJ,Publicidade,Divulgação Da Atividade Parlamentar.,0,Sem indício cadastral crítico,FOUND,ATIVA,5,14,137000.00,226781.355120,259582.44863584734,-0.3459,Comportamento esperado
356,198197,Greyce Elias,PL,MG,Hotéis,"Hospedagem ,exceto Do Parlamentar No Distrito Federal.",0,Sem indício cadastral crítico,FOUND,ATIVA,83,153,47856.41,17018.453084,26330.369533202334,1.1712,Comportamento esperado
351,204419,Glaustin Da Fokus,PSC,GO,Publicidade,Divulgação Da Atividade Parlamentar.,0,Sem indício cadastral crítico,FOUND,ATIVA,6,10,283074.00,294423.402917,352090.0693215526,-0.0322,Comportamento esperado
430,160619,José Nunes,PSD,BA,Combustível,Combustíveis E Lubrificantes.,0,Sem indício cadastral crítico,FOUND,ATIVA,67,111,26536.21,76280.976842,110667.4963849575,-0.4495,Comportamento esperado
774,73604,Rui Falcão,PT,SP,Locomoção,Locação Ou Fretamento De Veículos Automotores,0,Sem indício cadastral crítico,FOUND,ATIVA,2,68,245686.00,147254.510948,139673.23431152088,0.7047,Comportamento esperado
767,73806,Roseana Sarney,MDB,MA,Locomoção,Locação Ou Fretamento De Veículos Automotores,0,Sem indício cadastral crítico,FOUND,ATIVA,1,22,131120.00,122090.952683,112418.39663710551,0.0803,Comportamento esperado
844,141553,Vanderlei Macris,PSDB,SP,Serviços profissionais,"Consultorias, Pesquisas E Trabalhos Técnicos.",1,Situação cadastral não ativa: BAIXADA,FOUND,BAIXADA,1,8,53100.00,42478.291429,47664.49520078613,0.2228,Fornecedor com CNPJ suspeito
69,141391,Arnaldo Jardim,CIDADANIA,SP,Hotéis,"Hospedagem ,exceto Do Parlamentar No Distrito Federal.",0,Sem indício cadastral crítico,FOUND,ATIVA,13,26,7801.89,10014.789189,11435.329101648113,-0.1935,Comportamento esperado
474,80815,Leo Prates,REPUBLICANOS,BA,Viagens,Passagem Aérea - Rpa,0,Sem indício cadastral crítico,FOUND,ATIVA,1,1,1037.96,31763.658913,54219.86604798766,-0.5667,Comportamento esperado
874,230768,Zé Adriano,PP,AC,Locomoção,Locação Ou Fretamento De Veículos Automotores,0,Sem indício cadastral crítico,FOUND,ATIVA,2,12,125000.00,136825.250667,132327.06516765346,-0.0894,Comportamento esperado
780,204416,Sanderson,PL,RS,Outros,Serviços Postais,0,Sem indício cadastral crítico,FOUND,ATIVA,2,6,1017.17,862.238182,1333.8726370935917,0.1162,Comportamento esperado
853,204478,Vinicius Farah,UNIÃO,RJ,Outros,Manutenção De Escritório De Apoio À Atividade Parlamentar,0,Sem indício cadastral crítico,FOUND,ATIVA,3,4,3408.52,80988.593819,134414.71100556676,-0.5772,Comportamento esperado
224,220610,Dr. Fernando Máximo,PL,RO,Locomoção,Locação Ou Fretamento De Veículos Automotores,1,Situação cadastral não ativa: BAIXADA,FOUND,BAIXADA,1,2,2763.69,233590.273571,213347.19250523738,-1.0819,Fornecedor com CNPJ suspeito
438,74550,João Leão,PP,BA,Publicidade,Divulgação Da Atividade Parlamentar.,1,Situação cadastral não ativa: BAIXADA,FOUND,BAIXADA,1,5,7500.00,317318.910361,328157.1355142384,-0.9441,Fornecedor com CNPJ suspeito
322,220653,Fábio Teruel,MDB,SP,Viagens,Passagem Aérea - Sigepa,,,,,0,490,241347.74,185430.171967,136227.76556134285,0.4105,Comportamento esperado
136,204462,Chris Tonietto,PL,RJ,Outros,Manutenção De Escritório De Apoio À Atividade Parlamentar,0,Sem indício cadastral crítico,FOUND,ATIVA,10,209,210825.48,80988.593819,134414.71100556676,0.9659,Comportamento esperado
586,220530,Messias Donato,UNIÃO,ES,Hotéis,"Hospedagem ,exceto Do Parlamentar No Distrito Federal.",0,Sem indício cadastral crítico,FOUND,ATIVA,10,12,5570.67,14136.593684,23816.6886480095,-0.3597,Comportamento esperado
677,220667,Pedro Campos,PSB,PE,Hotéis,"Hospedagem ,exceto Do Parlamentar No Distrito Federal.",0,Sem indício cadastral crítico,FOUND,ATIVA,38,199,54835.47,17089.374528,23447.97906027458,1.6098,Comportamento esperado
685,160604,Pedro Uczai,PT,SC,Publicidade,Assinatura De Publicações,0,Sem indício cadastral crítico,FOUND,ATIVA,2,4,1200.00,1002.800000,856.1605048120359,0.2303,Comportamento esperado
675,90201,Pedro Augusto Bezerra,PDT,CE,Viagens,Passagem Aérea - Reembolso,0,Sem indício cadastral crítico,FOUND,ATIVA,3,10,18709.73,12007.303200,17888.200103405623,0.3747,Comportamento esperado
621,204479,Nicoletti,UNIÃO,RR,Combustível,Combustíveis E Lubrificantes.,0,Sem indício cadastral crítico,FOUND,ATIVA,19,161,47739.11,70971.916364,102686.34049821323,-0.2263,Comportamento esperado
551,160535,Marcon,PT,RS,Publicidade,Divulgação Da Atividade Parlamentar.,1,Situação cadastral não ativa: BAIXADA,FOUND,BAIXADA,2,10,54595.17,215724.063125,265101.600265673,-0.6078,Fornecedor com CNPJ suspeito
529,204458,Major Fabiana,PL,RJ,Viagens,Passagem Aérea - Sigepa,,,,,0,104,126372.14,213577.740357,175550.75566941444,-0.4968,Comportamento esperado
612,204449,Nelson Barbudo,PL,MT,Outros,Manutenção De Escritório De Apoio À Atividade Parlamentar,0,Sem indício cadastral crítico,FOUND,ATIVA,7,34,17364.21,55063.669706,75019.05976556618,-0.5025,Comportamento esperado
476,74156,Leonardo Monteiro,PT,MG,Combustível,Combustíveis E Lubrificantes.,0,Sem indício cadastral crítico,FOUND,ATIVA,11,145,304801.44,65306.104375,92314.0005265802,2.5944,Possível anomalia financeira
833,220684,Tião Medeiros,PP,PR,Viagens,Passagem Aérea - Sigepa,,,,,0,211,231476.18,173223.575536,125997.34942419773,0.4623,Comportamento esperado
354,74419,Gonzaga Patriota,PSB,PE,Comunicação,Telefonia,0,Sem indício cadastral crítico,FOUND,ATIVA,5,35,8996.31,10941.974167,12252.099914667077,-0.1588,Comportamento esperado
304,220545,Filipe Martins,PL,TO,Outros,"Passagens Terrestres, Marítimas Ou Fluviais",0,Sem indício cadastral crítico,FOUND,ATIVA,3,10,2751.98,2000.096667,1575.0680622838706,0.4774,Comportamento esperado
115,204361,Carlos Chiodini,MDB,SC,Outros,"Serviço De Táxi, Pedágio E Estacionamento",0,Sem indício cadastral crítico,FOUND,ATIVA,7,111,1776.32,2658.067742,3431.982973130558,-0.2569,Comportamento esperado
404,74273,Jefferson Campos,PL,SP,Hotéis,"Hospedagem ,exceto Do Parlamentar No Distrito Federal.",0,Sem indício cadastral crítico,FOUND,ATIVA,8,22,13542.62,10014.789189,11435.329101648113,0.3085,Comportamento esperado
449,74253,Julio Lopes,PP,RJ,Locomoção,Locação Ou Fretamento De Veículos Automotores,0,Sem indício cadastral crítico,FOUND,ATIVA,1,3,24000.00,162239.394390,163272.60476613723,-0.8467,Comportamento esperado
718,205865,Reinhold Stephanes,PSD,PR,Viagens,Passagem Aérea - Sigepa,,,,,0,23,30648.45,173223.575536,125997.34942419773,-1.1316,Comportamento esperado
350,152605,Glauber Braga,PSOL,RJ,Alimentação,Fornecimento De Alimentação Do Parlamentar,0,Sem indício cadastral crítico,FOUND,ATIVA,5,24,715.35,5314.154545,11413.915891543053,-0.4029,Comportamento esperado
194,220583,Delegado Fabio Costa,PP,AL,Alimentação,Fornecimento De Alimentação Do Parlamentar,1,Situação cadastral não ativa: SUSPENSA,FOUND,SUSPENSA,2,4,152.19,2542.058000,4729.8142873309525,-0.5053,Fornecedor com CNPJ suspeito
385,204373,Hélio Costa,PSD,SC,Hotéis,"Hospedagem ,exceto Do Parlamentar No Distrito Federal.",0,Sem indício cadastral crítico,FOUND,ATIVA,13,23,5879.00,36695.958649,43528.74004922331,-0.708,Comportamento esperado
307,220700,Florentino Neto,PT,PI,Combustível,Combustíveis E Lubrificantes.,0,Sem indício cadastral crítico,FOUND,ATIVA,8,20,65316.49,73929.545357,101552.42380940972,-0.0848,Comportamento esperado
588,178985,Miguel Lombardi,PL,SP,Publicidade,Divulgação Da Atividade Parlamentar.,1,Situação cadastral não ativa: BAIXADA,FOUND,BAIXADA,2,8,21260.00,243741.226243,313657.1515008437,-0.7093,Fornecedor com CNPJ suspeito
862,160518,Weliton Prado,PROS,MG,Hotéis,"Hospedagem ,exceto Do Parlamentar No Distrito Federal.",1,Erro na consulta pública de CNPJ,ERROR,,1,1,28247.70,17018.453084,26330.369533202334,0.4265,Fornecedor com CNPJ suspeito
560,74398,Maria Do Rosário,PT,RS,Viagens,Passagem Aérea - Rpa,0,Sem indício cadastral crítico,FOUND,ATIVA,3,6,7698.86,23263.014545,27193.710295909314,-0.5723,Comportamento esperado
512,229432,Luiz Fernando Vampiro,MDB,SC,Outros,Serviços Postais,0,Sem indício cadastral crítico,FOUND,ATIVA,1,2,185.65,1043.824167,1437.984649529007,-0.5968,Comportamento esperado
646,160642,Pastor Eurico,PSDB,PE,Viagens,Passagem Aérea - Rpa,0,Sem indício cadastral crítico,FOUND,ATIVA,3,35,71802.68,15238.795000,22485.76149111043,2.5155,Possível anomalia financeira
226,204518,Dr. Frederico,PRD,MG,Combustível,Combustíveis E Lubrificantes.,0,Sem indício cadastral crítico,FOUND,ATIVA,10,101,161283.39,65306.104375,92314.0005265802,1.0397,Comportamento esperado
116,178962,Carlos Gomes,REPUBLICANOS,RS,Alimentação,Fornecimento De Alimentação Do Parlamentar,0,Sem indício cadastral crítico,FOUND,ATIVA,38,151,6813.43,7368.085075,13657.337051272762,-0.0406,Comportamento esperado
17,178836,Alan Rick,UNIÃO,AC,Viagens,Passagem Aérea - Sigepa,,,,,0,54,69009.91,131556.873333,92765.04055863072,-0.6743,Comportamento esperado
184,204511,David Soares,PODE,SP,Outros,"Serviço De Táxi, Pedágio E Estacionamento",0,Sem indício cadastral crítico,FOUND,ATIVA,21,92,14922.67,11967.060840,16796.655097373645,0.176,Comportamento esperado
356,198197,Greyce Elias,PL,MG,Viagens,Passagem Aérea - Sigepa,,,,,0,218,271516.09,195216.599630,167832.49260588933,0.4546,Comportamento esperado
119,74262,Carlos Sampaio,PSDB,SP,Viagens,Passagem Aérea - Rpa,0,Sem indício cadastral crítico,FOUND,ATIVA,2,92,56037.65,24943.515352,36157.13967829913,0.86,Comportamento esperado
658,178860,Paulo Azi,UNIÃO,BA,Outros,Manutenção De Escritório De Apoio À Atividade Parlamentar,0,Sem indício cadastral crítico,FOUND,ATIVA,2,13,8822.06,98257.521290,134321.8726415135,-0.6658,Comportamento esperado
422,220578,Josenildo,PDT,AP,Alimentação,Fornecimento De Alimentação Do Parlamentar,1,Situação cadastral não ativa: BAIXADA,FOUND,BAIXADA,1,1,80.90,2913.228750,3743.7956562078907,-0.7565,Fornecedor com CNPJ suspeito
402,108338,Jaqueline Cassol,PP,RO,Hotéis,"Hospedagem ,exceto Do Parlamentar No Distrito Federal.",0,Sem indício cadastral crítico,FOUND,ATIVA,21,45,11935.44,15598.613913,18502.405565050612,-0.198,Comportamento esperado
149,220666,Coronel Meira,PL,PE,Combustível,Combustíveis E Lubrificantes.,1,Situação cadastral não ativa: BAIXADA,FOUND,BAIXADA,2,5,1390.62,53506.291935,82942.380015203,-0.6283,Fornecedor com CNPJ suspeito
525,220566,Lêda Borges,REPUBLICANOS,GO,Combustível,Combustíveis E Lubrificantes.,1,Situação cadastral não ativa: BAIXADA,FOUND,BAIXADA,2,4,779.59,65044.277593,95738.05404592726,-0.6713,Fornecedor com CNPJ suspeito
152,220590,Coronel Ulysses,UNIÃO,AC,Viagens,Passagem Aérea - Reembolso,0,Sem indício cadastral crítico,FOUND,ATIVA,1,2,18304.69,9056.415455,5089.4459464667925,1.8171,Comportamento esperado
654,141518,Paulinho Da Força,SOLIDARIEDADE,SP,Publicidade,Divulgação Da Atividade Parlamentar.,0,Sem indício cadastral crítico,FOUND,ATIVA,13,44,534410.10,243741.226243,313657.1515008437,0.9267,Comportamento esperado
423,74141,Josias Gomes,PT,BA,Locomoção,Locação Ou Fretamento De Veículos Automotores,0,Sem indício cadastral crítico,FOUND,ATIVA,1,34,139046.54,292409.611930,213979.496522466,-0.7167,Comportamento esperado
180,62881,Danilo Forte,UNIÃO,CE,Locomoção,Locação Ou Fretamento De Aeronaves,0,Sem indício cadastral crítico,FOUND,ATIVA,1,1,10500.00,46678.600000,38881.59920573464,-0.9305,Comportamento esperado
34,221148,Alfredinho,PT,SP,Outros,"Serviço De Táxi, Pedágio E Estacionamento",0,Documento não consultado por não ser CNPJ,NOT_APPLICABLE,,1,2,94.00,11967.060840,16796.655097373645,-0.7069,Comportamento esperado
200,220619,Delegado Ramagem,PL,RJ,Hotéis,"Hospedagem ,exceto Do Parlamentar No Distrito Federal.",1,Erro na consulta pública de CNPJ,ERROR,,1,1,6207.38,13016.628636,21468.959145470457,-0.3172,Fornecedor com CNPJ suspeito
759,160629,Romero Rodrigues,PODE,PB,Viagens,Passagem Aérea - Reembolso,0,Sem indício cadastral crítico,FOUND,ATIVA,1,1,2415.99,14118.253125,32577.997530279183,-0.3592,Comportamento esperado
36,74057,Alice Portugal,PCDOB,BA,Serviços profissionais,"Consultorias, Pesquisas E Trabalhos Técnicos.",1,Situação cadastral não ativa: BAIXADA,FOUND,BAIXADA,1,8,138000.00,64386.903226,47821.13506693795,1.5393,Fornecedor com CNPJ suspeito
435,141458,João Carlos Bacelar,PL,BA,Outros,"Serviço De Táxi, Pedágio E Estacionamento",0,Sem indício cadastral crítico,FOUND,ATIVA,2,4,160.00,7947.726552,12451.86965129915,-0.6254,Comportamento esperado
629,74159,Odair Cunha,PT,MG,Outros,Manutenção De Escritório De Apoio À Atividade Parlamentar,0,Sem indício cadastral crítico,FOUND,ATIVA,8,149,56909.19,123562.947566,162703.54342443834,-0.4097,Comportamento esperado
601,220687,Márcio Honaiser,SOLIDARIEDADE,MA,Viagens,Passagem Aérea - Sigepa,,,,,0,108,97117.83,132207.227045,122458.5508602934,-0.2865,Comportamento esperado
519,178866,Luizianne Lins,PT,CE,Alimentação,Fornecimento De Alimentação Do Parlamentar,0,Sem indício cadastral crítico,FOUND,ATIVA,47,94,8377.08,4778.337742,9185.089924635726,0.3918,Comportamento esperado
399,220527,Jack Rocha,PT,ES,Viagens,Passagem Aérea - Sigepa,,,,,0,187,271151.14,159760.155882,99464.81207952778,1.1199,Comportamento esperado
362,204442,Gurgel,PL,RJ,Comunicação,Telefonia,0,Sem indício cadastral crítico,FOUND,ATIVA,4,22,6582.71,11897.719661,18918.17939394703,-0.2809,Comportamento esperado
354,74419,Gonzaga Patriota,PSB,PE,Hotéis,"Hospedagem ,exceto Do Parlamentar No Distrito Federal.",0,Sem indício cadastral crítico,FOUND,ATIVA,10,21,7053.65,17089.374528,23447.97906027458,-0.428,Comportamento esperado
370,178873,Helder Salomão,PT,ES,Hotéis,"Hospedagem ,exceto Do Parlamentar No Distrito Federal.",1,Situação cadastral não ativa: BAIXADA,FOUND,BAIXADA,1,6,470.00,14136.593684,23816.6886480095,-0.5738,Fornecedor com CNPJ suspeito
475,122195,Leonardo Gadelha,PODE,PB,Locomoção,Locação Ou Fretamento De Veículos Automotores,0,Sem indício cadastral crítico,FOUND,ATIVA,1,7,44639.00,197980.822174,165434.59936969794,-0.9269,Comportamento esperado
180,62881,Danilo Forte,PP,CE,Outros,Serviço De Segurança Prestado Por Empresa Especializada.,0,Sem indício cadastral crítico,FOUND,ATIVA,1,36,27535.41,24802.087143,26671.121457335783,0.1025,Comportamento esperado
301,92699,Fernando Monteiro,PSD,PE,Outros,"Serviço De Táxi, Pedágio E Estacionamento",0,Sem indício cadastral crítico,FOUND,ATIVA,1,12,403.36,5084.056842,13620.11056577697,-0.3437,Comportamento esperado
732,204362,Ricardo Guidi,PSD,SC,Hotéis,"Hospedagem ,exceto Do Parlamentar No Distrito Federal.",1,CNPJ não encontrado na API pública,NOT_FOUND,,1,2,200.00,36695.958649,43528.74004922331,-0.8384,Fornecedor com CNPJ suspeito
757,160651,Rogério Peninha Mendonça,MDB,SC,Alimentação,Fornecimento De Alimentação Do Parlamentar,0,Sem indício cadastral crítico,FOUND,ATIVA,22,46,3516.24,5345.501750,9873.801589562949,-0.1853,Comportamento esperado
629,74159,Odair Cunha,PT,MG,Alimentação,Fornecimento De Alimentação Do Parlamentar,1,Situação cadastral não ativa: BAIXADA,FOUND,BAIXADA,2,2,80.90,3421.773553,6721.942950865462,-0.497,Fornecedor com CNPJ suspeito
112,213762,Carla Dickson,UNIÃO,RN,Viagens,Passagem Aérea - Rpa,0,Sem indício cadastral crítico,FOUND,ATIVA,2,25,23384.94,25061.406250,42423.5801004761,-0.0395,Comportamento esperado
271,225730,Enfermeira Ana Paula,PODE,CE,Outros,Aquisição De Tokens E Certificados Digitais,0,Sem indício cadastral crítico,FOUND,ATIVA,1,3,700.00,287.333333,358.72180493152814,1.1504,Comportamento esperado
777,178990,Samuel Moreira,PSDB,SP,Hotéis,"Hospedagem ,exceto Do Parlamentar No Distrito Federal.",1,Situação cadastral não ativa: BAIXADA,FOUND,BAIXADA,1,1,200.00,10014.789189,11435.329101648113,-0.8583,Fornecedor com CNPJ suspeito
436,230957,João Cury,MDB,SP,Publicidade,Divulgação Da Atividade Parlamentar.,0,Sem indício cadastral crítico,FOUND,ATIVA,27,62,396840.44,243741.226243,313657.1515008437,0.4881,Comportamento esperado
376,227324,Henrique Júnior,PL,MA,Outros,Manutenção De Escritório De Apoio À Atividade Parlamentar,0,Sem indício cadastral crítico,FOUND,ATIVA,2,5,38554.74,64195.130784,109861.24089764054,-0.2334,Comportamento esperado
300,204445,Fernando Mineiro,PT,RN,Combustível,Combustíveis E Lubrificantes.,1,Situação cadastral não ativa: BAIXADA,FOUND,BAIXADA,5,8,1911.27,51927.710333,76131.03428420173,-0.657,Fornecedor com CNPJ suspeito
304,220545,Filipe Martins,PL,TO,Outros,Manutenção De Escritório De Apoio À Atividade Parlamentar,0,Documento não consultado por não ser CNPJ,NOT_APPLICABLE,,1,37,252000.00,60332.404118,100110.53801139936,1.9146,Comportamento esperado
718,205865,Reinhold Stephanes,PL,PR,Locomoção,Locação Ou Fretamento De Veículos Automotores,0,Sem indício cadastral crítico,FOUND,ATIVA,2,30,215044.06,113439.957419,130977.93601797776,0.7757,Comportamento esperado
387,220563,Icaro De Valmir,REPUBLICANOS,SE,Combustível,Combustíveis E Lubrificantes.,1,Situação cadastral não ativa: BAIXADA,FOUND,BAIXADA,1,1,237.53,53493.520741,82556.56454059949,-0.6451,Fornecedor com CNPJ suspeito
122,164360,Carmen Zanotto,CIDADANIA,SC,Locomoção,Locação Ou Fretamento De Veículos Automotores,0,Sem indício cadastral crítico,FOUND,ATIVA,1,18,96066.66,154711.621212,151032.92349497412,-0.3883,Comportamento esperado
646,160642,Pastor Eurico,PL,PE,Hotéis,"Hospedagem ,exceto Do Parlamentar No Distrito Federal.",0,Sem indício cadastral crítico,FOUND,ATIVA,6,20,2790.00,17089.374528,23447.97906027458,-0.6098,Comportamento esperado
17,178836,Alan Rick,UNIÃO,AC,Hotéis,"Hospedagem ,exceto Do Parlamentar No Distrito Federal.",0,Sem indício cadastral crítico,FOUND,ATIVA,2,11,5512.50,11165.562105,15437.148423150342,-0.3662,Comportamento esperado
348,178996,Giovani Feltes,MDB,RS,Locomoção,Locação Ou Fretamento De Veículos Automotores,1,Situação cadastral não ativa: BAIXADA,FOUND,BAIXADA,1,10,19060.00,182736.733051,177547.8783363845,-0.9219,Fornecedor com CNPJ suspeito
866,182146,Wolmer Araújo,SOLIDARIEDADE,MA,Viagens,Passagem Aérea - Sigepa,,,,,0,17,21873.07,132207.227045,122458.5508602934,-0.901,Comportamento esperado
405,160570,Jerônimo Goergen,PP,RS,Outros,Serviços Postais,0,Sem indício cadastral crítico,FOUND,ATIVA,1,6,2665.25,862.238182,1333.8726370935917,1.3517,Comportamento esperado
387,220563,Icaro De Valmir,REPUBLICANOS,SE,Viagens,Passagem Aérea - Rpa,0,Sem indício cadastral crítico,FOUND,ATIVA,2,8,4726.84,13988.180000,15171.00483116322,-0.6105,Comportamento esperado
643,74319,Paes Landim,UNIÃO,PI,Serviços profissionais,"Consultorias, Pesquisas E Trabalhos Técnicos.",0,Sem indício cadastral crítico,FOUND,ATIVA,4,6,28500.00,59954.545455,42245.387053176906,-0.7446,Comportamento esperado
824,180018,Thiago Cartaxo,PODE,RN,Outros,"Serviço De Táxi, Pedágio E Estacionamento",0,Sem indício cadastral crítico,FOUND,ATIVA,2,2,45.00,8284.906667,15407.736715157096,-0.5348,Comportamento esperado
282,178953,Expedito Netto,PSD,RO,Combustível,Combustíveis E Lubrificantes.,1,Situação cadastral não ativa: BAIXADA,FOUND,BAIXADA,1,1,390.00,64922.175357,86632.41303886044,-0.7449,Fornecedor com CNPJ suspeito
789,77003,Sergio Santos Rodrigues,PODE,MG,Publicidade,Divulgação Da Atividade Parlamentar.,0,Sem indício cadastral crítico,FOUND,ATIVA,5,14,106485.69,194891.353020,276881.75990132586,-0.3193,Comportamento esperado
792,167614,Severino Ninho,PSB,PE,Outros,"Serviço De Táxi, Pedágio E Estacionamento",0,Sem indício cadastral crítico,FOUND,ATIVA,1,5,96.21,5084.056842,13620.11056577697,-0.3662,Comportamento esperado
175,204454,Daniel Silveira,PTB,RJ,Outros,Serviços Postais,0,Sem indício cadastral crítico,FOUND,ATIVA,1,1,35.10,243.509167,238.83926913525045,-0.8726,Comportamento esperado
810,204535,Sâmia Bomfim,PSOL,SP,Viagens,Passagem Aérea - Sigepa,,,,,0,396,562986.90,185430.171967,136227.76556134285,2.7715,Possível anomalia financeira
215,160758,Domingos Sávio,PL,MG,Publicidade,Divulgação Da Atividade Parlamentar.,0,Sem indício cadastral crítico,FOUND,ATIVA,32,355,533109.66,194891.353020,276881.75990132586,1.2215,Comportamento esperado
848,74283,Vicentinho,PT,SP,Alimentação,Fornecimento De Alimentação Do Parlamentar,0,Sem indício cadastral crítico,FOUND,ATIVA,26,116,7277.38,3366.001170,5609.697337170304,0.6973,Comportamento esperado
342,74270,Gilberto Nascimento,PSC,SP,Viagens,Passagem Aérea - Sigepa,,,,,0,101,150136.11,185430.171967,136227.76556134285,-0.2591,Comportamento esperado
124,204369,Caroline De Toni,PL,SC,Hotéis,"Hospedagem ,exceto Do Parlamentar No Distrito Federal.",0,Sem indício cadastral crítico,FOUND,ATIVA,75,258,66300.67,36695.958649,43528.74004922331,0.6801,Comportamento esperado
103,220548,Camila Jara,PT,MS,Outros,Manutenção De Escritório De Apoio À Atividade Parlamentar,1,Situação cadastral não ativa: BAIXADA,FOUND,BAIXADA,1,3,2599.25,74966.746667,80602.5088063342,-0.8978,Fornecedor com CNPJ suspeito
170,74060,Daniel Almeida,PCDOB,BA,Combustível,Combustíveis E Lubrificantes.,0,Sem indício cadastral crítico,FOUND,ATIVA,23,102,261077.55,76280.976842,110667.4963849575,1.6698,Comportamento esperado
230,204439,Dr. Leonardo,REPUBLICANOS,MT,Publicidade,Divulgação Da Atividade Parlamentar.,0,Sem indício cadastral crítico,FOUND,ATIVA,7,12,114302.52,167205.955714,207800.9242977291,-0.2546,Comportamento esperado
418,178857,Jorge Solla,PT,BA,Hotéis,"Hospedagem ,exceto Do Parlamentar No Distrito Federal.",0,Sem indício cadastral crítico,FOUND,ATIVA,55,133,33186.90,14559.116889,26542.375379101115,0.7018,Comportamento esperado
207,160588,Diego Andrade,PSD,MG,Comunicação,Telefonia,0,Sem indício cadastral crítico,FOUND,ATIVA,1,66,20756.96,15607.667083,19082.29985422686,0.2698,Comportamento esperado
310,191923,Flávio Nogueira,PT,PI,Combustível,Combustíveis E Lubrificantes.,1,Situação cadastral não ativa: SUSPENSA,FOUND,SUSPENSA,1,1,149.99,73929.545357,101552.42380940972,-0.7265,Fornecedor com CNPJ suspeito
462,162067,Kiko Celeguim,PT,SP,Publicidade,Divulgação Da Atividade Parlamentar.,0,Sem indício cadastral crítico,FOUND,ATIVA,12,78,268285.40,243741.226243,313657.1515008437,0.0783,Comportamento esperado
279,204482,Euclydes Pettersen,REPUBLICANOS,MG,Viagens,Passagem Aérea - Sigepa,,,,,0,151,201271.01,195216.599630,167832.49260588933,0.0361,Comportamento esperado
616,220703,Neto Carletto,AVANTE,BA,Publicidade,Divulgação Da Atividade Parlamentar.,0,Sem indício cadastral crítico,FOUND,ATIVA,12,122,992298.24,317318.910361,328157.1355142384,2.0569,Possível anomalia financeira
6,221328,Adilson Barroso,PL,SP,Alimentação,Fornecimento De Alimentação Do Parlamentar,0,Sem indício cadastral crítico,FOUND,ATIVA,106,196,14448.83,3366.001170,5609.697337170304,1.9757,Comportamento esperado
640,204573,Otto Alencar Filho,PSD,BA,Publicidade,Divulgação Da Atividade Parlamentar.,1,Situação cadastral não ativa: BAIXADA,FOUND,BAIXADA,1,35,361064.50,317318.910361,328157.1355142384,0.1333,Fornecedor com CNPJ suspeito
607,178858,Mário Negromonte Jr.,PP,BA,Publicidade,Divulgação Da Atividade Parlamentar.,1,Situação cadastral não ativa: BAIXADA,FOUND,BAIXADA,2,13,199124.56,317318.910361,328157.1355142384,-0.3602,Fornecedor com CNPJ suspeito
746,204530,Rodrigo Agostinho,PSB,SP,Outros,Manutenção De Escritório De Apoio À Atividade Parlamentar,0,Sem indício cadastral crítico,FOUND,ATIVA,4,13,1445.39,98538.487659,143509.98800071477,-0.6766,Comportamento esperado
452,204574,Junior Lourenço,PL,MA,Viagens,Passagem Aérea - Sigepa,,,,,0,106,160564.90,132207.227045,122458.5508602934,0.2316,Comportamento esperado
130,204504,Cezinha De Madureira,PSD,SP,Serviços profissionais,"Consultorias, Pesquisas E Trabalhos Técnicos.",0,Sem indício cadastral crítico,FOUND,ATIVA,1,7,54500.00,42478.291429,47664.49520078613,0.2522,Comportamento esperado
436,230957,João Cury,MDB,SP,Outros,Manutenção De Escritório De Apoio À Atividade Parlamentar,0,Sem indício cadastral crítico,FOUND,ATIVA,12,89,73498.58,98538.487659,143509.98800071477,-0.1745,Comportamento esperado
468,160534,Lauriete,PSC,ES,Locomoção,Locação Ou Fretamento De Veículos Automotores,0,Sem indício cadastral crítico,FOUND,ATIVA,1,26,87926.00,171214.090476,129265.73835992759,-0.6443,Comportamento esperado
287,204368,Fabio Schiochet,UNIÃO,SC,Viagens,Passagem Aérea - Rpa,0,Sem indício cadastral crítico,FOUND,ATIVA,1,8,2980.79,12083.098000,25544.630338693623,-0.3563,Comportamento esperado
618,229939,Newton Bonin,UNIÃO,PR,Combustível,Combustíveis E Lubrificantes.,0,Sem indício cadastral crítico,FOUND,ATIVA,32,39,10267.00,57944.345500,82353.4495793919,-0.5789,Comportamento esperado
678,178912,Pedro Cunha Lima,PSDB,PB,Publicidade,Divulgação Da Atividade Parlamentar.,0,Sem indício cadastral crítico,FOUND,ATIVA,4,6,26500.00,324815.111538,407718.48875224456,-0.7317,Comportamento esperado
630,204498,Olival Marques,PODE,PA,Viagens,Passagem Aérea - Rpa,0,Sem indício cadastral crítico,FOUND,ATIVA,3,26,26770.08,40638.794706,54559.71826891466,-0.2542,Comportamento esperado
459,204550,Júnior Mano,PL,CE,Publicidade,Divulgação Da Atividade Parlamentar.,0,Sem indício cadastral crítico,FOUND,ATIVA,4,15,119367.42,263931.285395,366906.3702021798,-0.394,Comportamento esperado
678,178912,Pedro Cunha Lima,PSDB,PB,Publicidade,Divulgação Da Atividade Parlamentar.,1,Situação cadastral não ativa: BAIXADA,FOUND,BAIXADA,1,3,18000.00,324815.111538,407718.48875224456,-0.7525,Fornecedor com CNPJ suspeito
234,220528,Dr. Victor Linhalis,PODE,ES,Combustível,Combustíveis E Lubrificantes.,1,Situação cadastral não ativa: INAPTA,FOUND,INAPTA,1,1,211.69,49148.417879,67749.62213949014,-0.7223,Fornecedor com CNPJ suspeito
119,74262,Carlos Sampaio,PSD,SP,Locomoção,Locação Ou Fretamento De Veículos Automotores,0,Sem indício cadastral crítico,FOUND,ATIVA,1,12,46326.59,147254.510948,139673.23431152088,-0.7226,Comportamento esperado
235,204412,Dr. Zacharias Calil,MDB,GO,Combustível,Combustíveis E Lubrificantes.,0,Sem indício cadastral crítico,FOUND,ATIVA,53,446,92459.43,65044.277593,95738.05404592726,0.2864,Comportamento esperado
401,74848,Jandira Feghali,PCDOB,RJ,Viagens,Passagem Aérea - Sigepa,,,,,0,358,361994.82,213577.740357,175550.75566941444,0.8454,Comportamento esperado
251,92346,Eduardo Bolsonaro,PL,SP,Outros,"Serviço De Táxi, Pedágio E Estacionamento",0,Sem indício cadastral crítico,FOUND,ATIVA,21,168,1734.80,11967.060840,16796.655097373645,-0.6092,Comportamento esperado
583,74428,Mendonça Filho,PL,PE,Outros,Manutenção De Escritório De Apoio À Atividade Parlamentar,0,Sem indício cadastral crítico,FOUND,ATIVA,6,113,420564.24,90785.734524,140277.34198893898,2.3509,Possível anomalia financeira
152,220590,Coronel Ulysses,UNIÃO,AC,Combustível,Combustíveis E Lubrificantes.,0,Sem indício cadastral crítico,FOUND,ATIVA,18,124,262243.92,74559.202308,89345.09325877228,2.1007,Possível anomalia financeira
210,73768,Dilceu Sperafico,PP,PR,Publicidade,Divulgação Da Atividade Parlamentar.,0,Sem indício cadastral crítico,FOUND,ATIVA,46,542,1058452.23,263664.052022,329972.5348930845,2.4086,Possível anomalia financeira
214,143632,Domingos Neto,PSD,CE,Locomoção,Locação Ou Fretamento De Veículos Automotores,0,Sem indício cadastral crítico,FOUND,ATIVA,3,44,410578.74,139651.247778,143531.8586124825,1.8876,Comportamento esperado
269,198783,Emanuel Pinheiro Neto,PSD,MT,Comunicação,Telefonia,0,Sem indício cadastral crítico,FOUND,ATIVA,3,38,4861.38,6682.953571,8863.976852355925,-0.2055,Comportamento esperado
428,204472,José Medeiros,PL,MT,Viagens,Passagem Aérea - Reembolso,0,Sem indício cadastral crítico,FOUND,ATIVA,5,118,311931.40,36104.208462,85065.80718840551,3.2425,Anomalia financeira extrema
867,74439,Wolney Queiroz,PDT,PE,Outros,Manutenção De Escritório De Apoio À Atividade Parlamentar,0,Sem indício cadastral crítico,FOUND,ATIVA,2,16,46468.80,90785.734524,140277.34198893898,-0.3159,Comportamento esperado
613,220622,Nely Aquino,PODE,MG,Alimentação,Fornecimento De Alimentação Do Parlamentar,0,Sem indício cadastral crítico,FOUND,ATIVA,5,17,1654.85,3421.773553,6721.942950865462,-0.2629,Comportamento esperado
61,220544,Antonio Andrade,PSDB,TO,Viagens,Passagem Aérea - Sigepa,,,,,0,29,28723.55,76378.544118,54414.42672468753,-0.8758,Comportamento esperado
459,204550,Júnior Mano,PL,CE,Locomoção,Locação Ou Fretamento De Aeronaves,0,Sem indício cadastral crítico,FOUND,ATIVA,1,1,14283.90,46678.600000,38881.59920573464,-0.8332,Comportamento esperado
413,160548,Jonas Donizette,PSB,SP,Viagens,Passagem Aérea - Rpa,0,Sem indício cadastral crítico,FOUND,ATIVA,1,116,129846.55,24943.515352,36157.13967829913,2.9013,Possível anomalia financeira
190,204451,Delegado Antônio Furtado,UNIÃO,RJ,Outros,Manutenção De Escritório De Apoio À Atividade Parlamentar,0,Sem indício cadastral crítico,FOUND,ATIVA,8,51,65283.52,80988.593819,134414.71100556676,-0.1168,Comportamento esperado
152,220590,Coronel Ulysses,UNIÃO,AC,Publicidade,Divulgação Da Atividade Parlamentar.,1,Situação cadastral não ativa: BAIXADA,FOUND,BAIXADA,3,32,108583.00,295132.464706,394989.3569390969,-0.4723,Fornecedor com CNPJ suspeito
68,73433,Arlindo Chinaglia,PT,SP,Hotéis,"Hospedagem ,exceto Do Parlamentar No Distrito Federal.",1,Erro na consulta pública de CNPJ,ERROR,,1,8,4223.44,10014.789189,11435.329101648113,-0.5064,Fornecedor com CNPJ suspeito
476,74156,Leonardo Monteiro,PT,MG,Outros,Manutenção De Escritório De Apoio À Atividade Parlamentar,0,Documento não consultado por não ser CNPJ,NOT_APPLICABLE,,1,51,297830.00,123562.947566,162703.54342443834,1.0711,Comportamento esperado
311,220551,Franciane Bayer,REPUBLICANOS,RS,Locomoção,Locação Ou Fretamento De Veículos Automotores,0,Sem indício cadastral crítico,FOUND,ATIVA,5,71,295318.80,182736.733051,177547.8783363845,0.6341,Comportamento esperado
541,204558,Marcelo Nilo,REPUBLICANOS,BA,Comunicação,Telefonia,0,Sem indício cadastral crítico,FOUND,ATIVA,3,13,3746.68,23153.030698,23468.568952979214,-0.8269,Comportamento esperado
164,220555,Daiana Santos,PCDOB,RS,Publicidade,Assinatura De Publicações,0,Sem indício cadastral crítico,FOUND,ATIVA,3,46,3277.01,4387.790000,5356.19612339018,-0.2074,Comportamento esperado
504,204410,Luisa Canziani,UNIÃO,PR,Outros,"Serviço De Táxi, Pedágio E Estacionamento",0,Sem indício cadastral crítico,FOUND,ATIVA,3,23,316.88,5713.999474,13397.131596894355,-0.4029,Comportamento esperado
221,213854,Dr. Agripino Magalhães,UNIÃO,CE,Combustível,Combustíveis E Lubrificantes.,0,Sem indício cadastral crítico,FOUND,ATIVA,33,67,17528.05,41977.960833,76764.60304100714,-0.3185,Comportamento esperado
687,204406,Pedro Westphalen,PP,RS,Publicidade,Divulgação Da Atividade Parlamentar.,1,Situação cadastral não ativa: BAIXADA,FOUND,BAIXADA,3,10,5430.00,215724.063125,265101.600265673,-0.7933,Fornecedor com CNPJ suspeito
746,204530,Rodrigo Agostinho,PSB,SP,Viagens,Passagem Aérea - Sigepa,,,,,0,44,73859.88,185430.171967,136227.76556134285,-0.819,Comportamento esperado
150,204514,Coronel Tadeu,PL,SP,Combustível,Combustíveis E Lubrificantes.,1,Situação cadastral não ativa: INAPTA,FOUND,INAPTA,3,19,2880.27,42192.750821,64034.19773844777,-0.6139,Fornecedor com CNPJ suspeito
273,132504,Enio Verri,PT,PR,Comunicação,Telefonia,0,Sem indício cadastral crítico,FOUND,ATIVA,2,5,1465.93,10984.091277,13121.60062975809,-0.7254,Comportamento esperado
216,220573,Dorinaldo Malafaia,PDT,AP,Publicidade,Divulgação Da Atividade Parlamentar.,0,Sem indício cadastral crítico,FOUND,ATIVA,3,49,1306659.31,282209.245429,388109.6753004129,2.6396,Possível anomalia financeira
442,204474,Juarez Costa,REPUBLICANOS,MT,Outros,Manutenção De Escritório De Apoio À Atividade Parlamentar,0,Documento não consultado por não ser CNPJ,NOT_APPLICABLE,,2,17,62870.97,55063.669706,75019.05976556618,0.1041,Comportamento esperado
692,73486,Pompeo De Mattos,PDT,RS,Outros,Serviços Postais,0,Sem indício cadastral crítico,FOUND,ATIVA,1,1,119.70,862.238182,1333.8726370935917,-0.5567,Comportamento esperado
737,178920,Ricardo Teobaldo,PODE,PE,Publicidade,Divulgação Da Atividade Parlamentar.,0,Sem indício cadastral crítico,FOUND,ATIVA,2,3,150180.00,241972.708182,301628.5621101344,-0.3043,Comportamento esperado
208,220691,Diego Coronel,REPUBLICANOS,BA,Combustível,Combustíveis E Lubrificantes.,0,Sem indício cadastral crítico,FOUND,ATIVA,205,897,235025.02,76280.976842,110667.4963849575,1.4344,Comportamento esperado
223,220614,Dr. Daniel Soranz,PSD,RJ,Publicidade,Divulgação Da Atividade Parlamentar.,0,Sem indício cadastral crítico,FOUND,ATIVA,7,13,186486.13,226781.355120,259582.44863584734,-0.1552,Comportamento esperado
439,141459,João Maia,PP,RN,Combustível,Combustíveis E Lubrificantes.,0,Sem indício cadastral crítico,FOUND,ATIVA,45,415,146741.39,51927.710333,76131.03428420173,1.2454,Comportamento esperado
561,204540,Maria Rosas,REPUBLICANOS,SP,Publicidade,Divulgação Da Atividade Parlamentar.,0,Sem indício cadastral crítico,FOUND,ATIVA,6,81,531700.00,243741.226243,313657.1515008437,0.9181,Comportamento esperado
666,220685,Paulo Litro,UNIÃO,PR,Outros,Manutenção De Escritório De Apoio À Atividade Parlamentar,0,Sem indício cadastral crítico,FOUND,ATIVA,8,135,61064.11,86193.122500,116860.66498214444,-0.215,Comportamento esperado
350,152605,Glauber Braga,PSOL,RJ,Publicidade,Divulgação Da Atividade Parlamentar.,0,Sem indício cadastral crítico,FOUND,ATIVA,16,152,459354.29,226781.355120,259582.44863584734,0.896,Comportamento esperado
231,204351,Dr. Luiz Ovando,PP,MS,Locomoção,Locação Ou Fretamento De Veículos Automotores,0,Sem indício cadastral crítico,FOUND,ATIVA,1,97,528202.62,208841.042857,176263.8077260953,1.8118,Comportamento esperado
690,204524,Pinheirinho,PP,MG,Hotéis,"Hospedagem ,exceto Do Parlamentar No Distrito Federal.",0,Sem indício cadastral crítico,FOUND,ATIVA,15,40,14302.24,17018.453084,26330.369533202334,-0.1032,Comportamento esperado
56,204423,André Ferreira,PL,PE,Alimentação,Fornecimento De Alimentação Do Parlamentar,0,Sem indício cadastral crítico,FOUND,ATIVA,18,37,5115.29,3487.092941,8073.709935566787,0.2017,Comportamento esperado
153,178963,Covatti Filho,PP,RS,Hotéis,"Hospedagem ,exceto Do Parlamentar No Distrito Federal.",0,Sem indício cadastral crítico,FOUND,ATIVA,13,19,5967.00,21826.986437,35658.661568585754,-0.4448,Comportamento esperado
451,204520,Junio Amaral,PL,MG,Viagens,Passagem Aérea - Sigepa,,,,,0,448,255313.61,195216.599630,167832.49260588933,0.3581,Comportamento esperado
610,218879,Nelho Bezerra,UNIÃO,CE,Viagens,Passagem Aérea - Sigepa,,,,,0,31,60392.85,190828.457826,170630.5409255439,-0.7644,Comportamento esperado
478,92102,Leur Lomanto Júnior,UNIÃO,BA,Locomoção,Locação Ou Fretamento De Aeronaves,0,Sem indício cadastral crítico,FOUND,ATIVA,1,4,71500.00,81359.287500,83475.1578545966,-0.1181,Comportamento esperado
92,204561,Bira Do Pindaré,PSB,MA,Combustível,Combustíveis E Lubrificantes.,1,Situação cadastral não ativa: BAIXADA,FOUND,BAIXADA,4,13,3154.77,34895.172615,52384.05405357016,-0.6059,Fornecedor com CNPJ suspeito
74,220577,Augusto Puppio,MDB,AP,Combustível,Combustíveis E Lubrificantes.,1,Situação cadastral não ativa: BAIXADA,FOUND,BAIXADA,3,5,1040.83,24571.047667,39205.554475113444,-0.6002,Fornecedor com CNPJ suspeito
364,220568,Gustavo Gayer,PL,GO,Comunicação,Telefonia,0,Sem indício cadastral crítico,FOUND,ATIVA,3,43,11078.94,16840.076000,26049.85234640615,-0.2212,Comportamento esperado
350,152605,Glauber Braga,PSOL,RJ,Outros,Serviços Postais,0,Sem indício cadastral crítico,FOUND,ATIVA,1,10,676.80,243.509167,238.83926913525045,1.8142,Comportamento esperado
654,141518,Paulinho Da Força,SOLIDARIEDADE,SP,Viagens,Passagem Aérea - Rpa,0,Sem indício cadastral crítico,FOUND,ATIVA,3,52,54874.64,24943.515352,36157.13967829913,0.8278,Comportamento esperado
36,74057,Alice Portugal,PCDOB,BA,Alimentação,Fornecimento De Alimentação Do Parlamentar,0,Sem indício cadastral crítico,FOUND,ATIVA,1,3,238.12,5334.958511,10548.888785765435,-0.4832,Comportamento esperado
690,204524,Pinheirinho,PP,MG,Outros,"Serviço De Táxi, Pedágio E Estacionamento",1,Situação cadastral não ativa: INAPTA,FOUND,INAPTA,1,3,64.00,5572.245385,10370.293242628488,-0.5312,Fornecedor com CNPJ suspeito
218,204450,Doutor Luizinho,PP,RJ,Publicidade,Assinatura De Publicações,0,Sem indício cadastral crítico,FOUND,ATIVA,1,33,5646.70,4317.763846,4399.037924691675,0.3021,Comportamento esperado
635,73692,Osmar Terra,PL,RS,Alimentação,Fornecimento De Alimentação Do Parlamentar,1,Situação cadastral não ativa: BAIXADA,FOUND,BAIXADA,3,5,376.43,7368.085075,13657.337051272762,-0.5119,Fornecedor com CNPJ suspeito
455,74317,Júlio Cesar,PSD,PI,Publicidade,Assinatura De Publicações,0,Sem indício cadastral crítico,FOUND,ATIVA,2,3,1872.00,1872.000000,,,Comportamento esperado
748,230767,Rodrigo Da Zaeli,PL,MT,Outros,Manutenção De Escritório De Apoio À Atividade Parlamentar,0,Sem indício cadastral crítico,FOUND,ATIVA,4,28,25396.40,55063.669706,75019.05976556618,-0.3955,Comportamento esperado
661,160517,Paulo Folletto,PSB,ES,Serviços profissionais,"Consultorias, Pesquisas E Trabalhos Técnicos.",0,Sem indício cadastral crítico,FOUND,ATIVA,2,8,108000.00,58062.500000,47700.19279685506,1.0469,Comportamento esperado
647,204570,Pastor Gil,PL,MA,Combustível,Combustíveis E Lubrificantes.,1,Situação cadastral não ativa: BAIXADA,FOUND,BAIXADA,5,6,2335.21,34895.172615,52384.05405357016,-0.6216,Fornecedor com CNPJ suspeito
646,160642,Pastor Eurico,PSDB,PE,Combustível,Combustíveis E Lubrificantes.,1,CNPJ não encontrado na API pública,NOT_FOUND,,1,1,100.00,53506.291935,82942.380015203,-0.6439,Fornecedor com CNPJ suspeito
203,220705,Deltan Dallagnol,PODE,PR,Combustível,Combustíveis E Lubrificantes.,0,Sem indício cadastral crítico,FOUND,ATIVA,3,6,1200.00,57944.345500,82353.4495793919,-0.689,Comportamento esperado
142,141408,Cleber Verde,MDB,MA,Outros,Manutenção De Escritório De Apoio À Atividade Parlamentar,0,Documento não consultado por não ser CNPJ,NOT_APPLICABLE,,1,39,156000.00,64195.130784,109861.24089764054,0.8356,Comportamento esperado
875,178889,Zé Carlos,PT,MA,Combustível,Combustíveis E Lubrificantes.,1,Situação cadastral não ativa: BAIXADA,FOUND,BAIXADA,4,16,4565.09,34895.172615,52384.05405357016,-0.579,Fornecedor com CNPJ suspeito
800,204425,Silvio Costa Filho,REPUBLICANOS,PE,Serviços profissionais,"Consultorias, Pesquisas E Trabalhos Técnicos.",0,Sem indício cadastral crítico,FOUND,ATIVA,1,3,28500.00,33394.939474,25891.938420366478,-0.1891,Comportamento esperado
272,230765,Enfermeira Rejane,PCDOB,RJ,Outros,Manutenção De Escritório De Apoio À Atividade Parlamentar,0,Documento não consultado por não ser CNPJ,NOT_APPLICABLE,,1,10,50235.71,80988.593819,134414.71100556676,-0.2288,Comportamento esperado
499,178954,Lucio Mosquini,PL,RO,Locomoção,Locação Ou Fretamento De Veículos Automotores,0,Sem indício cadastral crítico,FOUND,ATIVA,5,50,492376.00,233590.273571,213347.19250523738,1.213,Comportamento esperado
254,141421,Eduardo Da Fonte,PP,PE,Viagens,Passagem Aérea - Sigepa,,,,,0,406,325755.98,221741.150682,163177.94412569836,0.6374,Comportamento esperado
884,204509,Áurea Carolina,PSOL,MG,Outros,"Serviço De Táxi, Pedágio E Estacionamento",0,Sem indício cadastral crítico,FOUND,ATIVA,9,187,5493.66,5572.245385,10370.293242628488,-0.0076,Comportamento esperado
517,204526,Luiz Philippe De Orleans E Bragança,PL,SP,Publicidade,Divulgação Da Atividade Parlamentar.,0,Sem indício cadastral crítico,FOUND,ATIVA,17,186,830214.98,243741.226243,313657.1515008437,1.8698,Comportamento esperado
776,160635,Ruy Carneiro,PSC,PB,Publicidade,Divulgação Da Atividade Parlamentar.,0,Sem indício cadastral crítico,FOUND,ATIVA,31,125,210985.65,324815.111538,407718.48875224456,-0.2792,Comportamento esperado
814,204534,Tabata Amaral,PSB,SP,Outros,"Serviço De Táxi, Pedágio E Estacionamento",1,Situação cadastral não ativa: BAIXADA,FOUND,BAIXADA,4,25,2569.15,11967.060840,16796.655097373645,-0.5595,Fornecedor com CNPJ suspeito
165,220692,Dal Barreto,UNIÃO,BA,Alimentação,Fornecimento De Alimentação Do Parlamentar,0,Sem indício cadastral crítico,FOUND,ATIVA,5,5,677.92,5334.958511,10548.888785765435,-0.4415,Comportamento esperado
564,204432,Marina Santos,REPUBLICANOS,PI,Publicidade,Divulgação Da Atividade Parlamentar.,0,Sem indício cadastral crítico,FOUND,ATIVA,4,17,108983.88,255170.175556,326071.87108703476,-0.4483,Comportamento esperado
262,204389,Elias Vaz,PSB,GO,Comunicação,Telefonia,0,Sem indício cadastral crítico,FOUND,ATIVA,1,13,4061.57,16840.076000,26049.85234640615,-0.4905,Comportamento esperado
295,227370,Felipe Saliba,PRD,MG,Outros,Manutenção De Escritório De Apoio À Atividade Parlamentar,0,Sem indício cadastral crítico,FOUND,ATIVA,6,11,30691.77,123562.947566,162703.54342443834,-0.5708,Comportamento esperado
674,220630,Pedro Aihara,PP,MG,Comunicação,Telefonia,0,Sem indício cadastral crítico,FOUND,ATIVA,1,28,9204.32,15607.667083,19082.29985422686,-0.3356,Comportamento esperado
504,204410,Luisa Canziani,PSD,PR,Viagens,Passagem Aérea - Rpa,0,Sem indício cadastral crítico,FOUND,ATIVA,1,3,1651.09,26722.504474,58025.433845182,-0.4321,Comportamento esperado
212,160599,Dimas Fabiano,PP,MG,Hotéis,"Hospedagem ,exceto Do Parlamentar No Distrito Federal.",1,Situação cadastral não ativa: BAIXADA,FOUND,BAIXADA,2,4,550.00,17018.453084,26330.369533202334,-0.6255,Fornecedor com CNPJ suspeito
865,74044,Wilson Santiago,REPUBLICANOS,PB,Comunicação,Telefonia,0,Sem indício cadastral crítico,FOUND,ATIVA,2,17,1717.86,7288.602667,11193.533001502294,-0.4977,Comportamento esperado
808,92776,Stefano Aguiar,PSD,MG,Outros,"Serviço De Táxi, Pedágio E Estacionamento",0,Documento não consultado por não ser CNPJ,NOT_APPLICABLE,,3,3,139.00,5572.245385,10370.293242628488,-0.5239,Comportamento esperado
388,204533,Idilvan Alencar,PSB,CE,Comunicação,Telefonia,0,Sem indício cadastral crítico,FOUND,ATIVA,4,39,8549.84,11707.711071,16858.211643996754,-0.1873,Comportamento esperado
163,141411,Dagoberto Nogueira,PSDB,MS,Serviços profissionais,"Consultorias, Pesquisas E Trabalhos Técnicos.",0,Sem indício cadastral crítico,FOUND,ATIVA,2,20,176500.00,117975.000000,69066.65259008866,0.8474,Comportamento esperado
808,92776,Stefano Aguiar,PSD,MG,Viagens,Passagem Aérea - Reembolso,1,Erro na consulta pública de CNPJ,ERROR,,1,1,9268.99,7020.191961,10297.188894597206,0.2184,Fornecedor com CNPJ suspeito
530,179587,Major Vitor Hugo,PL,GO,Outros,"Passagens Terrestres, Marítimas Ou Fluviais",0,Sem indício cadastral crítico,FOUND,ATIVA,1,1,79.99,449.695000,701.2740362155153,-0.5272,Comportamento esperado
560,74398,Maria Do Rosário,PT,RS,Outros,"Serviço De Táxi, Pedágio E Estacionamento",1,Situação cadastral não ativa: BAIXADA,FOUND,BAIXADA,2,10,182.96,10192.084923,16137.89190584743,-0.6202,Fornecedor com CNPJ suspeito
697,204390,Professor Alcides,PL,GO,Combustível,Combustíveis E Lubrificantes.,0,Sem indício cadastral crítico,FOUND,ATIVA,1,47,69942.42,65044.277593,95738.05404592726,0.0512,Comportamento esperado
64,123756,Antônia Lúcia,MDB,AC,Combustível,Combustíveis E Lubrificantes.,0,Sem indício cadastral crítico,FOUND,ATIVA,7,35,12339.35,74559.202308,89345.09325877228,-0.6964,Comportamento esperado
441,204576,João Roma,PL,BA,Publicidade,Divulgação Da Atividade Parlamentar.,0,Sem indício cadastral crítico,FOUND,ATIVA,3,7,37500.00,317318.910361,328157.1355142384,-0.8527,Comportamento esperado
272,230765,Enfermeira Rejane,PCDOB,RJ,Publicidade,Divulgação Da Atividade Parlamentar.,0,Sem indício cadastral crítico,FOUND,ATIVA,10,22,190960.01,226781.355120,259582.44863584734,-0.138,Comportamento esperado
640,204573,Otto Alencar Filho,PSD,BA,Publicidade,Assinatura De Publicações,0,Sem indício cadastral crítico,FOUND,ATIVA,1,2,1090.68,1162.932500,522.4619816072744,-0.1383,Comportamento esperado
333,204527,Geninho Zuliani,UNIÃO,SP,Comunicação,Telefonia,0,Sem indício cadastral crítico,FOUND,ATIVA,3,30,9690.30,19889.940211,25751.500071775903,-0.3961,Comportamento esperado
790,178933,Sergio Souza,MDB,PR,Publicidade,Assinatura De Publicações,0,Sem indício cadastral crítico,FOUND,ATIVA,1,26,1821.30,799.995625,610.7018274408415,1.6723,Comportamento esperado
42,178881,Aluisio Mendes,REPUBLICANOS,MA,Outros,Manutenção De Escritório De Apoio À Atividade Parlamentar,0,Sem indício cadastral crítico,FOUND,ATIVA,13,336,285706.07,64195.130784,109861.24089764054,2.0163,Possível anomalia financeira
44,220707,Amanda Gentil,PP,MA,Viagens,Passagem Aérea - Sigepa,,,,,0,88,99966.65,132207.227045,122458.5508602934,-0.2633,Comportamento esperado
11,160508,Afonso Florence,PT,BA,Hotéis,"Hospedagem ,exceto Do Parlamentar No Distrito Federal.",0,Sem indício cadastral crítico,FOUND,ATIVA,7,17,3623.50,14559.116889,26542.375379101115,-0.412,Comportamento esperado
619,178896,Newton Cardoso Jr,MDB,MG,Publicidade,Divulgação Da Atividade Parlamentar.,0,Sem indício cadastral crítico,FOUND,ATIVA,31,108,650279.75,194891.353020,276881.75990132586,1.6447,Comportamento esperado
43,204545,Alê Silva,REPUBLICANOS,MG,Outros,"Passagens Terrestres, Marítimas Ou Fluviais",0,Sem indício cadastral crítico,FOUND,ATIVA,1,1,88.60,3858.240000,6358.142634643256,-0.5929,Comportamento esperado
709,220532,Rafael Prudente,MDB,DF,Combustível,Combustíveis E Lubrificantes.,0,Sem indício cadastral crítico,FOUND,ATIVA,74,318,61348.39,33372.670769,51515.7382887601,0.5431,Comportamento esperado
473,178825,Leo De Brito,PT,AC,Combustível,Combustíveis E Lubrificantes.,0,Sem indício cadastral crítico,FOUND,ATIVA,9,164,56589.74,74559.202308,89345.09325877228,-0.2011,Comportamento esperado
315,220534,Fred Linhares,REPUBLICANOS,DF,Publicidade,Divulgação Da Atividade Parlamentar.,0,Sem indício cadastral crítico,FOUND,ATIVA,5,66,827771.48,274983.723704,375023.4293293225,1.474,Comportamento esperado
852,141555,Vinicius Carvalho,REPUBLICANOS,SP,Outros,"Serviço De Táxi, Pedágio E Estacionamento",0,Sem indício cadastral crítico,FOUND,ATIVA,1,8,10963.18,11967.060840,16796.655097373645,-0.0598,Comportamento esperado
176,204409,Daniel Trzeciak,PSDB,RS,Publicidade,Divulgação Da Atividade Parlamentar.,0,Sem indício cadastral crítico,FOUND,ATIVA,21,65,125043.79,215724.063125,265101.600265673,-0.3421,Comportamento esperado
813,178947,Sóstenes Cavalcante,PL,RJ,Publicidade,Divulgação Da Atividade Parlamentar.,1,Situação cadastral não ativa: BAIXADA,FOUND,BAIXADA,2,15,99746.00,226781.355120,259582.44863584734,-0.4894,Fornecedor com CNPJ suspeito
520,204418,Luizão Goulart,SOLIDARIEDADE,PR,Outros,Manutenção De Escritório De Apoio À Atividade Parlamentar,0,Sem indício cadastral crítico,FOUND,ATIVA,9,85,38409.28,86193.122500,116860.66498214444,-0.4089,Comportamento esperado
353,229333,Gláucia Santiago,PL,MG,Alimentação,Fornecimento De Alimentação Do Parlamentar,0,Sem indício cadastral crítico,FOUND,ATIVA,13,20,1600.62,3421.773553,6721.942950865462,-0.2709,Comportamento esperado
874,230768,Zé Adriano,PP,AC,Hotéis,"Hospedagem ,exceto Do Parlamentar No Distrito Federal.",0,Sem indício cadastral crítico,FOUND,ATIVA,2,3,6642.21,11165.562105,15437.148423150342,-0.293,Comportamento esperado
641,220706,Padovani,PP,PR,Locomoção,Locação Ou Fretamento De Veículos Automotores,0,Sem indício cadastral crítico,FOUND,ATIVA,1,35,389639.14,113439.957419,130977.93601797776,2.1087,Possível anomalia financeira
437,178970,João Daniel,PT,SE,Serviços profissionais,"Consultorias, Pesquisas E Trabalhos Técnicos.",1,Situação cadastral não ativa: INAPTA,FOUND,INAPTA,1,2,1320.00,82649.800000,100296.5049865647,-0.8109,Fornecedor com CNPJ suspeito
468,160534,Lauriete,PSC,ES,Publicidade,Divulgação Da Atividade Parlamentar.,0,Sem indício cadastral crítico,FOUND,ATIVA,2,12,94996.20,254942.876552,301625.34822291706,-0.5303,Comportamento esperado
237,230088,Dra. Mayra Pinheiro,PL,CE,Publicidade,Divulgação Da Atividade Parlamentar.,0,Sem indício cadastral crítico,FOUND,ATIVA,6,9,47920.00,263931.285395,366906.3702021798,-0.5887,Comportamento esperado
802,220651,Simone Marquetto,PP,SP,Publicidade,Divulgação Da Atividade Parlamentar.,1,Situação cadastral não ativa: BAIXADA,FOUND,BAIXADA,3,9,60034.00,243741.226243,313657.1515008437,-0.5857,Fornecedor com CNPJ suspeito
856,178992,Vitor Lippi,PSDB,SP,Combustível,Combustíveis E Lubrificantes.,1,CNPJ não encontrado na API pública,NOT_FOUND,,1,2,200.00,42192.750821,64034.19773844777,-0.6558,Fornecedor com CNPJ suspeito
440,112437,João Marcelo Souza,MDB,MA,Viagens,Passagem Aérea - Sigepa,,,,,0,38,43722.41,132207.227045,122458.5508602934,-0.7226,Comportamento esperado
633,204363,Osires Damaso,PSC,TO,Locomoção,Locação Ou Fretamento De Veículos Automotores,0,Sem indício cadastral crítico,FOUND,ATIVA,1,2,6000.00,117209.676500,159137.4356385456,-0.6988,Comportamento esperado
612,204449,Nelson Barbudo,PODE,MT,Outros,Manutenção De Escritório De Apoio À Atividade Parlamentar,1,Situação cadastral não ativa: BAIXADA,FOUND,BAIXADA,1,1,170.00,55063.669706,75019.05976556618,-0.7317,Fornecedor com CNPJ suspeito
112,213762,Carla Dickson,UNIÃO,RN,Serviços profissionais,"Consultorias, Pesquisas E Trabalhos Técnicos.",0,Sem indício cadastral crítico,FOUND,ATIVA,4,20,157544.00,75620.571429,70092.2679683885,1.1688,Comportamento esperado
863,74043,Wellington Roberto,PL,PB,Alimentação,Fornecimento De Alimentação Do Parlamentar,0,Sem indício cadastral crítico,FOUND,ATIVA,1,1,10.00,1884.650000,4639.955468391323,-0.404,Comportamento esperado
879,220558,Zé Trovão,PL,SC,Viagens,Passagem Aérea - Sigepa,,,,,0,179,140322.13,213397.721034,170101.01243018164,-0.4296,Comportamento esperado
176,204409,Daniel Trzeciak,PSDB,RS,Locomoção,Locação Ou Fretamento De Veículos Automotores,0,Sem indício cadastral crítico,FOUND,ATIVA,8,106,433321.03,182736.733051,177547.8783363845,1.4114,Comportamento esperado
232,228616,Dr. Remy Soares,PP,MA,Locomoção,Locação Ou Fretamento De Veículos Automotores,0,Sem indício cadastral crítico,FOUND,ATIVA,2,7,41150.00,122090.952683,112418.39663710551,-0.72,Comportamento esperado
7,204560,Adolfo Viana,PSDB,BA,Locomoção,Locação Ou Fretamento De Veículos Automotores,0,Sem indício cadastral crítico,FOUND,ATIVA,3,51,565213.00,292409.611930,213979.496522466,1.2749,Comportamento esperado
479,74299,Leônidas Cristino,PDT,CE,Publicidade,Divulgação Da Atividade Parlamentar.,1,Situação cadastral não ativa: INAPTA,FOUND,INAPTA,1,5,35000.00,263931.285395,366906.3702021798,-0.624,Fornecedor com CNPJ suspeito
466,98057,Lafayette De Andrada,PL,MG,Outros,Manutenção De Escritório De Apoio À Atividade Parlamentar,0,Sem indício cadastral crítico,FOUND,ATIVA,10,409,554646.61,123562.947566,162703.54342443834,2.6495,Possível anomalia financeira
429,204391,José Nelto,UNIÃO,GO,Publicidade,Divulgação Da Atividade Parlamentar.,0,Sem indício cadastral crítico,FOUND,ATIVA,44,143,1101910.80,294423.402917,352090.0693215526,2.2934,Possível anomalia financeira
882,74459,Átila Lira,PP,PI,Publicidade,Divulgação Da Atividade Parlamentar.,1,Situação cadastral não ativa: INAPTA,FOUND,INAPTA,1,13,45047.20,255170.175556,326071.87108703476,-0.6444,Fornecedor com CNPJ suspeito
390,204508,Igor Timo,UNIÃO,MG,Combustível,Combustíveis E Lubrificantes.,1,Situação cadastral não ativa: BAIXADA,FOUND,BAIXADA,3,14,3034.41,65306.104375,92314.0005265802,-0.6746,Fornecedor com CNPJ suspeito
298,220656,Fernanda Pessoa,PSD,CE,Combustível,Combustíveis E Lubrificantes.,0,Sem indício cadastral crítico,FOUND,ATIVA,135,1085,243262.49,41977.960833,76764.60304100714,2.6221,Possível anomalia financeira
433,74554,José Rocha,UNIÃO,BA,Outros,Manutenção De Escritório De Apoio À Atividade Parlamentar,0,Sem indício cadastral crítico,FOUND,ATIVA,7,88,68621.01,98257.521290,134321.8726415135,-0.2206,Comportamento esperado
278,160640,Eros Biondini,PL,MG,Outros,Manutenção De Escritório De Apoio À Atividade Parlamentar,0,Sem indício cadastral crítico,FOUND,ATIVA,18,198,342286.55,123562.947566,162703.54342443834,1.3443,Comportamento esperado
673,171617,Paulão,PT,AL,Alimentação,Fornecimento De Alimentação Do Parlamentar,0,Sem indício cadastral crítico,FOUND,ATIVA,47,165,15655.83,2542.058000,4729.8142873309525,2.7726,Possível anomalia financeira
220,227991,Dr Flávio,PL,RJ,Locomoção,Locação Ou Fretamento De Veículos Automotores,0,Sem indício cadastral crítico,FOUND,ATIVA,3,9,55130.00,162239.394390,163272.60476613723,-0.656,Comportamento esperado
540,133810,Marcelo Moraes,PL,RS,Locomoção,Locação Ou Fretamento De Veículos Automotores,1,Situação cadastral não ativa: BAIXADA,FOUND,BAIXADA,1,6,27159.00,182736.733051,177547.8783363845,-0.8763,Fornecedor com CNPJ suspeito
705,204467,Professora Rosa Neide,PT,MT,Hotéis,"Hospedagem ,exceto Do Parlamentar No Distrito Federal.",0,Sem indício cadastral crítico,FOUND,ATIVA,27,50,15483.26,20380.542308,35609.06873470771,-0.1375,Comportamento esperado
390,204508,Igor Timo,UNIÃO,MG,Outros,"Passagens Terrestres, Marítimas Ou Fluviais",0,Sem indício cadastral crítico,FOUND,ATIVA,3,8,1599.29,3858.240000,6358.142634643256,-0.3553,Comportamento esperado
371,220537,Helena Lima,PSD,RR,Comunicação,Telefonia,0,Sem indício cadastral crítico,FOUND,ATIVA,2,55,19702.73,7507.576000,8511.707827192691,1.4328,Comportamento esperado
612,204449,Nelson Barbudo,PL,MT,Publicidade,Divulgação Da Atividade Parlamentar.,0,Sem indício cadastral crítico,FOUND,ATIVA,4,22,312500.00,167205.955714,207800.9242977291,0.6992,Comportamento esperado
727,221329,Ricardo Abrão,PSDB,RJ,Outros,Manutenção De Escritório De Apoio À Atividade Parlamentar,0,Sem indício cadastral crítico,FOUND,ATIVA,4,17,22541.94,80988.593819,134414.71100556676,-0.4348,Comportamento esperado
453,178886,Juscelino Filho,UNIÃO,MA,Serviços profissionais,"Consultorias, Pesquisas E Trabalhos Técnicos.",0,Sem indício cadastral crítico,FOUND,ATIVA,1,11,121000.00,73247.500000,60193.25778602398,0.7933,Comportamento esperado
904,,,,NA,Combustível,Combustíveis E Lubrificantes.,1,Situação cadastral não ativa: BAIXADA,FOUND,BAIXADA,1,1,200.00,20989.039000,33381.70257372158,-0.6228,Fornecedor com CNPJ suspeito
676,215045,Pedro Augusto Palareti,PP,RJ,Viagens,Passagem Aérea - Rpa,0,Sem indício cadastral crítico,FOUND,ATIVA,1,5,1854.02,24365.871064,36425.48190750471,-0.618,Comportamento esperado
335,220702,Geraldo Mendes,UNIÃO,PR,Publicidade,Divulgação Da Atividade Parlamentar.,1,Situação cadastral não ativa: BAIXADA,FOUND,BAIXADA,4,8,52819.39,263664.052022,329972.5348930845,-0.639,Fornecedor com CNPJ suspeito
78,178975,Baleia Rossi,MDB,SP,Outros,Serviços Postais,0,Sem indício cadastral crítico,FOUND,ATIVA,1,38,1900.80,1015.584878,1403.5425598127083,0.6307,Comportamento esperado
574,220550,Mauricio Marcon,PL,RS,Locomoção,Locação Ou Fretamento De Veículos Automotores,1,Situação cadastral não ativa: BAIXADA,FOUND,BAIXADA,1,1,543.42,182736.733051,177547.8783363845,-1.0262,Fornecedor com CNPJ suspeito
289,220712,Fausto Jr.,UNIÃO,AM,Outros,Manutenção De Escritório De Apoio À Atividade Parlamentar,0,Sem indício cadastral crítico,FOUND,ATIVA,4,15,214748.15,35177.838000,53399.12696043168,3.3628,Anomalia financeira extrema
545,179000,Marcelo Álvaro Antônio,PL,MG,Viagens,Passagem Aérea - Rpa,0,Sem indício cadastral crítico,FOUND,ATIVA,1,89,68302.88,40253.940526,63478.97879162227,0.4419,Comportamento esperado
797,204360,Silvia Cristina,PP,RO,Publicidade,Divulgação Da Atividade Parlamentar.,0,Sem indício cadastral crítico,FOUND,ATIVA,82,600,1235791.72,289552.191071,359934.1329827757,2.6289,Possível anomalia financeira
231,204351,Dr. Luiz Ovando,PP,MS,Viagens,Passagem Aérea - Sigepa,,,,,0,140,207520.15,136850.719231,90603.58730528376,0.78,Comportamento esperado
807,178946,Soraya Santos,PL,RJ,Viagens,Passagem Aérea - Sigepa,,,,,0,576,597272.96,213577.740357,175550.75566941444,2.1857,Possível anomalia financeira
73,160665,Augusto Coutinho,REPUBLICANOS,PE,Publicidade,Divulgação Da Atividade Parlamentar.,0,Sem indício cadastral crítico,FOUND,ATIVA,12,64,170514.48,241972.708182,301628.5621101344,-0.2369,Comportamento esperado
32,204503,Alexandre Padilha,PT,SP,Combustível,Combustíveis E Lubrificantes.,0,Sem indício cadastral crítico,FOUND,ATIVA,63,160,39561.47,42192.750821,64034.19773844777,-0.0411,Comportamento esperado
59,204515,André Janones,REDE,MG,Publicidade,Divulgação Da Atividade Parlamentar.,0,Sem indício cadastral crítico,FOUND,ATIVA,24,78,755812.07,194891.353020,276881.75990132586,2.0258,Possível anomalia financeira
296,204477,Felício Laterça,PP,RJ,Outros,Manutenção De Escritório De Apoio À Atividade Parlamentar,0,Sem indício cadastral crítico,FOUND,ATIVA,5,48,19321.50,80988.593819,134414.71100556676,-0.4588,Comportamento esperado
630,204498,Olival Marques,PODE,PA,Publicidade,Divulgação Da Atividade Parlamentar.,1,Situação cadastral não ativa: INAPTA,FOUND,INAPTA,1,31,611050.00,319971.475333,323849.5425991789,0.8988,Fornecedor com CNPJ suspeito
499,178954,Lucio Mosquini,PL,RO,Alimentação,Fornecimento De Alimentação Do Parlamentar,0,Sem indício cadastral crítico,FOUND,ATIVA,80,185,12371.17,3332.884500,5228.833199412531,1.7285,Comportamento esperado
863,74043,Wellington Roberto,PL,PB,Viagens,Passagem Aérea - Sigepa,,,,,0,46,52628.03,168235.151250,151254.20824234045,-0.7643,Comportamento esperado
598,179001,Márcio Biolchi,MDB,RS,Viagens,Passagem Aérea - Reembolso,0,Sem indício cadastral crítico,FOUND,ATIVA,3,6,14784.58,7846.026333,10735.105702213965,0.6463,Comportamento esperado
426,141464,José Airton Félix Cirilo,PT,CE,Comunicação,Telefonia,0,Sem indício cadastral crítico,FOUND,ATIVA,2,22,4218.84,11707.711071,16858.211643996754,-0.4442,Comportamento esperado
322,220653,Fábio Teruel,MDB,SP,Viagens,Passagem Aérea - Reembolso,0,Sem indício cadastral crítico,FOUND,ATIVA,3,7,12730.80,9758.571000,11443.414965885137,0.2597,Comportamento esperado
334,178966,Geovania De Sá,REPUBLICANOS,SC,Viagens,Passagem Aérea - Sigepa,,,,,0,85,100186.26,213397.721034,170101.01243018164,-0.6656,Comportamento esperado
580,75431,Maurício Dziedricki,PODE,RS,Locomoção,Locação Ou Fretamento De Veículos Automotores,0,Sem indício cadastral crítico,FOUND,ATIVA,3,38,110240.98,182736.733051,177547.8783363845,-0.4083,Comportamento esperado
595,178997,Moses Rodrigues,UNIÃO,CE,Combustível,Combustíveis E Lubrificantes.,0,Sem indício cadastral crítico,FOUND,ATIVA,19,81,21321.81,41977.960833,76764.60304100714,-0.2691,Comportamento esperado
101,93083,Cacá Leão,PP,BA,Comunicação,Telefonia,0,Sem indício cadastral crítico,FOUND,ATIVA,4,35,9688.14,23153.030698,23468.568952979214,-0.5737,Comportamento esperado
498,220616,Luciano Vieira,PSDB,RJ,Publicidade,Divulgação Da Atividade Parlamentar.,0,Sem indício cadastral crítico,FOUND,ATIVA,5,32,390170.29,226781.355120,259582.44863584734,0.6294,Comportamento esperado
65,220675,Antônio Doido,MDB,PA,Locomoção,Locação Ou Fretamento De Veículos Automotores,0,Sem indício cadastral crítico,FOUND,ATIVA,2,15,172076.00,121907.551481,147158.0353457022,0.3409,Comportamento esperado
71,160541,Arthur Lira,PP,AL,Viagens,Passagem Aérea - Reembolso,1,Erro na consulta pública de CNPJ,ERROR,,1,2,81639.70,18884.774286,28705.906260652384,2.1861,Possível anomalia com fornecedor suspeito
619,178896,Newton Cardoso Jr,MDB,MG,Outros,"Passagens Terrestres, Marítimas Ou Fluviais",0,Sem indício cadastral crítico,FOUND,ATIVA,2,4,868.00,3858.240000,6358.142634643256,-0.4703,Comportamento esperado
472,231911,Lenir De Assis,PT,PR,Comunicação,Telefonia,0,Sem indício cadastral crítico,FOUND,ATIVA,1,2,223.79,10984.091277,13121.60062975809,-0.82,Comportamento esperado
532,220648,Marangoni,PODE,SP,Publicidade,Divulgação Da Atividade Parlamentar.,1,Situação cadastral não ativa: BAIXADA,FOUND,BAIXADA,2,6,64000.00,243741.226243,313657.1515008437,-0.573,Fornecedor com CNPJ suspeito
257,74075,Elcione Barbalho,MDB,PA,Hotéis,"Hospedagem ,exceto Do Parlamentar No Distrito Federal.",1,Situação cadastral não ativa: BAIXADA,FOUND,BAIXADA,1,1,367.61,12723.705217,19811.362899516178,-0.6237,Fornecedor com CNPJ suspeito
776,160635,Ruy Carneiro,PSC,PB,Alimentação,Fornecimento De Alimentação Do Parlamentar,0,Sem indício cadastral crítico,FOUND,ATIVA,1,2,163.44,1884.650000,4639.955468391323,-0.371,Comportamento esperado
763,204525,Rosana Valle,PL,SP,Outros,Serviços Postais,0,Sem indício cadastral crítico,FOUND,ATIVA,1,2,953.10,1015.584878,1403.5425598127083,-0.0445,Comportamento esperado
504,204410,Luisa Canziani,PSD,PR,Outros,Manutenção De Escritório De Apoio À Atividade Parlamentar,1,Situação cadastral não ativa: BAIXADA,FOUND,BAIXADA,1,1,292.10,86193.122500,116860.66498214444,-0.7351,Fornecedor com CNPJ suspeito
607,178858,Mário Negromonte Jr.,PSB,BA,Publicidade,Divulgação Da Atividade Parlamentar.,0,Sem indício cadastral crítico,FOUND,ATIVA,4,43,747688.80,317318.910361,328157.1355142384,1.3115,Comportamento esperado
142,141408,Cleber Verde,MDB,MA,Outros,Serviço De Segurança Prestado Por Empresa Especializada.,0,Sem indício cadastral crítico,FOUND,ATIVA,1,1,7000.00,53298.125000,58691.938342592795,-0.7888,Comportamento esperado
536,204433,Marcelo Calero,PSD,RJ,Locomoção,Locação Ou Fretamento De Veículos Automotores,0,Sem indício cadastral crítico,FOUND,ATIVA,3,15,52470.06,162239.394390,163272.60476613723,-0.6723,Comportamento esperado
659,204538,Paulo Bengtson,PTB,PA,Comunicação,Telefonia,0,Sem indício cadastral crítico,FOUND,ATIVA,4,20,16515.78,14410.800000,15329.862478744984,0.1373,Comportamento esperado
48,107970,Ana Paula Leão,PP,MG,Viagens,Passagem Aérea - Reembolso,0,Sem indício cadastral crítico,FOUND,ATIVA,2,7,6313.29,7020.191961,10297.188894597206,-0.0686,Comportamento esperado
361,220664,Guilherme Uchoa,PSD,PE,Combustível,Combustíveis E Lubrificantes.,0,Sem indício cadastral crítico,FOUND,ATIVA,125,415,121810.98,53506.291935,82942.380015203,0.8235,Comportamento esperado
756,204480,Rogério Correia,PT,MG,Viagens,Passagem Aérea - Sigepa,,,,,0,244,346000.72,195216.599630,167832.49260588933,0.8984,Comportamento esperado
383,141450,Hugo Leal,PSD,RJ,Comunicação,Telefonia,0,Sem indício cadastral crítico,FOUND,ATIVA,4,105,62877.22,11897.719661,18918.17939394703,2.6947,Possível anomalia financeira
276,220645,Erika Hilton,PSOL,SP,Outros,"Passagens Terrestres, Marítimas Ou Fluviais",0,Sem indício cadastral crítico,FOUND,ATIVA,8,23,1875.43,996.486667,1138.3419633085512,0.7721,Comportamento esperado
489,220662,Lucas Ramos,PSB,PE,Viagens,Passagem Aérea - Sigepa,,,,,0,353,365342.96,221741.150682,163177.94412569836,0.88,Comportamento esperado
184,204511,David Soares,UNIÃO,SP,Viagens,Passagem Aérea - Sigepa,,,,,0,89,108170.51,185430.171967,136227.76556134285,-0.5671,Comportamento esperado
48,107970,Ana Paula Leão,PP,MG,Combustível,Combustíveis E Lubrificantes.,0,Sem indício cadastral crítico,FOUND,ATIVA,144,596,148047.13,65306.104375,92314.0005265802,0.8963,Comportamento esperado
625,227660,Nitinho,PSD,SE,Comunicação,Telefonia,0,Sem indício cadastral crítico,FOUND,ATIVA,2,11,2887.02,10940.770000,16435.398849269677,-0.49,Comportamento esperado
627,66179,Norma Ayub,PP,ES,Locomoção,Locação Ou Fretamento De Veículos Automotores,0,Sem indício cadastral crítico,FOUND,ATIVA,4,25,97984.38,171214.090476,129265.73835992759,-0.5665,Comportamento esperado
20,220538,Albuquerque,REPUBLICANOS,RR,Viagens,Passagem Aérea - Sigepa,,,,,0,69,99033.52,163783.293125,88161.1731168696,-0.7344,Comportamento esperado
125,220699,Castro Neto,MDB,PI,Hotéis,"Hospedagem ,exceto Do Parlamentar No Distrito Federal.",0,Sem indício cadastral crítico,FOUND,ATIVA,17,107,45868.83,7549.470769,12134.625273294365,3.1579,Anomalia financeira extrema
754,165470,Rodrigo Valadares,PL,SE,Hotéis,"Hospedagem ,exceto Do Parlamentar No Distrito Federal.",1,Erro na consulta pública de CNPJ,ERROR,,1,6,32890.57,13543.401111,21569.307793305772,0.897,Fornecedor com CNPJ suspeito
32,204503,Alexandre Padilha,PT,SP,Hotéis,"Hospedagem ,exceto Do Parlamentar No Distrito Federal.",0,Sem indício cadastral crítico,FOUND,ATIVA,13,27,7565.38,10014.789189,11435.329101648113,-0.2142,Comportamento esperado
154,220608,Cristiane Lopes,PODE,RO,Locomoção,Locação Ou Fretamento De Veículos Automotores,0,Sem indício cadastral crítico,FOUND,ATIVA,3,78,465013.00,233590.273571,213347.19250523738,1.0847,Comportamento esperado
342,74270,Gilberto Nascimento,PODE,SP,Outros,Manutenção De Escritório De Apoio À Atividade Parlamentar,0,Documento não consultado por não ser CNPJ,NOT_APPLICABLE,,1,18,170630.23,98538.487659,143509.98800071477,0.5023,Comportamento esperado
242,220540,Duda Ramos,PODE,RR,Outros,"Serviço De Táxi, Pedágio E Estacionamento",0,Sem indício cadastral crítico,FOUND,ATIVA,2,17,793.97,569.325714,496.7686626541957,0.4522,Comportamento esperado
861,220601,Washington Quaquá,PT,RJ,Hotéis,"Hospedagem ,exceto Do Parlamentar No Distrito Federal.",0,Sem indício cadastral crítico,FOUND,ATIVA,10,24,11718.73,13016.628636,21468.959145470457,-0.0605,Comportamento esperado
406,204435,Jesus Sérgio,PDT,AC,Viagens,Passagem Aérea - Rpa,0,Sem indício cadastral crítico,FOUND,ATIVA,2,3,2360.99,17368.935000,20856.5816470984,-0.7196,Comportamento esperado
33,204516,Alexis Fonteyne,NOVO,SP,Serviços profissionais,"Consultorias, Pesquisas E Trabalhos Técnicos.",1,Situação cadastral não ativa: BAIXADA,FOUND,BAIXADA,1,10,132400.00,42478.291429,47664.49520078613,1.8866,Fornecedor com CNPJ suspeito
466,98057,Lafayette De Andrada,REPUBLICANOS,MG,Outros,"Serviço De Táxi, Pedágio E Estacionamento",0,Documento não consultado por não ser CNPJ,NOT_APPLICABLE,,1,22,3290.00,5572.245385,10370.293242628488,-0.2201,Comportamento esperado
513,220658,Luiz Gastão,PSD,CE,Viagens,Passagem Aérea - Reembolso,0,Sem indício cadastral crítico,FOUND,ATIVA,2,3,8554.59,12007.303200,17888.200103405623,-0.193,Comportamento esperado
600,221183,Márcio Dória,PCDOB,SE,Alimentação,Fornecimento De Alimentação Do Parlamentar,0,Sem indício cadastral crítico,FOUND,ATIVA,8,9,543.16,419.655000,135.71288577974704,0.91,Comportamento esperado
448,204372,Julio Cesar Ribeiro,REPUBLICANOS,DF,Serviços profissionais,"Consultorias, Pesquisas E Trabalhos Técnicos.",0,Sem indício cadastral crítico,FOUND,ATIVA,4,30,168000.00,130756.100000,49792.87902531846,0.748,Comportamento esperado
634,73463,Osmar Serraglio,PP,PR,Outros,"Serviço De Táxi, Pedágio E Estacionamento",0,Sem indício cadastral crítico,FOUND,ATIVA,18,79,1182.74,5713.999474,13397.131596894355,-0.3382,Comportamento esperado
456,73586,Júlio Delgado,PV,MG,Combustível,Combustíveis E Lubrificantes.,0,Sem indício cadastral crítico,FOUND,ATIVA,113,235,45159.43,65306.104375,92314.0005265802,-0.2182,Comportamento esperado
488,204523,Lucas Gonzalez,NOVO,MG,Combustível,Combustíveis E Lubrificantes.,0,Sem indício cadastral crítico,FOUND,ATIVA,58,111,26012.48,65306.104375,92314.0005265802,-0.4257,Comportamento esperado
421,209189,Joseildo Ramos,PT,BA,Viagens,Passagem Aérea - Rpa,0,Sem indício cadastral crítico,FOUND,ATIVA,2,31,18919.84,31763.658913,54219.86604798766,-0.2369,Comportamento esperado
519,178866,Luizianne Lins,REDE,CE,Alimentação,Fornecimento De Alimentação Do Parlamentar,0,Sem indício cadastral crítico,FOUND,ATIVA,100,325,35508.48,4778.337742,9185.089924635726,3.3457,Anomalia financeira extrema
518,74784,Luiza Erundina,PSOL,SP,Viagens,Passagem Aérea - Sigepa,,,,,0,398,384581.46,185430.171967,136227.76556134285,1.4619,Comportamento esperado
176,204409,Daniel Trzeciak,PSDB,RS,Outros,Manutenção De Escritório De Apoio À Atividade Parlamentar,0,Sem indício cadastral crítico,FOUND,ATIVA,23,407,540409.83,109428.142500,149558.61424927576,2.8817,Possível anomalia financeira
507,141485,Luiz Carlos Busato,UNIÃO,RS,Alimentação,Fornecimento De Alimentação Do Parlamentar,0,Sem indício cadastral crítico,FOUND,ATIVA,265,834,65925.23,7368.085075,13657.337051272762,4.2876,Anomalia financeira extrema
657,220650,Paulo Alexandre Barbosa,PSDB,SP,Publicidade,Divulgação Da Atividade Parlamentar.,0,Sem indício cadastral crítico,FOUND,ATIVA,11,25,280371.32,243741.226243,313657.1515008437,0.1168,Comportamento esperado
850,178888,Victor Mendes,MDB,MA,Combustível,Combustíveis E Lubrificantes.,0,Sem indício cadastral crítico,FOUND,ATIVA,13,21,17152.24,34895.172615,52384.05405357016,-0.3387,Comportamento esperado
581,220607,Max Lemos,PDT,RJ,Viagens,Passagem Aérea - Sigepa,,,,,0,145,152708.53,213577.740357,175550.75566941444,-0.3467,Comportamento esperado
584,188097,Merlong Solano,PT,PI,Serviços profissionais,"Consultorias, Pesquisas E Trabalhos Técnicos.",0,Sem indício cadastral crítico,FOUND,ATIVA,1,4,32000.00,59954.545455,42245.387053176906,-0.6617,Comportamento esperado
613,220622,Nely Aquino,PODE,MG,Combustível,Combustíveis E Lubrificantes.,1,Situação cadastral não ativa: BAIXADA,FOUND,BAIXADA,2,4,743.15,65306.104375,92314.0005265802,-0.6994,Fornecedor com CNPJ suspeito
266,178854,Elmar Nascimento,UNIÃO,BA,Locomoção,Locação Ou Fretamento De Veículos Automotores,0,Sem indício cadastral crítico,FOUND,ATIVA,4,44,559476.57,292409.611930,213979.496522466,1.2481,Comportamento esperado
310,191923,Flávio Nogueira,PT,PI,Locomoção,Locação Ou Fretamento De Veículos Automotores,0,Sem indício cadastral crítico,FOUND,ATIVA,5,62,576840.00,264114.661053,215307.58327079436,1.4525,Comportamento esperado
300,204445,Fernando Mineiro,PT,RN,Hotéis,"Hospedagem ,exceto Do Parlamentar No Distrito Federal.",0,Sem indício cadastral crítico,FOUND,ATIVA,28,72,38463.54,10401.272857,14188.915930464025,1.9778,Comportamento esperado
8,204528,Adriana Ventura,NOVO,SP,Comunicação,Telefonia,0,Sem indício cadastral crítico,FOUND,ATIVA,1,50,14089.51,19889.940211,25751.500071775903,-0.2252,Comportamento esperado
159,204370,Célio Moura,PT,TO,Outros,Serviços Postais,0,Sem indício cadastral crítico,FOUND,ATIVA,4,13,823.71,448.655000,530.4078676358412,0.7071,Comportamento esperado
569,220572,Marussa Boldrin,REPUBLICANOS,GO,Hotéis,"Hospedagem ,exceto Do Parlamentar No Distrito Federal.",0,Sem indício cadastral crítico,FOUND,ATIVA,20,36,10436.36,7024.380500,8737.204954294128,0.3905,Comportamento esperado
416,205550,Jorge Braz,REPUBLICANOS,RJ,Locomoção,Locação Ou Fretamento De Veículos Automotores,0,Sem indício cadastral crítico,FOUND,ATIVA,1,147,582200.00,162239.394390,163272.60476613723,2.5721,Possível anomalia financeira
293,204398,Felipe Francischini,PODE,PR,Combustível,Combustíveis E Lubrificantes.,1,Situação cadastral não ativa: BAIXADA,FOUND,BAIXADA,7,8,1584.33,57944.345500,82353.4495793919,-0.6844,Fornecedor com CNPJ suspeito
275,220663,Eriberto Medeiros,PSB,PE,Alimentação,Fornecimento De Alimentação Do Parlamentar,0,Sem indício cadastral crítico,FOUND,ATIVA,11,34,3084.23,3487.092941,8073.709935566787,-0.0499,Comportamento esperado
840,160610,Valmir Assunção,PT,BA,Publicidade,Divulgação Da Atividade Parlamentar.,1,Situação cadastral não ativa: BAIXADA,FOUND,BAIXADA,1,4,55750.00,317318.910361,328157.1355142384,-0.7971,Fornecedor com CNPJ suspeito
742,220613,Roberto Monteiro Pai,PL,RJ,Alimentação,Fornecimento De Alimentação Do Parlamentar,1,Situação cadastral não ativa: BAIXADA,FOUND,BAIXADA,6,6,368.89,5314.154545,11413.915891543053,-0.4333,Fornecedor com CNPJ suspeito
831,160976,Tiririca,PSD,SP,Outros,"Serviço De Táxi, Pedágio E Estacionamento",0,Documento não consultado por não ser CNPJ,NOT_APPLICABLE,,1,1,78.00,11967.060840,16796.655097373645,-0.7078,Comportamento esperado
457,228797,Júlio Oliveira,PP,TO,Outros,Manutenção De Escritório De Apoio À Atividade Parlamentar,0,Sem indício cadastral crítico,FOUND,ATIVA,3,7,4267.60,60332.404118,100110.53801139936,-0.56,Comportamento esperado
549,219585,Marco Brasil,PP,PR,Viagens,Passagem Aérea - Rpa,0,Sem indício cadastral crítico,FOUND,ATIVA,2,7,3836.63,26722.504474,58025.433845182,-0.3944,Comportamento esperado
388,204533,Idilvan Alencar,PSB,CE,Locomoção,Locação Ou Fretamento De Veículos Automotores,0,Sem indício cadastral crítico,FOUND,ATIVA,2,13,56736.95,139651.247778,143531.8586124825,-0.5777,Comportamento esperado
365,204408,Gustinho Ribeiro,PP,SE,Combustível,Combustíveis E Lubrificantes.,0,Sem indício cadastral crítico,FOUND,ATIVA,1,4,14236.34,53493.520741,82556.56454059949,-0.4755,Comportamento esperado
34,221148,Alfredinho,PT,SP,Outros,Manutenção De Escritório De Apoio À Atividade Parlamentar,0,Documento não consultado por não ser CNPJ,NOT_APPLICABLE,,2,22,71704.43,98538.487659,143509.98800071477,-0.187,Comportamento esperado
341,204491,Gilberto Abramo,REPUBLICANOS,MG,Publicidade,Divulgação Da Atividade Parlamentar.,1,Situação cadastral não ativa: BAIXADA,FOUND,BAIXADA,1,1,1000.00,194891.353020,276881.75990132586,-0.7003,Fornecedor com CNPJ suspeito
687,204406,Pedro Westphalen,PP,RS,Alimentação,Fornecimento De Alimentação Do Parlamentar,1,Situação cadastral não ativa: BAIXADA,FOUND,BAIXADA,1,1,73.00,7368.085075,13657.337051272762,-0.5342,Fornecedor com CNPJ suspeito
210,73768,Dilceu Sperafico,PP,PR,Viagens,Passagem Aérea - Reembolso,0,Sem indício cadastral crítico,FOUND,ATIVA,1,1,3755.84,17801.644063,39455.64199846602,-0.356,Comportamento esperado
685,160604,Pedro Uczai,PT,SC,Alimentação,Fornecimento De Alimentação Do Parlamentar,1,Situação cadastral não ativa: INAPTA,FOUND,INAPTA,1,1,49.30,5345.501750,9873.801589562949,-0.5364,Fornecedor com CNPJ suspeito
292,72442,Felipe Carreras,PSB,PE,Serviços profissionais,"Consultorias, Pesquisas E Trabalhos Técnicos.",0,Sem indício cadastral crítico,FOUND,ATIVA,1,2,8000.00,33394.939474,25891.938420366478,-0.9808,Comportamento esperado
835,157130,Túlio Gadêlha,PSD,PE,Hotéis,"Hospedagem ,exceto Do Parlamentar No Distrito Federal.",1,Erro na consulta pública de CNPJ,ERROR,,1,1,10000.00,17089.374528,23447.97906027458,-0.3023,Fornecedor com CNPJ suspeito
878,160632,Zé Silva,SOLIDARIEDADE,MG,Combustível,Combustíveis E Lubrificantes.,0,Sem indício cadastral crítico,FOUND,ATIVA,76,152,61861.45,65306.104375,92314.0005265802,-0.0373,Comportamento esperado
115,204361,Carlos Chiodini,MDB,SC,Combustível,Combustíveis E Lubrificantes.,0,Sem indício cadastral crítico,FOUND,ATIVA,265,955,187354.20,63943.250339,85631.6159933909,1.4412,Comportamento esperado
207,160588,Diego Andrade,PSD,MG,Viagens,Passagem Aérea - Sigepa,,,,,0,516,601497.38,195216.599630,167832.49260588933,2.4208,Possível anomalia financeira
188,220625,Delegada Ione,AVANTE,MG,Outros,Manutenção De Escritório De Apoio À Atividade Parlamentar,0,Sem indício cadastral crítico,FOUND,ATIVA,31,238,313425.31,123562.947566,162703.54342443834,1.1669,Comportamento esperado
533,156190,Marcel Van Hattem,NOVO,RS,Combustível,Combustíveis E Lubrificantes.,0,Sem indício cadastral crítico,FOUND,ATIVA,200,488,87871.69,60520.148547,97388.05968907535,0.2809,Comportamento esperado
829,143084,Tiago Dimas,PODE,TO,Hotéis,"Hospedagem ,exceto Do Parlamentar No Distrito Federal.",0,Sem indício cadastral crítico,FOUND,ATIVA,27,132,69373.29,12387.293158,19170.891927221925,2.9725,Possível anomalia financeira
490,204404,Lucas Redecker,PSD,RS,Outros,Manutenção De Escritório De Apoio À Atividade Parlamentar,0,Sem indício cadastral crítico,FOUND,ATIVA,8,178,421989.46,109428.142500,149558.61424927576,2.0899,Possível anomalia financeira
638,204441,Otoni De Paula,PSD,RJ,Viagens,Passagem Aérea - Sigepa,,,,,0,220,232744.83,213577.740357,175550.75566941444,0.1092,Comportamento esperado
243,220623,Duda Salabert,PSOL,MG,Combustível,Combustíveis E Lubrificantes.,0,Sem indício cadastral crítico,FOUND,ATIVA,21,78,79182.60,65306.104375,92314.0005265802,0.1503,Comportamento esperado
325,224117,Gabriel Mota,UNIÃO,RR,Outros,Manutenção De Escritório De Apoio À Atividade Parlamentar,0,Sem indício cadastral crítico,FOUND,ATIVA,5,74,901802.17,80921.562903,170825.55022261123,4.8054,Anomalia financeira extrema
699,204446,Professor Joziel,PATRIOTA,RJ,Alimentação,Fornecimento De Alimentação Do Parlamentar,0,Sem indício cadastral crítico,FOUND,ATIVA,22,173,9044.36,5314.154545,11413.915891543053,0.3268,Comportamento esperado
835,157130,Túlio Gadêlha,PSD,PE,Publicidade,Divulgação Da Atividade Parlamentar.,1,Erro na consulta pública de CNPJ,ERROR,,1,17,13765.56,241972.708182,301628.5621101344,-0.7566,Fornecedor com CNPJ suspeito
742,220613,Roberto Monteiro Pai,PL,RJ,Combustível,Combustíveis E Lubrificantes.,0,Sem indício cadastral crítico,FOUND,ATIVA,60,331,70586.27,44023.319398,62812.667137756165,0.4229,Comportamento esperado
692,73486,Pompeo De Mattos,PDT,RS,Viagens,Passagem Aérea - Rpa,0,Sem indício cadastral crítico,FOUND,ATIVA,3,43,63932.02,23263.014545,27193.710295909314,1.4955,Comportamento esperado
687,204406,Pedro Westphalen,PP,RS,Comunicação,Telefonia,0,Sem indício cadastral crítico,FOUND,ATIVA,3,124,40854.88,19321.830435,18898.364290143905,1.1394,Comportamento esperado
200,220619,Delegado Ramagem,PL,RJ,Comunicação,Telefonia,0,Sem indício cadastral crítico,FOUND,ATIVA,1,12,2766.22,11897.719661,18918.17939394703,-0.4827,Comportamento esperado
33,204516,Alexis Fonteyne,NOVO,SP,Alimentação,Fornecimento De Alimentação Do Parlamentar,0,Sem indício cadastral crítico,FOUND,ATIVA,1,8,656.18,3366.001170,5609.697337170304,-0.4831,Comportamento esperado
757,160651,Rogério Peninha Mendonça,MDB,SC,Outros,Serviço De Segurança Prestado Por Empresa Especializada.,0,Sem indício cadastral crítico,FOUND,ATIVA,1,12,1377.86,6348.014000,9442.953517040101,-0.5263,Comportamento esperado
732,204362,Ricardo Guidi,PL,SC,Outros,"Passagens Terrestres, Marítimas Ou Fluviais",0,Sem indício cadastral crítico,FOUND,ATIVA,2,7,376.76,472.404167,456.3108967371486,-0.2096,Comportamento esperado
105,204572,Capitão Alberto Neto,PL,AM,Combustível,Combustíveis E Lubrificantes.,1,Situação cadastral não ativa: BAIXADA,FOUND,BAIXADA,3,5,1413.41,27982.215263,36043.55549981074,-0.7371,Fornecedor com CNPJ suspeito
187,220565,Delegada Adriana Accorsi,PT,GO,Locomoção,Locação Ou Fretamento De Veículos Automotores,0,Sem indício cadastral crítico,FOUND,ATIVA,1,65,382233.33,189142.637500,142661.57624064668,1.3535,Comportamento esperado
623,74352,Nilson Pinto,PSDB,PA,Publicidade,Divulgação Da Atividade Parlamentar.,0,Sem indício cadastral crítico,FOUND,ATIVA,3,8,49380.00,319971.475333,323849.5425991789,-0.8355,Comportamento esperado
103,220548,Camila Jara,PT,MS,Locomoção,Locação Ou Fretamento De Veículos Automotores,0,Sem indício cadastral crítico,FOUND,ATIVA,4,58,207894.66,208841.042857,176263.8077260953,-0.0054,Comportamento esperado
379,73772,Hermes Parcianello,MDB,PR,Comunicação,Telefonia,0,Sem indício cadastral crítico,FOUND,ATIVA,2,25,8349.74,10984.091277,13121.60062975809,-0.2008,Comportamento esperado
246,204562,Edilázio Júnior,PSD,MA,Locomoção,Locação Ou Fretamento De Veículos Automotores,0,Sem indício cadastral crítico,FOUND,ATIVA,1,2,18000.00,122090.952683,112418.39663710551,-0.9259,Comportamento esperado
844,141553,Vanderlei Macris,PSDB,SP,Outros,Manutenção De Escritório De Apoio À Atividade Parlamentar,0,Sem indício cadastral crítico,FOUND,ATIVA,8,21,28589.58,98538.487659,143509.98800071477,-0.4874,Comportamento esperado
594,160561,Missionário José Olimpio,PL,SP,Outros,"Serviço De Táxi, Pedágio E Estacionamento",0,Sem indício cadastral crítico,FOUND,ATIVA,2,6,3596.56,11967.060840,16796.655097373645,-0.4983,Comportamento esperado
452,204574,Junior Lourenço,MDB,MA,Viagens,Passagem Aérea - Rpa,0,Sem indício cadastral crítico,FOUND,ATIVA,1,7,12828.19,17893.360952,34179.698738222214,-0.1482,Comportamento esperado
849,137070,Vicentinho Júnior,PP,TO,Combustível,Combustíveis E Lubrificantes.,0,Sem indício cadastral crítico,FOUND,ATIVA,1,3,1127.87,73777.441071,109277.9364585353,-0.6648,Comportamento esperado
540,133810,Marcelo Moraes,PL,RS,Publicidade,Divulgação Da Atividade Parlamentar.,0,Sem indício cadastral crítico,FOUND,ATIVA,2,15,74450.00,215724.063125,265101.600265673,-0.5329,Comportamento esperado
646,160642,Pastor Eurico,PSDB,PE,Combustível,Combustíveis E Lubrificantes.,1,Situação cadastral não ativa: BAIXADA,FOUND,BAIXADA,3,3,1255.85,53506.291935,82942.380015203,-0.63,Fornecedor com CNPJ suspeito
698,204383,Professor Israel Batista,PSB,DF,Combustível,Combustíveis E Lubrificantes.,0,Sem indício cadastral crítico,FOUND,ATIVA,13,51,15487.75,33372.670769,51515.7382887601,-0.3472,Comportamento esperado
443,220559,Julia Zanatta,PL,SC,Publicidade,Divulgação Da Atividade Parlamentar.,0,Sem indício cadastral crítico,FOUND,ATIVA,25,137,664518.67,148561.773265,217765.15459275612,2.3693,Possível anomalia financeira
24,160511,Alessandro Molon,PSB,RJ,Combustível,Combustíveis E Lubrificantes.,0,Sem indício cadastral crítico,FOUND,ATIVA,13,59,12000.48,44023.319398,62812.667137756165,-0.5098,Comportamento esperado
744,204489,Robério Monteiro,PDT,CE,Viagens,Passagem Aérea - Sigepa,,,,,0,97,168001.22,190828.457826,170630.5409255439,-0.1338,Comportamento esperado
691,204529,Policial Katia Sastre,PL,SP,Alimentação,Fornecimento De Alimentação Do Parlamentar,0,Sem indício cadastral crítico,FOUND,ATIVA,77,107,4613.09,3366.001170,5609.697337170304,0.2223,Comportamento esperado
727,221329,Ricardo Abrão,PSDB,RJ,Viagens,Passagem Aérea - Sigepa,,,,,0,40,56487.68,213577.740357,175550.75566941444,-0.8948,Comportamento esperado
21,160559,Alceu Moreira,MDB,RS,Locomoção,Locação Ou Fretamento De Veículos Automotores,0,Sem indício cadastral crítico,FOUND,ATIVA,1,88,256020.92,182736.733051,177547.8783363845,0.4128,Comportamento esperado
9,121948,Adriano Do Baldy,PP,GO,Comunicação,Telefonia,0,Sem indício cadastral crítico,FOUND,ATIVA,6,227,48126.55,16840.076000,26049.85234640615,1.201,Comportamento esperado
624,178986,Nilto Tatto,PT,SP,Alimentação,Fornecimento De Alimentação Do Parlamentar,0,Sem indício cadastral crítico,FOUND,ATIVA,13,66,5511.75,3366.001170,5609.697337170304,0.3825,Comportamento esperado
53,178831,André Abdon,PP,AP,Locomoção,Locação Ou Fretamento De Veículos Automotores,0,Sem indício cadastral crítico,FOUND,ATIVA,1,31,226570.00,118873.802381,121389.286590239,0.8872,Comportamento esperado
469,178832,Leandre,PSD,PR,Viagens,Passagem Aérea - Sigepa,,,,,0,100,63775.80,173223.575536,125997.34942419773,-0.8687,Comportamento esperado
796,74356,Silas Câmara,REPUBLICANOS,AM,Viagens,Passagem Aérea - Rpa,0,Sem indício cadastral crítico,FOUND,ATIVA,3,33,46404.74,88728.821429,197712.15903932907,-0.2141,Comportamento esperado
141,74537,Claudio Cajado,PP,BA,Locomoção,Locação Ou Fretamento De Veículos Automotores,0,Sem indício cadastral crítico,FOUND,ATIVA,12,77,556209.60,292409.611930,213979.496522466,1.2328,Comportamento esperado
393,98615,Ismael,PL,SC,Outros,Manutenção De Escritório De Apoio À Atividade Parlamentar,0,Sem indício cadastral crítico,FOUND,ATIVA,5,61,101379.27,70964.571200,106769.4367602354,0.2849,Comportamento esperado
280,74454,Eunício Oliveira,MDB,CE,Locomoção,Locação Ou Fretamento De Veículos Automotores,0,Sem indício cadastral crítico,FOUND,ATIVA,3,31,204296.34,139651.247778,143531.8586124825,0.4504,Comportamento esperado
180,62881,Danilo Forte,PP,CE,Comunicação,Telefonia,0,Sem indício cadastral crítico,FOUND,ATIVA,4,102,16682.31,11707.711071,16858.211643996754,0.2951,Comportamento esperado
689,161440,Pezenti,MDB,SC,Publicidade,Divulgação Da Atividade Parlamentar.,0,Sem indício cadastral crítico,FOUND,ATIVA,4,61,245822.86,148561.773265,217765.15459275612,0.4466,Comportamento esperado
517,204526,Luiz Philippe De Orleans E Bragança,PL,SP,Comunicação,Telefonia,0,Sem indício cadastral crítico,FOUND,ATIVA,1,23,2861.30,19889.940211,25751.500071775903,-0.6613,Comportamento esperado
804,104552,Socorro Neri,PP,AC,Locomoção,Locação Ou Fretamento De Veículos Automotores,0,Sem indício cadastral crítico,FOUND,ATIVA,1,53,318000.00,136825.250667,132327.06516765346,1.3691,Comportamento esperado
871,160592,Zeca Dirceu,PT,PR,Outros,"Serviço De Táxi, Pedágio E Estacionamento",1,Erro na consulta pública de CNPJ,ERROR,,1,5,506.92,5713.999474,13397.131596894355,-0.3887,Fornecedor com CNPJ suspeito
877,204559,Zé Neto,PT,BA,Outros,"Serviço De Táxi, Pedágio E Estacionamento",1,Situação cadastral não ativa: BAIXADA,FOUND,BAIXADA,1,1,91.00,7947.726552,12451.86965129915,-0.631,Fornecedor com CNPJ suspeito
207,160588,Diego Andrade,PSD,MG,Outros,"Serviço De Táxi, Pedágio E Estacionamento",0,Sem indício cadastral crítico,FOUND,ATIVA,2,2,270.00,5572.245385,10370.293242628488,-0.5113,Comportamento esperado
556,178943,Marcos Soares,UNIÃO,RJ,Serviços profissionais,"Consultorias, Pesquisas E Trabalhos Técnicos.",0,Sem indício cadastral crítico,FOUND,ATIVA,1,1,18150.00,51555.638000,51954.41216850247,-0.643,Comportamento esperado
231,204351,Dr. Luiz Ovando,PP,MS,Publicidade,Divulgação Da Atividade Parlamentar.,1,Situação cadastral não ativa: INAPTA,FOUND,INAPTA,1,1,3000.00,244824.753226,352025.1744174792,-0.687,Fornecedor com CNPJ suspeito
411,204468,Joenia Wapichana,REDE,RR,Outros,Manutenção De Escritório De Apoio À Atividade Parlamentar,1,Erro na consulta pública de CNPJ,ERROR,,1,8,1214.49,80921.562903,170825.55022261123,-0.4666,Fornecedor com CNPJ suspeito
884,204509,Áurea Carolina,PSOL,MG,Combustível,Combustíveis E Lubrificantes.,1,Situação cadastral não ativa: BAIXADA,FOUND,BAIXADA,2,2,587.77,65306.104375,92314.0005265802,-0.7011,Fornecedor com CNPJ suspeito
71,160541,Arthur Lira,PP,AL,Combustível,Combustíveis E Lubrificantes.,0,Sem indício cadastral crítico,FOUND,ATIVA,135,547,150807.32,41184.340741,54405.12179897842,2.0149,Possível anomalia financeira
719,178925,Rejane Dias,PT,PI,Locomoção,Locação Ou Fretamento De Veículos Automotores,0,Sem indício cadastral crítico,FOUND,ATIVA,3,23,126146.33,264114.661053,215307.58327079436,-0.6408,Comportamento esperado
82,109429,Benes Leocádio,UNIÃO,RN,Outros,"Serviço De Táxi, Pedágio E Estacionamento",0,Sem indício cadastral crítico,FOUND,ATIVA,2,3,45.00,8284.906667,15407.736715157096,-0.5348,Comportamento esperado
717,220606,Reimont,PT,RJ,Comunicação,Telefonia,0,Sem indício cadastral crítico,FOUND,ATIVA,3,29,4826.24,11897.719661,18918.17939394703,-0.3738,Comportamento esperado
112,213762,Carla Dickson,UNIÃO,RN,Combustível,Combustíveis E Lubrificantes.,0,Sem indício cadastral crítico,FOUND,ATIVA,53,106,16558.19,51927.710333,76131.03428420173,-0.4646,Comportamento esperado
694,226075,Priscila Costa,PL,CE,Publicidade,Divulgação Da Atividade Parlamentar.,0,Sem indício cadastral crítico,FOUND,ATIVA,4,10,108920.71,263931.285395,366906.3702021798,-0.4225,Comportamento esperado
852,141555,Vinicius Carvalho,REPUBLICANOS,SP,Outros,Manutenção De Escritório De Apoio À Atividade Parlamentar,0,Sem indício cadastral crítico,FOUND,ATIVA,9,89,139578.77,98538.487659,143509.98800071477,0.286,Comportamento esperado
31,220554,Alexandre Lindenmeyer,PT,RS,Hotéis,"Hospedagem ,exceto Do Parlamentar No Distrito Federal.",0,Sem indício cadastral crítico,FOUND,ATIVA,52,173,46286.56,21826.986437,35658.661568585754,0.6859,Comportamento esperado
363,73460,Gustavo Fruet,PDT,PR,Outros,"Passagens Terrestres, Marítimas Ou Fluviais",0,Sem indício cadastral crítico,FOUND,ATIVA,4,4,856.45,1895.154815,2124.8795888027494,-0.4888,Comportamento esperado
234,220528,Dr. Victor Linhalis,PODE,ES,Combustível,Combustíveis E Lubrificantes.,0,Sem indício cadastral crítico,FOUND,ATIVA,35,127,90585.37,49148.417879,67749.62213949014,0.6116,Comportamento esperado
297,204407,Fernanda Melchionna,PSOL,RS,Hotéis,"Hospedagem ,exceto Do Parlamentar No Distrito Federal.",0,Sem indício cadastral crítico,FOUND,ATIVA,15,22,7156.44,21826.986437,35658.661568585754,-0.4114,Comportamento esperado
86,220683,Beto Richa,PSDB,PR,Publicidade,Divulgação Da Atividade Parlamentar.,0,Sem indício cadastral crítico,FOUND,ATIVA,17,59,487587.00,263664.052022,329972.5348930845,0.6786,Comportamento esperado
113,204507,Carla Zambelli,PL,SP,Outros,"Serviço De Táxi, Pedágio E Estacionamento",1,Situação cadastral não ativa: BAIXADA,FOUND,BAIXADA,1,2,89.91,11967.060840,16796.655097373645,-0.7071,Fornecedor com CNPJ suspeito
646,160642,Pastor Eurico,PL,PE,Combustível,Combustíveis E Lubrificantes.,0,Sem indício cadastral crítico,FOUND,ATIVA,78,141,58289.99,53506.291935,82942.380015203,0.0577,Comportamento esperado
762,163321,Ronaldo Nogueira,REPUBLICANOS,RS,Outros,Manutenção De Escritório De Apoio À Atividade Parlamentar,0,Sem indício cadastral crítico,FOUND,ATIVA,12,158,202275.20,109428.142500,149558.61424927576,0.6208,Comportamento esperado
122,164360,Carmen Zanotto,CIDADANIA,SC,Outros,Manutenção De Escritório De Apoio À Atividade Parlamentar,0,Sem indício cadastral crítico,FOUND,ATIVA,9,53,19910.34,70964.571200,106769.4367602354,-0.4782,Comportamento esperado
184,204511,David Soares,UNIÃO,SP,Outros,Manutenção De Escritório De Apoio À Atividade Parlamentar,0,Sem indício cadastral crítico,FOUND,ATIVA,2,6,2696.85,98538.487659,143509.98800071477,-0.6678,Comportamento esperado
53,178831,André Abdon,PP,AP,Publicidade,Divulgação Da Atividade Parlamentar.,0,Sem indício cadastral crítico,FOUND,ATIVA,9,31,391800.00,282209.245429,388109.6753004129,0.2824,Comportamento esperado
418,178857,Jorge Solla,PT,BA,Publicidade,Divulgação Da Atividade Parlamentar.,0,Sem indício cadastral crítico,FOUND,ATIVA,23,33,130756.49,317318.910361,328157.1355142384,-0.5685,Comportamento esperado
750,223128,Rodrigo Estacho,PSD,PR,Comunicação,Telefonia,0,Sem indício cadastral crítico,FOUND,ATIVA,1,5,557.00,10984.091277,13121.60062975809,-0.7947,Comportamento esperado
158,206018,Célia Xakriabá,PSOL,MG,Publicidade,Divulgação Da Atividade Parlamentar.,0,Sem indício cadastral crítico,FOUND,ATIVA,10,55,423792.25,194891.353020,276881.75990132586,0.8267,Comportamento esperado
191,220642,Delegado Bruno Lima,PODE,SP,Outros,"Serviço De Táxi, Pedágio E Estacionamento",0,Sem indício cadastral crítico,FOUND,ATIVA,1,13,15183.41,11967.060840,16796.655097373645,0.1915,Comportamento esperado
687,204406,Pedro Westphalen,PP,RS,Viagens,Passagem Aérea - Reembolso,0,Sem indício cadastral crítico,FOUND,ATIVA,2,2,3808.56,7846.026333,10735.105702213965,-0.3761,Comportamento esperado
765,220644,Rosangela Moro,PL,SP,Publicidade,Divulgação Da Atividade Parlamentar.,1,Situação cadastral não ativa: BAIXADA,FOUND,BAIXADA,1,2,7800.00,243741.226243,313657.1515008437,-0.7522,Fornecedor com CNPJ suspeito
750,223128,Rodrigo Estacho,PSD,PR,Combustível,Combustíveis E Lubrificantes.,1,CNPJ não encontrado na API pública,NOT_FOUND,,1,2,200.00,57944.345500,82353.4495793919,-0.7012,Fornecedor com CNPJ suspeito
743,220624,Robinson Faria,PP,RN,Viagens,Passagem Aérea - Reembolso,0,Sem indício cadastral crítico,FOUND,ATIVA,1,1,1159.52,3706.697143,4352.996359037126,-0.5852,Comportamento esperado
485,196358,Lourival Gomes,PP,RJ,Serviços profissionais,"Consultorias, Pesquisas E Trabalhos Técnicos.",1,Situação cadastral não ativa: BAIXADA,FOUND,BAIXADA,1,6,52000.00,51555.638000,51954.41216850247,0.0086,Fornecedor com CNPJ suspeito
184,204511,David Soares,UNIÃO,SP,Combustível,Combustíveis E Lubrificantes.,1,CNPJ não encontrado na API pública,NOT_FOUND,,1,1,100.00,42192.750821,64034.19773844777,-0.6573,Fornecedor com CNPJ suspeito
799,227310,Silvio Antonio,PL,MA,Combustível,Combustíveis E Lubrificantes.,0,Sem indício cadastral crítico,FOUND,ATIVA,7,9,944.80,34895.172615,52384.05405357016,-0.6481,Comportamento esperado
26,204571,Alex Santana,REPUBLICANOS,BA,Viagens,Passagem Aérea - Sigepa,,,,,0,293,380133.29,219376.223091,157819.4558803826,1.0186,Comportamento esperado
540,133810,Marcelo Moraes,PL,RS,Combustível,Combustíveis E Lubrificantes.,0,Sem indício cadastral crítico,FOUND,ATIVA,157,786,181396.28,60520.148547,97388.05968907535,1.2412,Comportamento esperado
368,204548,Heitor Freire,UNIÃO,CE,Viagens,Passagem Aérea - Sigepa,,,,,0,80,85522.72,190828.457826,170630.5409255439,-0.6172,Comportamento esperado
482,204405,Liziane Bayer,REPUBLICANOS,RS,Hotéis,"Hospedagem ,exceto Do Parlamentar No Distrito Federal.",0,Sem indício cadastral crítico,FOUND,ATIVA,20,76,15081.54,21826.986437,35658.661568585754,-0.1892,Comportamento esperado
873,220552,Zucco,PL,RS,Outros,"Serviço De Táxi, Pedágio E Estacionamento",0,Sem indício cadastral crítico,FOUND,ATIVA,7,110,2013.65,10192.084923,16137.89190584743,-0.5068,Comportamento esperado
33,204516,Alexis Fonteyne,NOVO,SP,Outros,Manutenção De Escritório De Apoio À Atividade Parlamentar,0,Documento não consultado por não ser CNPJ,NOT_APPLICABLE,,1,3,4796.44,98538.487659,143509.98800071477,-0.6532,Comportamento esperado
856,178992,Vitor Lippi,PSDB,SP,Alimentação,Fornecimento De Alimentação Do Parlamentar,0,Sem indício cadastral crítico,FOUND,ATIVA,36,56,1965.74,3366.001170,5609.697337170304,-0.2496,Comportamento esperado
689,161440,Pezenti,MDB,SC,Combustível,Combustíveis E Lubrificantes.,0,Sem indício cadastral crítico,FOUND,ATIVA,61,344,192079.66,63943.250339,85631.6159933909,1.4964,Comportamento esperado
856,178992,Vitor Lippi,PSDB,SP,Hotéis,"Hospedagem ,exceto Do Parlamentar No Distrito Federal.",0,Sem indício cadastral crítico,FOUND,ATIVA,17,73,19155.54,10014.789189,11435.329101648113,0.7993,Comportamento esperado
366,204456,Gutemberg Reis,MDB,RJ,Outros,Manutenção De Escritório De Apoio À Atividade Parlamentar,0,Documento não consultado por não ser CNPJ,NOT_APPLICABLE,,1,52,109820.00,80988.593819,134414.71100556676,0.2145,Comportamento esperado
280,74454,Eunício Oliveira,MDB,CE,Publicidade,Divulgação Da Atividade Parlamentar.,0,Sem indício cadastral crítico,FOUND,ATIVA,2,36,1469173.49,263931.285395,366906.3702021798,3.2849,Anomalia financeira extrema
576,204486,Mauro Benevides Filho,UNIÃO,CE,Comunicação,Telefonia,0,Sem indício cadastral crítico,FOUND,ATIVA,2,27,8547.64,11707.711071,16858.211643996754,-0.1874,Comportamento esperado
668,128760,Paulo Marinho Jr,PL,MA,Outros,Manutenção De Escritório De Apoio À Atividade Parlamentar,0,Sem indício cadastral crítico,FOUND,ATIVA,1,1,339.70,64195.130784,109861.24089764054,-0.5812,Comportamento esperado
270,161550,Emidinho Madeira,PL,MG,Outros,"Serviço De Táxi, Pedágio E Estacionamento",1,Situação cadastral não ativa: INAPTA,FOUND,INAPTA,2,2,70.00,5572.245385,10370.293242628488,-0.5306,Fornecedor com CNPJ suspeito
831,160976,Tiririca,PL,SP,Combustível,Combustíveis E Lubrificantes.,0,Sem indício cadastral crítico,FOUND,ATIVA,12,18,4496.85,42192.750821,64034.19773844777,-0.5887,Comportamento esperado
724,73801,Renildo Calheiros,PCDOB,PE,Outros,Manutenção De Escritório De Apoio À Atividade Parlamentar,0,Sem indício cadastral crítico,FOUND,ATIVA,14,203,483927.80,90785.734524,140277.34198893898,2.8026,Possível anomalia financeira
846,204505,Vavá Martins,REPUBLICANOS,PA,Locomoção,Locação Ou Fretamento De Veículos Automotores,0,Sem indício cadastral crítico,FOUND,ATIVA,1,8,24467.97,121907.551481,147158.0353457022,-0.6621,Comportamento esperado
704,160641,Professora Marcivania,PCDOB,AP,Outros,Manutenção De Escritório De Apoio À Atividade Parlamentar,0,Documento não consultado por não ser CNPJ,NOT_APPLICABLE,,1,8,20000.00,30123.933200,30290.240248736845,-0.3342,Comportamento esperado
869,220660,Yury Do Paredão,MDB,CE,Locomoção,Locação Ou Fretamento De Veículos Automotores,0,Sem indício cadastral crítico,FOUND,ATIVA,3,12,39188.00,139651.247778,143531.8586124825,-0.6999,Comportamento esperado
540,133810,Marcelo Moraes,PL,RS,Viagens,Passagem Aérea - Rpa,0,Sem indício cadastral crítico,FOUND,ATIVA,2,49,42923.01,23263.014545,27193.710295909314,0.723,Comportamento esperado
874,230768,Zé Adriano,PP,AC,Publicidade,Divulgação Da Atividade Parlamentar.,0,Sem indício cadastral crítico,FOUND,ATIVA,15,89,414121.00,295132.464706,394989.3569390969,0.3012,Comportamento esperado
769,220620,Rosângela Reis,PL,MG,Hotéis,"Hospedagem ,exceto Do Parlamentar No Distrito Federal.",0,Sem indício cadastral crítico,FOUND,ATIVA,18,23,7348.00,17018.453084,26330.369533202334,-0.3673,Comportamento esperado
734,220694,Ricardo Maia,MDB,BA,Combustível,Combustíveis E Lubrificantes.,1,Situação cadastral não ativa: INAPTA,FOUND,INAPTA,1,1,221.03,76280.976842,110667.4963849575,-0.6873,Fornecedor com CNPJ suspeito
299,141431,Fernando Coelho Filho,UNIÃO,PE,Publicidade,Divulgação Da Atividade Parlamentar.,0,Sem indício cadastral crítico,FOUND,ATIVA,4,7,47550.00,241972.708182,301628.5621101344,-0.6446,Comportamento esperado
71,160541,Arthur Lira,PP,AL,Locomoção,Locação Ou Fretamento De Veículos Automotores,0,Sem indício cadastral crítico,FOUND,ATIVA,2,15,56760.00,233502.585833,195708.62456859284,-0.9031,Comportamento esperado
153,178963,Covatti Filho,PP,RS,Publicidade,Divulgação Da Atividade Parlamentar.,1,Situação cadastral não ativa: BAIXADA,FOUND,BAIXADA,2,3,68650.00,215724.063125,265101.600265673,-0.5548,Fornecedor com CNPJ suspeito
666,220685,Paulo Litro,UNIÃO,PR,Viagens,Passagem Aérea - Rpa,0,Sem indício cadastral crítico,FOUND,ATIVA,2,16,9896.87,26722.504474,58025.433845182,-0.29,Comportamento esperado
11,160508,Afonso Florence,PT,BA,Viagens,Passagem Aérea - Reembolso,0,Sem indício cadastral crítico,FOUND,ATIVA,1,1,3227.90,6722.195000,9392.208684505544,-0.372,Comportamento esperado
690,204524,Pinheirinho,PP,MG,Outros,"Serviço De Táxi, Pedágio E Estacionamento",1,CNPJ não encontrado na API pública,NOT_FOUND,,1,1,200.00,5572.245385,10370.293242628488,-0.518,Fornecedor com CNPJ suspeito
162,204355,Da Vitoria,PP,ES,Combustível,Combustíveis E Lubrificantes.,0,Sem indício cadastral crítico,FOUND,ATIVA,52,189,243159.23,49148.417879,67749.62213949014,2.8636,Possível anomalia financeira
4,204379,Acácio Favacho,MDB,AP,Combustível,Combustíveis E Lubrificantes.,0,Sem indício cadastral crítico,FOUND,ATIVA,81,540,158334.29,24571.047667,39205.554475113444,3.4118,Anomalia financeira extrema
852,141555,Vinicius Carvalho,REPUBLICANOS,SP,Hotéis,"Hospedagem ,exceto Do Parlamentar No Distrito Federal.",0,Sem indício cadastral crítico,FOUND,ATIVA,19,38,15594.04,10014.789189,11435.329101648113,0.4879,Comportamento esperado
551,160535,Marcon,PT,RS,Outros,Manutenção De Escritório De Apoio À Atividade Parlamentar,0,Sem indício cadastral crítico,FOUND,ATIVA,12,196,262065.38,109428.142500,149558.61424927576,1.0206,Comportamento esperado
769,220620,Rosângela Reis,PL,MG,Publicidade,Divulgação Da Atividade Parlamentar.,0,Sem indício cadastral crítico,FOUND,ATIVA,17,66,533210.21,194891.353020,276881.75990132586,1.2219,Comportamento esperado
485,196358,Lourival Gomes,PP,RJ,Viagens,Passagem Aérea - Sigepa,,,,,0,61,68073.45,213577.740357,175550.75566941444,-0.8288,Comportamento esperado
388,204533,Idilvan Alencar,PDT,CE,Viagens,Passagem Aérea - Sigepa,,,,,0,113,137678.74,190828.457826,170630.5409255439,-0.3115,Comportamento esperado
165,220692,Dal Barreto,UNIÃO,BA,Publicidade,Divulgação Da Atividade Parlamentar.,0,Sem indício cadastral crítico,FOUND,ATIVA,13,43,878217.50,317318.910361,328157.1355142384,1.7092,Comportamento esperado
369,178964,Heitor Schuch,PSD,RS,Hotéis,"Hospedagem ,exceto Do Parlamentar No Distrito Federal.",1,Erro na consulta pública de CNPJ,ERROR,,1,18,16547.82,21826.986437,35658.661568585754,-0.148,Fornecedor com CNPJ suspeito
48,107970,Ana Paula Leão,PP,MG,Publicidade,Divulgação Da Atividade Parlamentar.,0,Sem indício cadastral crítico,FOUND,ATIVA,52,244,473842.27,194891.353020,276881.75990132586,1.0075,Comportamento esperado
437,178970,João Daniel,PT,SE,Combustível,Combustíveis E Lubrificantes.,0,Sem indício cadastral crítico,FOUND,ATIVA,46,167,266518.90,53493.520741,82556.56454059949,2.5804,Possível anomalia financeira
225,220688,Dr. Francisco,PT,PI,Outros,Serviço De Segurança Prestado Por Empresa Especializada.,0,Sem indício cadastral crítico,FOUND,ATIVA,2,35,304159.15,147917.945000,155282.31492759756,1.0062,Comportamento esperado
342,74270,Gilberto Nascimento,PSC,SP,Viagens,Passagem Aérea - Rpa,0,Sem indício cadastral crítico,FOUND,ATIVA,2,3,4387.19,24943.515352,36157.13967829913,-0.5685,Comportamento esperado
442,204474,Juarez Costa,REPUBLICANOS,MT,Comunicação,Telefonia,0,Sem indício cadastral crítico,FOUND,ATIVA,2,46,5562.84,6682.953571,8863.976852355925,-0.1264,Comportamento esperado
152,220590,Coronel Ulysses,UNIÃO,AC,Outros,Aquisição De Tokens E Certificados Digitais,0,Sem indício cadastral crítico,FOUND,ATIVA,1,1,190.00,595.000000,572.7564927611035,-0.7071,Comportamento esperado
221,213854,Dr. Agripino Magalhães,UNIÃO,CE,Locomoção,Locação Ou Fretamento De Veículos Automotores,0,Sem indício cadastral crítico,FOUND,ATIVA,1,9,38100.00,139651.247778,143531.8586124825,-0.7075,Comportamento esperado
334,178966,Geovania De Sá,PSDB,SC,Outros,"Serviço De Táxi, Pedágio E Estacionamento",0,Sem indício cadastral crítico,FOUND,ATIVA,10,25,2286.37,2658.067742,3431.982973130558,-0.1083,Comportamento esperado
237,230088,Dra. Mayra Pinheiro,PL,CE,Combustível,Combustíveis E Lubrificantes.,1,Situação cadastral não ativa: BAIXADA,FOUND,BAIXADA,1,1,211.42,41977.960833,76764.60304100714,-0.5441,Fornecedor com CNPJ suspeito
777,178990,Samuel Moreira,PSDB,SP,Alimentação,Fornecimento De Alimentação Do Parlamentar,0,Sem indício cadastral crítico,FOUND,ATIVA,5,6,361.32,3366.001170,5609.697337170304,-0.5356,Comportamento esperado
65,220675,Antônio Doido,MDB,PA,Viagens,Passagem Aérea - Sigepa,,,,,0,261,261741.29,266111.307931,195578.09309190325,-0.0223,Comportamento esperado
769,220620,Rosângela Reis,PL,MG,Viagens,Passagem Aérea - Sigepa,,,,,0,132,195022.80,195216.599630,167832.49260588933,-0.0012,Comportamento esperado
621,204479,Nicoletti,PL,RR,Outros,Manutenção De Escritório De Apoio À Atividade Parlamentar,0,Sem indício cadastral crítico,FOUND,ATIVA,3,38,115316.62,80921.562903,170825.55022261123,0.2013,Comportamento esperado
801,220569,Silvye Alves,UNIÃO,GO,Combustível,Combustíveis E Lubrificantes.,0,Sem indício cadastral crítico,FOUND,ATIVA,174,555,125090.34,65044.277593,95738.05404592726,0.6272,Comportamento esperado
146,220594,Coronel Assis,PL,MT,Hotéis,"Hospedagem ,exceto Do Parlamentar No Distrito Federal.",0,Sem indício cadastral crítico,FOUND,ATIVA,19,36,22517.26,20380.542308,35609.06873470771,0.06,Comportamento esperado
685,160604,Pedro Uczai,PT,SC,Outros,Manutenção De Escritório De Apoio À Atividade Parlamentar,1,Erro na consulta pública de CNPJ,ERROR,,1,115,49072.67,70964.571200,106769.4367602354,-0.205,Fornecedor com CNPJ suspeito
784,220621,Sargento Gonçalves,PL,RN,Viagens,Passagem Aérea - Sigepa,,,,,0,220,307417.42,162797.373750,139730.51949096413,1.035,Comportamento esperado
206,220689,Detinha,PL,MA,Viagens,Passagem Aérea - Sigepa,,,,,0,248,127072.25,132207.227045,122458.5508602934,-0.0419,Comportamento esperado
675,90201,Pedro Augusto Bezerra,PDT,CE,Publicidade,Divulgação Da Atividade Parlamentar.,0,Sem indício cadastral crítico,FOUND,ATIVA,4,28,88920.00,263931.285395,366906.3702021798,-0.477,Comportamento esperado
366,204456,Gutemberg Reis,MDB,RJ,Locomoção,Locação Ou Fretamento De Veículos Automotores,0,Sem indício cadastral crítico,FOUND,ATIVA,9,92,499836.33,162239.394390,163272.60476613723,2.0677,Possível anomalia financeira
170,74060,Daniel Almeida,PCDOB,BA,Outros,Manutenção De Escritório De Apoio À Atividade Parlamentar,0,Sem indício cadastral crítico,FOUND,ATIVA,11,241,235723.06,98257.521290,134321.8726415135,1.0234,Comportamento esperado
228,220570,Dr. Ismael Alexandrino,PSD,GO,Viagens,Passagem Aérea - Sigepa,,,,,0,38,45555.23,12997.291429,13545.423262596489,2.4036,Possível anomalia financeira
879,220558,Zé Trovão,PL,SC,Locomoção,Locação Ou Fretamento De Veículos Automotores,0,Sem indício cadastral crítico,FOUND,ATIVA,5,50,260719.66,154711.621212,151032.92349497412,0.7019,Comportamento esperado
619,178896,Newton Cardoso Jr,MDB,MG,Outros,Manutenção De Escritório De Apoio À Atividade Parlamentar,0,Sem indício cadastral crítico,FOUND,ATIVA,3,53,230926.93,123562.947566,162703.54342443834,0.6599,Comportamento esperado
859,160569,Waldenor Pereira,PT,BA,Viagens,Passagem Aérea - Reembolso,0,Sem indício cadastral crítico,FOUND,ATIVA,1,1,672.91,6722.195000,9392.208684505544,-0.6441,Comportamento esperado
290,66828,Fausto Pinato,PP,SP,Outros,"Serviço De Táxi, Pedágio E Estacionamento",0,Sem indício cadastral crítico,FOUND,ATIVA,2,13,17923.47,11967.060840,16796.655097373645,0.3546,Comportamento esperado
452,204574,Junior Lourenço,PL,MA,Comunicação,Telefonia,0,Sem indício cadastral crítico,FOUND,ATIVA,2,21,9152.49,18512.680625,18171.321371846523,-0.5151,Comportamento esperado
48,107970,Ana Paula Leão,PP,MG,Alimentação,Fornecimento De Alimentação Do Parlamentar,1,Erro na consulta pública de CNPJ,ERROR,,1,6,1199.79,3421.773553,6721.942950865462,-0.3306,Fornecedor com CNPJ suspeito
194,220583,Delegado Fabio Costa,PP,AL,Publicidade,Divulgação Da Atividade Parlamentar.,1,Situação cadastral não ativa: INAPTA,FOUND,INAPTA,1,4,4400.00,358459.172381,402499.84210100886,-0.8797,Fornecedor com CNPJ suspeito
662,160558,Paulo Freire Costa,PL,SP,Outros,Serviços Postais,0,Sem indício cadastral crítico,FOUND,ATIVA,1,2,2684.90,1015.584878,1403.5425598127083,1.1894,Comportamento esperado
24,160511,Alessandro Molon,PSB,RJ,Outros,Manutenção De Escritório De Apoio À Atividade Parlamentar,1,Erro na consulta pública de CNPJ,ERROR,,1,4,893.87,80988.593819,134414.71100556676,-0.5959,Fornecedor com CNPJ suspeito
350,152605,Glauber Braga,PSOL,RJ,Outros,"Serviço De Táxi, Pedágio E Estacionamento",0,Sem indício cadastral crítico,FOUND,ATIVA,27,1001,25414.15,8455.730411,14321.838989715481,1.1841,Comportamento esperado
209,178929,Diego Garcia,UNIÃO,PR,Locomoção,Locação Ou Fretamento De Veículos Automotores,0,Sem indício cadastral crítico,FOUND,ATIVA,11,78,191945.67,113439.957419,130977.93601797776,0.5994,Comportamento esperado
642,160556,Padre João,PT,MG,Combustível,Combustíveis E Lubrificantes.,0,Sem indício cadastral crítico,FOUND,ATIVA,363,1073,293226.93,65306.104375,92314.0005265802,2.469,Possível anomalia financeira
86,220683,Beto Richa,PSDB,PR,Outros,"Serviço De Táxi, Pedágio E Estacionamento",0,Sem indício cadastral crítico,FOUND,ATIVA,13,64,2773.10,5713.999474,13397.131596894355,-0.2195,Comportamento esperado
177,204459,Daniela Do Waguinho,REPUBLICANOS,RJ,Combustível,Combustíveis E Lubrificantes.,0,Sem indício cadastral crítico,FOUND,ATIVA,34,130,28715.39,44023.319398,62812.667137756165,-0.2437,Comportamento esperado
423,74141,Josias Gomes,PT,BA,Outros,Manutenção De Escritório De Apoio À Atividade Parlamentar,0,Sem indício cadastral crítico,FOUND,ATIVA,12,261,101766.33,98257.521290,134321.8726415135,0.0261,Comportamento esperado
13,178835,Afonso Motta,PDT,RS,Viagens,Passagem Aérea - Rpa,0,Sem indício cadastral crítico,FOUND,ATIVA,3,51,55823.02,23263.014545,27193.710295909314,1.1973,Comportamento esperado
127,141405,Celso Maldaner,MDB,SC,Viagens,Passagem Aérea - Sigepa,,,,,0,147,126584.19,213397.721034,170101.01243018164,-0.5104,Comportamento esperado
340,204575,Gil Cutrim,REPUBLICANOS,MA,Viagens,Passagem Aérea - Sigepa,,,,,0,49,101285.79,132207.227045,122458.5508602934,-0.2525,Comportamento esperado
733,160655,Ricardo Izar,REPUBLICANOS,SP,Viagens,Passagem Aérea - Sigepa,,,,,0,69,106328.81,185430.171967,136227.76556134285,-0.5807,Comportamento esperado
315,220534,Fred Linhares,REPUBLICANOS,DF,Combustível,Combustíveis E Lubrificantes.,1,Situação cadastral não ativa: BAIXADA,FOUND,BAIXADA,2,14,3373.47,33372.670769,51515.7382887601,-0.5823,Fornecedor com CNPJ suspeito
182,116379,Darci De Matos,PSD,SC,Viagens,Passagem Aérea - Sigepa,,,,,0,239,243581.32,213397.721034,170101.01243018164,0.1774,Comportamento esperado
214,143632,Domingos Neto,PSD,CE,Comunicação,Telefonia,0,Sem indício cadastral crítico,FOUND,ATIVA,1,20,7525.78,11707.711071,16858.211643996754,-0.2481,Comportamento esperado
463,204536,Kim Kataguiri,UNIÃO,SP,Viagens,Passagem Aérea - Sigepa,,,,,0,235,349417.66,185430.171967,136227.76556134285,1.2038,Comportamento esperado
541,204558,Marcelo Nilo,REPUBLICANOS,BA,Outros,Manutenção De Escritório De Apoio À Atividade Parlamentar,0,Sem indício cadastral crítico,FOUND,ATIVA,5,78,35450.05,98257.521290,134321.8726415135,-0.4676,Comportamento esperado
647,204570,Pastor Gil,PL,MA,Viagens,Passagem Aérea - Reembolso,0,Sem indício cadastral crítico,FOUND,ATIVA,1,2,5114.38,10441.916667,13512.988376850404,-0.3943,Comportamento esperado
608,204453,Natália Bonavides,PT,RN,Viagens,Passagem Aérea - Reembolso,0,Sem indício cadastral crítico,FOUND,ATIVA,2,2,1212.33,3706.697143,4352.996359037126,-0.573,Comportamento esperado
612,204449,Nelson Barbudo,PODE,MT,Publicidade,Divulgação Da Atividade Parlamentar.,0,Sem indício cadastral crítico,FOUND,ATIVA,17,89,526635.39,167205.955714,207800.9242977291,1.7297,Comportamento esperado
343,220529,Gilson Daniel,PODE,ES,Hotéis,"Hospedagem ,exceto Do Parlamentar No Distrito Federal.",0,Sem indício cadastral crítico,FOUND,ATIVA,17,48,17668.55,14136.593684,23816.6886480095,0.1483,Comportamento esperado
627,66179,Norma Ayub,PP,ES,Outros,Manutenção De Escritório De Apoio À Atividade Parlamentar,0,Documento não consultado por não ser CNPJ,NOT_APPLICABLE,,1,12,71500.00,101936.796563,164857.25422120074,-0.1846,Comportamento esperado
841,141552,Valtenir Pereira,MDB,MT,Serviços profissionais,"Consultorias, Pesquisas E Trabalhos Técnicos.",0,Sem indício cadastral crítico,FOUND,ATIVA,2,10,80740.01,43580.003333,32567.61538092762,1.141,Comportamento esperado
781,160621,Sandro Alex,PSD,PR,Publicidade,Divulgação Da Atividade Parlamentar.,0,Sem indício cadastral crítico,FOUND,ATIVA,3,8,157000.00,263664.052022,329972.5348930845,-0.3233,Comportamento esperado
723,153423,Renilce Nicodemos,MDB,PA,Outros,Manutenção De Escritório De Apoio À Atividade Parlamentar,0,Sem indício cadastral crítico,FOUND,ATIVA,1,22,33006.17,42888.542571,70113.4772677672,-0.1409,Comportamento esperado
533,156190,Marcel Van Hattem,NOVO,RS,Publicidade,Divulgação Da Atividade Parlamentar.,1,Erro na consulta pública de CNPJ,ERROR,,1,2,1204.12,215724.063125,265101.600265673,-0.8092,Fornecedor com CNPJ suspeito
821,206231,Ted Conti,PSB,ES,Publicidade,Divulgação Da Atividade Parlamentar.,0,Sem indício cadastral crítico,FOUND,ATIVA,2,4,35340.00,254942.876552,301625.34822291706,-0.7281,Comportamento esperado
272,230765,Enfermeira Rejane,PCDOB,RJ,Alimentação,Fornecimento De Alimentação Do Parlamentar,0,Sem indício cadastral crítico,FOUND,ATIVA,14,26,2181.37,5314.154545,11413.915891543053,-0.2745,Comportamento esperado
298,220656,Fernanda Pessoa,PSD,CE,Outros,Manutenção De Escritório De Apoio À Atividade Parlamentar,0,Sem indício cadastral crítico,FOUND,ATIVA,5,71,81077.22,68348.775082,105244.60317209057,0.1209,Comportamento esperado
787,226837,Saulo Pedroso,PSD,SP,Locomoção,Locação Ou Fretamento De Veículos Automotores,0,Sem indício cadastral crítico,FOUND,ATIVA,1,26,133000.00,147254.510948,139673.23431152088,-0.1021,Comportamento esperado
418,178857,Jorge Solla,PT,BA,Outros,"Serviço De Táxi, Pedágio E Estacionamento",0,Documento não consultado por não ser CNPJ,NOT_APPLICABLE,,4,4,197.00,7947.726552,12451.86965129915,-0.6225,Comportamento esperado
539,220634,Marcelo Lima,PSB,SP,Outros,"Serviço De Táxi, Pedágio E Estacionamento",0,Sem indício cadastral crítico,FOUND,ATIVA,1,4,525.00,11967.060840,16796.655097373645,-0.6812,Comportamento esperado
12,136811,Afonso Hamm,PP,RS,Hotéis,"Hospedagem ,exceto Do Parlamentar No Distrito Federal.",1,Situação cadastral não ativa: BAIXADA,FOUND,BAIXADA,1,6,960.00,21826.986437,35658.661568585754,-0.5852,Fornecedor com CNPJ suspeito
209,178929,Diego Garcia,UNIÃO,PR,Combustível,Combustíveis E Lubrificantes.,1,CNPJ não encontrado na API pública,NOT_FOUND,,2,3,250.00,57944.345500,82353.4495793919,-0.7006,Fornecedor com CNPJ suspeito
93,160538,Bohn Gass,PT,RS,Hotéis,"Hospedagem ,exceto Do Parlamentar No Distrito Federal.",1,Erro na consulta pública de CNPJ,ERROR,,1,10,5463.11,21826.986437,35658.661568585754,-0.4589,Fornecedor com CNPJ suspeito
154,220608,Cristiane Lopes,PODE,RO,Alimentação,Fornecimento De Alimentação Do Parlamentar,1,Situação cadastral não ativa: BAIXADA,FOUND,BAIXADA,3,4,246.65,3332.884500,5228.833199412531,-0.5902,Fornecedor com CNPJ suspeito
119,74262,Carlos Sampaio,PSDB,SP,Publicidade,Divulgação Da Atividade Parlamentar.,0,Sem indício cadastral crítico,FOUND,ATIVA,1,3,45000.00,243741.226243,313657.1515008437,-0.6336,Comportamento esperado
552,204431,Marcos Aurélio Sampaio,PSD,PI,Outros,Serviço De Segurança Prestado Por Empresa Especializada.,0,Sem indício cadastral crítico,FOUND,ATIVA,1,1,8500.00,147917.945000,155282.31492759756,-0.8978,Comportamento esperado
604,160542,Márcio Macêdo,PT,SE,Comunicação,Telefonia,0,Sem indício cadastral crítico,FOUND,ATIVA,1,7,1949.58,10940.770000,16435.398849269677,-0.5471,Comportamento esperado
793,204437,Severino Pessoa,MDB,AL,Serviços profissionais,"Consultorias, Pesquisas E Trabalhos Técnicos.",0,Sem indício cadastral crítico,FOUND,ATIVA,1,5,125639.80,120762.828571,125631.35489202412,0.0388,Comportamento esperado
375,73482,Henrique Fontana,PT,RS,Outros,Manutenção De Escritório De Apoio À Atividade Parlamentar,0,Documento não consultado por não ser CNPJ,NOT_APPLICABLE,,1,14,18529.37,109428.142500,149558.61424927576,-0.6078,Comportamento esperado
834,178934,Toninho Wandscheer,PP,PR,Publicidade,Divulgação Da Atividade Parlamentar.,1,Situação cadastral não ativa: BAIXADA,FOUND,BAIXADA,1,5,7500.00,263664.052022,329972.5348930845,-0.7763,Fornecedor com CNPJ suspeito
655,220627,Paulinho Freire,UNIÃO,RN,Viagens,Passagem Aérea - Sigepa,,,,,0,102,128418.52,162797.373750,139730.51949096413,-0.246,Comportamento esperado
36,74057,Alice Portugal,PCDOB,BA,Combustível,Combustíveis E Lubrificantes.,0,Sem indício cadastral crítico,FOUND,ATIVA,200,671,140125.07,76280.976842,110667.4963849575,0.5769,Comportamento esperado
413,160548,Jonas Donizette,PSB,SP,Publicidade,Divulgação Da Atividade Parlamentar.,0,Sem indício cadastral crítico,FOUND,ATIVA,16,112,574408.53,243741.226243,313657.1515008437,1.0542,Comportamento esperado
357,204513,Guiga Peixoto,PSC,SP,Alimentação,Fornecimento De Alimentação Do Parlamentar,0,Sem indício cadastral crítico,FOUND,ATIVA,29,78,5007.25,3366.001170,5609.697337170304,0.2926,Comportamento esperado
289,220712,Fausto Jr.,UNIÃO,AM,Combustível,Combustíveis E Lubrificantes.,1,Situação cadastral não ativa: BAIXADA,FOUND,BAIXADA,2,31,6531.07,27982.215263,36043.55549981074,-0.5951,Fornecedor com CNPJ suspeito
255,220589,Eduardo Velloso,SOLIDARIEDADE,AC,Publicidade,Divulgação Da Atividade Parlamentar.,0,Sem indício cadastral crítico,FOUND,ATIVA,41,208,934010.02,295132.464706,394989.3569390969,1.6175,Comportamento esperado
875,178889,Zé Carlos,PT,MA,Outros,Manutenção De Escritório De Apoio À Atividade Parlamentar,0,Sem indício cadastral crítico,FOUND,ATIVA,6,83,73905.76,64195.130784,109861.24089764054,0.0884,Comportamento esperado
362,204442,Gurgel,PL,RJ,Serviços profissionais,"Consultorias, Pesquisas E Trabalhos Técnicos.",0,Sem indício cadastral crítico,FOUND,ATIVA,2,7,23000.00,51555.638000,51954.41216850247,-0.5496,Comportamento esperado
215,160758,Domingos Sávio,PL,MG,Comunicação,Telefonia,0,Sem indício cadastral crítico,FOUND,ATIVA,4,142,90820.25,15607.667083,19082.29985422686,3.9415,Anomalia financeira extrema
875,178889,Zé Carlos,PT,MA,Alimentação,Fornecimento De Alimentação Do Parlamentar,0,Sem indício cadastral crítico,FOUND,ATIVA,28,101,5178.29,1328.951538,1567.1502413768233,2.4563,Possível anomalia financeira
596,220617,Murillo Gouvea,PSDB,RJ,Locomoção,Locação Ou Fretamento De Veículos Automotores,0,Sem indício cadastral crítico,FOUND,ATIVA,2,32,314645.60,162239.394390,163272.60476613723,0.9334,Comportamento esperado
209,178929,Diego Garcia,UNIÃO,PR,Publicidade,Divulgação Da Atividade Parlamentar.,0,Sem indício cadastral crítico,FOUND,ATIVA,46,119,336116.14,263664.052022,329972.5348930845,0.2196,Comportamento esperado
632,178987,Orlando Silva,PCDOB,SP,Comunicação,Telefonia,0,Sem indício cadastral crítico,FOUND,ATIVA,1,49,34204.96,19889.940211,25751.500071775903,0.5559,Comportamento esperado
832,197438,Tito,AVANTE,BA,Locomoção,Locação Ou Fretamento De Veículos Automotores,0,Sem indício cadastral crítico,FOUND,ATIVA,1,28,92700.00,292409.611930,213979.496522466,-0.9333,Comportamento esperado
96,204502,Bozzella,UNIÃO,SP,Publicidade,Divulgação Da Atividade Parlamentar.,1,Situação cadastral não ativa: BAIXADA,FOUND,BAIXADA,2,6,7015.66,243741.226243,313657.1515008437,-0.7547,Fornecedor com CNPJ suspeito
456,73586,Júlio Delgado,PV,MG,Publicidade,Divulgação Da Atividade Parlamentar.,0,Sem indício cadastral crítico,FOUND,ATIVA,3,10,26700.00,194891.353020,276881.75990132586,-0.6074,Comportamento esperado
403,220567,Jeferson Rodrigues,PSDB,GO,Comunicação,Telefonia,0,Sem indício cadastral crítico,FOUND,ATIVA,2,6,697.45,16840.076000,26049.85234640615,-0.6197,Comportamento esperado
369,178964,Heitor Schuch,PSB,RS,Alimentação,Fornecimento De Alimentação Do Parlamentar,1,Situação cadastral não ativa: BAIXADA,FOUND,BAIXADA,2,2,66.40,7368.085075,13657.337051272762,-0.5346,Fornecedor com CNPJ suspeito
609,228042,Naumi Amorim,PSD,CE,Viagens,Passagem Aérea - Reembolso,0,Sem indício cadastral crítico,FOUND,ATIVA,1,1,2839.41,12007.303200,17888.200103405623,-0.5125,Comportamento esperado
343,220529,Gilson Daniel,PODE,ES,Outros,"Serviço De Táxi, Pedágio E Estacionamento",1,Situação cadastral não ativa: BAIXADA,FOUND,BAIXADA,1,21,621.94,4193.280000,4516.28138620702,-0.7908,Fornecedor com CNPJ suspeito
485,196358,Lourival Gomes,PP,RJ,Serviços profissionais,"Consultorias, Pesquisas E Trabalhos Técnicos.",0,Sem indício cadastral crítico,FOUND,ATIVA,2,15,121500.00,51555.638000,51954.41216850247,1.3463,Comportamento esperado
134,141439,Chico D'angelo,PDT,RJ,Comunicação,Telefonia,0,Sem indício cadastral crítico,FOUND,ATIVA,3,43,9470.17,11897.719661,18918.17939394703,-0.1283,Comportamento esperado
758,178930,Roman,PP,PR,Outros,Manutenção De Escritório De Apoio À Atividade Parlamentar,1,Situação cadastral não ativa: BAIXADA,FOUND,BAIXADA,1,1,1000.00,86193.122500,116860.66498214444,-0.729,Fornecedor com CNPJ suspeito
566,220655,Mario Frias,PL,SP,Outros,Serviço De Segurança Prestado Por Empresa Especializada.,0,Sem indício cadastral crítico,FOUND,ATIVA,1,5,43500.00,57471.443333,111341.01915358497,-0.1255,Comportamento esperado
316,204393,Frei Anastacio Ribeiro,PT,PB,Alimentação,Fornecimento De Alimentação Do Parlamentar,1,Situação cadastral não ativa: BAIXADA,FOUND,BAIXADA,2,2,166.00,1884.650000,4639.955468391323,-0.3704,Fornecedor com CNPJ suspeito
163,141411,Dagoberto Nogueira,PP,MS,Comunicação,Telefonia,0,Sem indício cadastral crítico,FOUND,ATIVA,2,72,59647.97,12463.390000,16925.10623218233,2.7878,Possível anomalia financeira
597,220584,Murilo Galdino,REPUBLICANOS,PB,Outros,Manutenção De Escritório De Apoio À Atividade Parlamentar,0,Documento não consultado por não ser CNPJ,NOT_APPLICABLE,,1,11,66000.00,40088.436364,59072.75761932022,0.4386,Comportamento esperado
81,73701,Benedita Da Silva,PT,RJ,Hotéis,"Hospedagem ,exceto Do Parlamentar No Distrito Federal.",0,Sem indício cadastral crítico,FOUND,ATIVA,6,7,14571.36,13016.628636,21468.959145470457,0.0724,Comportamento esperado
517,204526,Luiz Philippe De Orleans E Bragança,PL,SP,Publicidade,Divulgação Da Atividade Parlamentar.,1,Situação cadastral não ativa: BAIXADA,FOUND,BAIXADA,2,10,41486.57,243741.226243,313657.1515008437,-0.6448,Fornecedor com CNPJ suspeito
639,204475,Ottaci Nascimento,SOLIDARIEDADE,RR,Publicidade,Divulgação Da Atividade Parlamentar.,0,Sem indício cadastral crítico,FOUND,ATIVA,2,6,58000.00,302008.159333,364968.0243701814,-0.6686,Comportamento esperado
142,141408,Cleber Verde,MDB,MA,Outros,Manutenção De Escritório De Apoio À Atividade Parlamentar,1,Situação cadastral não ativa: BAIXADA,FOUND,BAIXADA,1,30,6995.00,64195.130784,109861.24089764054,-0.5207,Fornecedor com CNPJ suspeito
161,204488,Célio Studart,PSD,CE,Publicidade,Divulgação Da Atividade Parlamentar.,0,Sem indício cadastral crítico,FOUND,ATIVA,14,182,1091646.42,263931.285395,366906.3702021798,2.2559,Possível anomalia financeira
177,204459,Daniela Do Waguinho,REPUBLICANOS,RJ,Locomoção,Locação Ou Fretamento De Veículos Automotores,0,Sem indício cadastral crítico,FOUND,ATIVA,1,33,188649.90,162239.394390,163272.60476613723,0.1618,Comportamento esperado
64,123756,Antônia Lúcia,MDB,AC,Publicidade,Divulgação Da Atividade Parlamentar.,0,Sem indício cadastral crítico,FOUND,ATIVA,17,76,1137530.32,295132.464706,394989.3569390969,2.1327,Possível anomalia financeira
249,74655,Eduardo Barbosa,PSDB,MG,Publicidade,Divulgação Da Atividade Parlamentar.,0,Sem indício cadastral crítico,FOUND,ATIVA,7,28,54477.42,194891.353020,276881.75990132586,-0.5071,Comportamento esperado
556,178943,Marcos Soares,PSDB,RJ,Comunicação,Telefonia,0,Sem indício cadastral crítico,FOUND,ATIVA,2,71,9775.25,11897.719661,18918.17939394703,-0.1122,Comportamento esperado
819,204464,Talíria Petrone,PSOL,RJ,Publicidade,Divulgação Da Atividade Parlamentar.,0,Sem indício cadastral crítico,FOUND,ATIVA,7,59,461830.00,226781.355120,259582.44863584734,0.9055,Comportamento esperado
36,74057,Alice Portugal,PCDOB,BA,Viagens,Passagem Aérea - Rpa,0,Sem indício cadastral crítico,FOUND,ATIVA,3,33,35225.07,31763.658913,54219.86604798766,0.0638,Comportamento esperado
261,226553,Eliane Braz,PSD,CE,Publicidade,Divulgação Da Atividade Parlamentar.,1,Situação cadastral não ativa: BAIXADA,FOUND,BAIXADA,2,3,10700.00,263931.285395,366906.3702021798,-0.6902,Fornecedor com CNPJ suspeito
72,160600,Arthur Oliveira Maia,UNIÃO,BA,Outros,"Passagens Terrestres, Marítimas Ou Fluviais",0,Sem indício cadastral crítico,FOUND,ATIVA,9,35,5280.29,3634.349545,9001.916528866017,0.1828,Comportamento esperado
297,204407,Fernanda Melchionna,PSOL,RS,Locomoção,Locação Ou Fretamento De Veículos Automotores,1,Situação cadastral não ativa: BAIXADA,FOUND,BAIXADA,1,15,60348.78,182736.733051,177547.8783363845,-0.6893,Fornecedor com CNPJ suspeito
113,204507,Carla Zambelli,PL,SP,Hotéis,"Hospedagem ,exceto Do Parlamentar No Distrito Federal.",0,Sem indício cadastral crítico,FOUND,ATIVA,33,47,25204.90,10014.789189,11435.329101648113,1.3283,Comportamento esperado
342,74270,Gilberto Nascimento,PSC,SP,Combustível,Combustíveis E Lubrificantes.,0,Sem indício cadastral crítico,FOUND,ATIVA,2,29,69579.32,42192.750821,64034.19773844777,0.4277,Comportamento esperado
167,220629,Dandara,PT,MG,Viagens,Passagem Aérea - Sigepa,,,,,0,221,323233.15,195216.599630,167832.49260588933,0.7628,Comportamento esperado
634,73463,Osmar Serraglio,PP,PR,Hotéis,"Hospedagem ,exceto Do Parlamentar No Distrito Federal.",0,Sem indício cadastral crítico,FOUND,ATIVA,33,66,27318.09,18419.328649,34024.43115299299,0.2615,Comportamento esperado
84,204358,Beto Pereira,REPUBLICANOS,MS,Comunicação,Telefonia,0,Sem indício cadastral crítico,FOUND,ATIVA,5,68,31099.94,12463.390000,16925.10623218233,1.1011,Comportamento esperado
504,204410,Luisa Canziani,PSD,PR,Hotéis,"Hospedagem ,exceto Do Parlamentar No Distrito Federal.",0,Sem indício cadastral crítico,FOUND,ATIVA,6,9,2184.51,18419.328649,34024.43115299299,-0.4772,Comportamento esperado
725,175765,Ribamar Silva,PODE,SP,Outros,Manutenção De Escritório De Apoio À Atividade Parlamentar,0,Sem indício cadastral crítico,FOUND,ATIVA,7,53,138038.23,98538.487659,143509.98800071477,0.2752,Comportamento esperado
564,204432,Marina Santos,REPUBLICANOS,PI,Locomoção,Locação Ou Fretamento De Veículos Automotores,1,Situação cadastral não ativa: BAIXADA,FOUND,BAIXADA,1,10,51395.64,264114.661053,215307.58327079436,-0.988,Fornecedor com CNPJ suspeito
135,204476,Chiquinho Brazão,S.PART.,RJ,Locomoção,Locação Ou Fretamento De Veículos Automotores,0,Sem indício cadastral crítico,FOUND,ATIVA,2,18,102446.66,162239.394390,163272.60476613723,-0.3662,Comportamento esperado
412,204546,Joice Hasselmann,PSDB,SP,Hotéis,"Hospedagem ,exceto Do Parlamentar No Distrito Federal.",0,Sem indício cadastral crítico,FOUND,ATIVA,2,2,1329.65,10014.789189,11435.329101648113,-0.7595,Comportamento esperado
428,204472,José Medeiros,PL,MT,Combustível,Combustíveis E Lubrificantes.,1,Situação cadastral não ativa: BAIXADA,FOUND,BAIXADA,5,5,823.29,34330.305532,57340.29977264771,-0.5844,Fornecedor com CNPJ suspeito
215,160758,Domingos Sávio,PL,MG,Outros,"Serviço De Táxi, Pedágio E Estacionamento",1,Situação cadastral não ativa: BAIXADA,FOUND,BAIXADA,2,38,508.87,5572.245385,10370.293242628488,-0.4883,Fornecedor com CNPJ suspeito
351,204419,Glaustin Da Fokus,PODE,GO,Publicidade,Divulgação Da Atividade Parlamentar.,0,Sem indício cadastral crítico,FOUND,ATIVA,7,40,1169479.80,294423.402917,352090.0693215526,2.4853,Possível anomalia financeira
135,204476,Chiquinho Brazão,S.PART.,RJ,Combustível,Combustíveis E Lubrificantes.,0,Sem indício cadastral crítico,FOUND,ATIVA,1,8,71468.96,44023.319398,62812.667137756165,0.4369,Comportamento esperado
28,204544,Alexandre Frota,PROS,SP,Outros,Manutenção De Escritório De Apoio À Atividade Parlamentar,0,Sem indício cadastral crítico,FOUND,ATIVA,1,3,258.80,98538.487659,143509.98800071477,-0.6848,Comportamento esperado
783,204387,Sargento Fahur,PSD,PR,Outros,Serviços Postais,0,Sem indício cadastral crítico,FOUND,ATIVA,1,5,326.15,2362.262000,4411.055170390342,-0.4616,Comportamento esperado
409,178910,Joaquim Passarinho,PL,PA,Combustível,Combustíveis E Lubrificantes.,1,Situação cadastral não ativa: SUSPENSA,FOUND,SUSPENSA,2,2,500.07,39488.928400,62234.56368268833,-0.6265,Fornecedor com CNPJ suspeito
375,73482,Henrique Fontana,PT,RS,Combustível,Combustíveis E Lubrificantes.,1,Situação cadastral não ativa: BAIXADA,FOUND,BAIXADA,11,19,3311.59,60520.148547,97388.05968907535,-0.5874,Fornecedor com CNPJ suspeito
297,204407,Fernanda Melchionna,PSOL,RS,Outros,Manutenção De Escritório De Apoio À Atividade Parlamentar,0,Documento não consultado por não ser CNPJ,NOT_APPLICABLE,,1,4,8000.00,109428.142500,149558.61424927576,-0.6782,Comportamento esperado
419,218245,Jorielson,PL,AP,Locomoção,Locação Ou Fretamento De Veículos Automotores,1,Situação cadastral não ativa: BAIXADA,FOUND,BAIXADA,1,3,11824.22,118873.802381,121389.286590239,-0.8819,Fornecedor com CNPJ suspeito
685,160604,Pedro Uczai,PT,SC,Outros,Serviços Postais,0,Sem indício cadastral crítico,FOUND,ATIVA,1,1,68.00,1043.824167,1437.984649529007,-0.6786,Comportamento esperado
753,141533,Rodrigo Rollemberg,PSB,DF,Outros,Manutenção De Escritório De Apoio À Atividade Parlamentar,0,Sem indício cadastral crítico,FOUND,ATIVA,2,5,2910.90,95246.480000,164390.52276665662,-0.5617,Comportamento esperado
794,178961,Shéridan,PSDB,RR,Comunicação,Telefonia,1,Situação cadastral não ativa: BAIXADA,FOUND,BAIXADA,1,1,285.02,7507.576000,8511.707827192691,-0.8485,Fornecedor com CNPJ suspeito
717,220606,Reimont,PT,RJ,Outros,Manutenção De Escritório De Apoio À Atividade Parlamentar,0,Sem indício cadastral crítico,FOUND,ATIVA,9,188,272951.27,80988.593819,134414.71100556676,1.4281,Comportamento esperado
186,220539,Defensor Stélio Dener,UNIÃO,RR,Publicidade,Divulgação Da Atividade Parlamentar.,0,Sem indício cadastral crítico,FOUND,ATIVA,17,82,745505.79,302008.159333,364968.0243701814,1.2152,Comportamento esperado
601,220687,Márcio Honaiser,SOLIDARIEDADE,MA,Publicidade,Divulgação Da Atividade Parlamentar.,0,Sem indício cadastral crítico,FOUND,ATIVA,15,202,928524.51,299945.123175,386285.4495039867,1.6272,Comportamento esperado
755,220695,Rogéria Santos,REPUBLICANOS,BA,Viagens,Passagem Aérea - Sigepa,,,,,0,333,357266.28,219376.223091,157819.4558803826,0.8737,Comportamento esperado
749,141531,Rodrigo De Castro,UNIÃO,MG,Viagens,Passagem Aérea - Rpa,0,Sem indício cadastral crítico,FOUND,ATIVA,3,29,33378.07,40253.940526,63478.97879162227,-0.1083,Comportamento esperado
475,122195,Leonardo Gadelha,PODE,PB,Publicidade,Divulgação Da Atividade Parlamentar.,0,Sem indício cadastral crítico,FOUND,ATIVA,19,79,122688.12,324815.111538,407718.48875224456,-0.4958,Comportamento esperado
453,178886,Juscelino Filho,UNIÃO,MA,Viagens,Passagem Aérea - Rpa,0,Sem indício cadastral crítico,FOUND,ATIVA,3,94,154532.16,17893.360952,34179.698738222214,3.9977,Anomalia financeira extrema
873,220552,Zucco,PL,RS,Outros,Manutenção De Escritório De Apoio À Atividade Parlamentar,0,Sem indício cadastral crítico,FOUND,ATIVA,15,225,310129.21,109428.142500,149558.61424927576,1.342,Comportamento esperado
420,204386,Jose Mario Schreiner,MDB,GO,Hotéis,"Hospedagem ,exceto Do Parlamentar No Distrito Federal.",0,Sem indício cadastral crítico,FOUND,ATIVA,3,4,551.00,7024.380500,8737.204954294128,-0.7409,Comportamento esperado
294,204371,Felipe Rigoni,UNIÃO,ES,Viagens,Passagem Aérea - Sigepa,,,,,0,160,200242.37,159760.155882,99464.81207952778,0.407,Comportamento esperado
231,204351,Dr. Luiz Ovando,PP,MS,Outros,"Serviço De Táxi, Pedágio E Estacionamento",0,Sem indício cadastral crítico,FOUND,ATIVA,6,257,2047.40,766.408000,769.6696611663995,1.6643,Comportamento esperado
63,220638,Antonio Carlos Rodrigues,PL,SP,Publicidade,Divulgação Da Atividade Parlamentar.,0,Sem indício cadastral crítico,FOUND,ATIVA,7,53,574888.10,243741.226243,313657.1515008437,1.0558,Comportamento esperado
473,178825,Leo De Brito,PT,AC,Outros,"Serviço De Táxi, Pedágio E Estacionamento",0,Sem indício cadastral crítico,FOUND,ATIVA,2,244,6371.49,1201.947143,2347.5245824464705,2.2021,Possível anomalia financeira
740,160653,Roberto De Lucena,REPUBLICANOS,SP,Combustível,Combustíveis E Lubrificantes.,1,Situação cadastral não ativa: BAIXADA,FOUND,BAIXADA,3,4,651.64,42192.750821,64034.19773844777,-0.6487,Fornecedor com CNPJ suspeito
202,178908,Delegado Éder Mauro,PL,PA,Viagens,Passagem Aérea - Sigepa,,,,,0,114,132156.55,266111.307931,195578.09309190325,-0.6849,Comportamento esperado
81,73701,Benedita Da Silva,PT,RJ,Outros,Manutenção De Escritório De Apoio À Atividade Parlamentar,0,Sem indício cadastral crítico,FOUND,ATIVA,18,141,455746.54,80988.593819,134414.71100556676,2.7881,Possível anomalia financeira
389,204564,Igor Kannário,UNIÃO,BA,Locomoção,Locação Ou Fretamento De Veículos Automotores,0,Sem indício cadastral crítico,FOUND,ATIVA,1,11,45530.00,292409.611930,213979.496522466,-1.1538,Comportamento esperado
232,228616,Dr. Remy Soares,PP,MA,Publicidade,Divulgação Da Atividade Parlamentar.,0,Sem indício cadastral crítico,FOUND,ATIVA,3,3,64000.00,299945.123175,386285.4495039867,-0.6108,Comportamento esperado
12,136811,Afonso Hamm,PP,RS,Alimentação,Fornecimento De Alimentação Do Parlamentar,1,Situação cadastral não ativa: BAIXADA,FOUND,BAIXADA,4,7,303.70,7368.085075,13657.337051272762,-0.5173,Fornecedor com CNPJ suspeito
103,220548,Camila Jara,PT,MS,Publicidade,Divulgação Da Atividade Parlamentar.,1,Situação cadastral não ativa: BAIXADA,FOUND,BAIXADA,1,1,1000.00,244824.753226,352025.1744174792,-0.6926,Fornecedor com CNPJ suspeito
484,171139,Loreny,SOLIDARIEDADE,SP,Combustível,Combustíveis E Lubrificantes.,1,Situação cadastral não ativa: BAIXADA,FOUND,BAIXADA,1,1,270.00,42192.750821,64034.19773844777,-0.6547,Fornecedor com CNPJ suspeito
359,204531,Guilherme Derrite,PP,SP,Viagens,Passagem Aérea - Reembolso,0,Sem indício cadastral crítico,FOUND,ATIVA,1,1,1588.02,9758.571000,11443.414965885137,-0.714,Comportamento esperado
795,204557,Sidney Leite,PSD,AM,Combustível,Combustíveis E Lubrificantes.,1,Situação cadastral não ativa: BAIXADA,FOUND,BAIXADA,1,1,224.02,27982.215263,36043.55549981074,-0.7701,Fornecedor com CNPJ suspeito
250,204541,Eduardo Bismarck,PDT,CE,Publicidade,Assinatura De Publicações,0,Sem indício cadastral crítico,FOUND,ATIVA,2,8,273.30,3249.055000,4250.208219057374,-0.7001,Comportamento esperado
479,74299,Leônidas Cristino,PDT,CE,Publicidade,Divulgação Da Atividade Parlamentar.,0,Sem indício cadastral crítico,FOUND,ATIVA,21,289,450204.00,263931.285395,366906.3702021798,0.5077,Comportamento esperado
560,74398,Maria Do Rosário,PT,RS,Outros,Manutenção De Escritório De Apoio À Atividade Parlamentar,0,Sem indício cadastral crítico,FOUND,ATIVA,12,307,573820.17,109428.142500,149558.61424927576,3.1051,Anomalia financeira extrema
255,220589,Eduardo Velloso,SOLIDARIEDADE,AC,Viagens,Passagem Aérea - Sigepa,,,,,0,155,162935.19,131556.873333,92765.04055863072,0.3383,Comportamento esperado
783,204387,Sargento Fahur,PL,PR,Outros,"Serviço De Táxi, Pedágio E Estacionamento",0,Sem indício cadastral crítico,FOUND,ATIVA,14,54,1071.11,5713.999474,13397.131596894355,-0.3466,Comportamento esperado
744,204489,Robério Monteiro,PDT,CE,Combustível,Combustíveis E Lubrificantes.,0,Sem indício cadastral crítico,FOUND,ATIVA,17,28,3800.11,41977.960833,76764.60304100714,-0.4973,Comportamento esperado
16,204549,Aj Albuquerque,PP,CE,Outros,Manutenção De Escritório De Apoio À Atividade Parlamentar,0,Sem indício cadastral crítico,FOUND,ATIVA,3,51,33528.55,68348.775082,105244.60317209057,-0.3309,Comportamento esperado
15,204495,Airton Faleiro,PT,PA,Viagens,Passagem Aérea - Sigepa,,,,,0,643,740323.71,266111.307931,195578.09309190325,2.4247,Possível anomalia financeira
342,74270,Gilberto Nascimento,PODE,SP,Viagens,Passagem Aérea - Sigepa,,,,,0,163,204034.91,185430.171967,136227.76556134285,0.1366,Comportamento esperado
442,204474,Juarez Costa,MDB,MT,Outros,Manutenção De Escritório De Apoio À Atividade Parlamentar,0,Sem indício cadastral crítico,FOUND,ATIVA,6,38,14572.10,55063.669706,75019.05976556618,-0.5398,Comportamento esperado
433,74554,José Rocha,UNIÃO,BA,Hotéis,"Hospedagem ,exceto Do Parlamentar No Distrito Federal.",0,Sem indício cadastral crítico,FOUND,ATIVA,11,29,11203.46,14559.116889,26542.375379101115,-0.1264,Comportamento esperado
225,220688,Dr. Francisco,PT,PI,Combustível,Combustíveis E Lubrificantes.,0,Sem indício cadastral crítico,FOUND,ATIVA,74,470,303018.95,73929.545357,101552.42380940972,2.2559,Possível anomalia financeira
352,107283,Gleisi Hoffmann,PT,PR,Comunicação,Telefonia,0,Sem indício cadastral crítico,FOUND,ATIVA,4,97,15509.94,10984.091277,13121.60062975809,0.3449,Comportamento esperado
330,204473,General Girão,PL,RN,Outros,Serviço De Segurança Prestado Por Empresa Especializada.,0,Sem indício cadastral crítico,FOUND,ATIVA,2,60,8385.68,25140.035000,23694.236069813476,-0.7071,Comportamento esperado
742,220613,Roberto Monteiro Pai,PL,RJ,Hotéis,"Hospedagem ,exceto Do Parlamentar No Distrito Federal.",1,Erro na consulta pública de CNPJ,ERROR,,1,10,8901.19,13016.628636,21468.959145470457,-0.1917,Fornecedor com CNPJ suspeito
706,220586,Rafael Brito,MDB,AL,Outros,Manutenção De Escritório De Apoio À Atividade Parlamentar,0,Documento não consultado por não ser CNPJ,NOT_APPLICABLE,,2,22,89000.00,55960.761000,68535.24676411308,0.4821,Comportamento esperado
516,162332,Luiz Nishimori,PSD,PR,Publicidade,Divulgação Da Atividade Parlamentar.,1,Situação cadastral não ativa: INAPTA,FOUND,INAPTA,2,6,6000.00,263664.052022,329972.5348930845,-0.7809,Fornecedor com CNPJ suspeito
823,204466,Tereza Nelma,PSD,AL,Publicidade,Divulgação Da Atividade Parlamentar.,0,Sem indício cadastral crítico,FOUND,ATIVA,6,23,127986.31,358459.172381,402499.84210100886,-0.5726,Comportamento esperado
841,141552,Valtenir Pereira,MDB,MT,Publicidade,Divulgação Da Atividade Parlamentar.,0,Sem indício cadastral crítico,FOUND,ATIVA,2,2,11666.67,167205.955714,207800.9242977291,-0.7485,Comportamento esperado
857,215044,Vivi Reis,PSOL,PA,Publicidade,Divulgação Da Atividade Parlamentar.,0,Sem indício cadastral crítico,FOUND,ATIVA,5,14,85940.17,319971.475333,323849.5425991789,-0.7227,Comportamento esperado
432,204555,José Ricardo,PT,AM,Hotéis,"Hospedagem ,exceto Do Parlamentar No Distrito Federal.",1,CNPJ não encontrado na API pública,NOT_FOUND,,1,1,200.00,3767.283750,3036.5104204941636,-1.1748,Fornecedor com CNPJ suspeito
470,220600,Lebrão,UNIÃO,RO,Locomoção,Locação Ou Fretamento De Veículos Automotores,0,Sem indício cadastral crítico,FOUND,ATIVA,1,23,255100.00,233590.273571,213347.19250523738,0.1008,Comportamento esperado
835,157130,Túlio Gadêlha,REDE,PE,Comunicação,Telefonia,0,Sem indício cadastral crítico,FOUND,ATIVA,3,50,7765.06,10941.974167,12252.099914667077,-0.2593,Comportamento esperado
519,178866,Luizianne Lins,REDE,CE,Outros,Aquisição De Tokens E Certificados Digitais,0,Sem indício cadastral crítico,FOUND,ATIVA,1,1,112.00,287.333333,358.72180493152814,-0.4888,Comportamento esperado
478,92102,Leur Lomanto Júnior,UNIÃO,BA,Hotéis,"Hospedagem ,exceto Do Parlamentar No Distrito Federal.",0,Sem indício cadastral crítico,FOUND,ATIVA,5,8,2596.44,14559.116889,26542.375379101115,-0.4507,Comportamento esperado
876,220536,Zé Haroldo Cathedral,UNIÃO,RR,Locomoção,Locação Ou Fretamento De Veículos Automotores,0,Sem indício cadastral crítico,FOUND,ATIVA,4,19,226934.40,156360.151875,107532.52503854835,0.6563,Comportamento esperado
293,204398,Felipe Francischini,UNIÃO,PR,Comunicação,Telefonia,0,Sem indício cadastral crítico,FOUND,ATIVA,2,26,7067.44,10984.091277,13121.60062975809,-0.2985,Comportamento esperado
7,204560,Adolfo Viana,PSDB,BA,Locomoção,Locação Ou Fretamento De Aeronaves,0,Sem indício cadastral crítico,FOUND,ATIVA,2,10,237883.10,81359.287500,83475.1578545966,1.8751,Comportamento esperado
759,160629,Romero Rodrigues,PODE,PB,Comunicação,Telefonia,0,Sem indício cadastral crítico,FOUND,ATIVA,1,9,4600.80,7288.602667,11193.533001502294,-0.2401,Comportamento esperado
230,204439,Dr. Leonardo,REPUBLICANOS,MT,Locomoção,Locação Ou Fretamento De Veículos Automotores,1,Situação cadastral não ativa: BAIXADA,FOUND,BAIXADA,1,2,561.76,134358.602609,119146.49353274485,-1.123,Fornecedor com CNPJ suspeito
178,220557,Daniela Reinehr,PL,SC,Viagens,Passagem Aérea - Sigepa,,,,,0,368,436029.71,213397.721034,170101.01243018164,1.3088,Comportamento esperado
659,204538,Paulo Bengtson,PTB,PA,Combustível,Combustíveis E Lubrificantes.,0,Sem indício cadastral crítico,FOUND,ATIVA,16,37,16519.14,39488.928400,62234.56368268833,-0.3691,Comportamento esperado
514,204455,Luiz Lima,NOVO,RJ,Outros,Manutenção De Escritório De Apoio À Atividade Parlamentar,0,Documento não consultado por não ser CNPJ,NOT_APPLICABLE,,2,67,215018.16,80988.593819,134414.71100556676,0.9971,Comportamento esperado
31,220554,Alexandre Lindenmeyer,PT,RS,Outros,Manutenção De Escritório De Apoio À Atividade Parlamentar,0,Documento não consultado por não ser CNPJ,NOT_APPLICABLE,,1,14,14446.60,109428.142500,149558.61424927576,-0.6351,Comportamento esperado
21,160559,Alceu Moreira,MDB,RS,Alimentação,Fornecimento De Alimentação Do Parlamentar,0,Sem indício cadastral crítico,FOUND,ATIVA,200,401,25864.59,7368.085075,13657.337051272762,1.3543,Comportamento esperado
217,227433,Douglas Viegas,UNIÃO,SP,Alimentação,Fornecimento De Alimentação Do Parlamentar,0,Sem indício cadastral crítico,FOUND,ATIVA,5,6,475.81,3366.001170,5609.697337170304,-0.5152,Comportamento esperado
379,73772,Hermes Parcianello,MDB,PR,Hotéis,"Hospedagem ,exceto Do Parlamentar No Distrito Federal.",0,Sem indício cadastral crítico,FOUND,ATIVA,18,22,5198.69,18419.328649,34024.43115299299,-0.3886,Comportamento esperado
109,229069,Capitão Samuel,PP,SE,Publicidade,Divulgação Da Atividade Parlamentar.,0,Sem indício cadastral crítico,FOUND,ATIVA,4,12,113166.59,230946.483077,301200.1033422071,-0.391,Comportamento esperado
8,204528,Adriana Ventura,NOVO,SP,Outros,Manutenção De Escritório De Apoio À Atividade Parlamentar,0,Sem indício cadastral crítico,FOUND,ATIVA,15,66,27278.25,98538.487659,143509.98800071477,-0.4966,Comportamento esperado
301,92699,Fernando Monteiro,PP,PE,Viagens,Passagem Aérea - Rpa,0,Sem indício cadastral crítico,FOUND,ATIVA,3,18,18077.65,15238.795000,22485.76149111043,0.1263,Comportamento esperado
733,160655,Ricardo Izar,REPUBLICANOS,SP,Publicidade,Divulgação Da Atividade Parlamentar.,0,Sem indício cadastral crítico,FOUND,ATIVA,3,9,149855.00,243741.226243,313657.1515008437,-0.2993,Comportamento esperado
403,220567,Jeferson Rodrigues,PSDB,GO,Viagens,Passagem Aérea - Sigepa,,,,,0,12,16908.87,12997.291429,13545.423262596489,0.2888,Comportamento esperado
856,178992,Vitor Lippi,PSDB,SP,Publicidade,Assinatura De Publicações,0,Sem indício cadastral crítico,FOUND,ATIVA,3,3,1377.53,3369.241333,3418.330377283657,-0.5827,Comportamento esperado
693,160601,Pr. Marco Feliciano,PL,SP,Publicidade,Divulgação Da Atividade Parlamentar.,0,Sem indício cadastral crítico,FOUND,ATIVA,8,33,887897.00,243741.226243,313657.1515008437,2.0537,Possível anomalia financeira
40,226708,Allan Garcês,PP,MA,Hotéis,"Hospedagem ,exceto Do Parlamentar No Distrito Federal.",0,Sem indício cadastral crítico,FOUND,ATIVA,25,46,30784.56,16546.215714,24945.906621691578,0.5708,Comportamento esperado
412,204546,Joice Hasselmann,PSDB,SP,Publicidade,Divulgação Da Atividade Parlamentar.,0,Sem indício cadastral crítico,FOUND,ATIVA,7,10,123214.84,243741.226243,313657.1515008437,-0.3843,Comportamento esperado
172,178916,Daniel Coelho,CIDADANIA,PE,Combustível,Combustíveis E Lubrificantes.,1,Situação cadastral não ativa: BAIXADA,FOUND,BAIXADA,4,4,835.93,53506.291935,82942.380015203,-0.635,Fornecedor com CNPJ suspeito
404,74273,Jefferson Campos,PL,SP,Locomoção,Locação Ou Fretamento De Veículos Automotores,0,Sem indício cadastral crítico,FOUND,ATIVA,3,53,245289.51,147254.510948,139673.23431152088,0.7019,Comportamento esperado
3,204554,Abílio Santana,PSC,BA,Alimentação,Fornecimento De Alimentação Do Parlamentar,0,Sem indício cadastral crítico,FOUND,ATIVA,3,7,604.24,5334.958511,10548.888785765435,-0.4485,Comportamento esperado
209,178929,Diego Garcia,UNIÃO,PR,Combustível,Combustíveis E Lubrificantes.,1,Situação cadastral não ativa: BAIXADA,FOUND,BAIXADA,6,8,1250.82,57944.345500,82353.4495793919,-0.6884,Fornecedor com CNPJ suspeito
551,160535,Marcon,PT,RS,Outros,"Passagens Terrestres, Marítimas Ou Fluviais",0,Sem indício cadastral crítico,FOUND,ATIVA,6,9,1463.75,4236.036552,8253.072405382596,-0.3359,Comportamento esperado
162,204355,Da Vitoria,PP,ES,Outros,Manutenção De Escritório De Apoio À Atividade Parlamentar,0,Sem indício cadastral crítico,FOUND,ATIVA,17,437,777669.85,101936.796563,164857.25422120074,4.0989,Anomalia financeira extrema
852,141555,Vinicius Carvalho,PL,SP,Outros,Manutenção De Escritório De Apoio À Atividade Parlamentar,0,Sem indício cadastral crítico,FOUND,ATIVA,12,263,461783.52,98538.487659,143509.98800071477,2.5311,Possível anomalia financeira
21,160559,Alceu Moreira,MDB,RS,Hotéis,"Hospedagem ,exceto Do Parlamentar No Distrito Federal.",0,Sem indício cadastral crítico,FOUND,ATIVA,72,360,84425.65,21826.986437,35658.661568585754,1.7555,Comportamento esperado
144,98148,Cobalchini,MDB,SC,Locomoção,Locação Ou Fretamento De Veículos Automotores,0,Sem indício cadastral crítico,FOUND,ATIVA,4,67,131557.52,154711.621212,151032.92349497412,-0.1533,Comportamento esperado
190,204451,Delegado Antônio Furtado,UNIÃO,RJ,Outros,Manutenção De Escritório De Apoio À Atividade Parlamentar,0,Documento não consultado por não ser CNPJ,NOT_APPLICABLE,,2,15,13097.10,80988.593819,134414.71100556676,-0.5051,Comportamento esperado
639,204475,Ottaci Nascimento,SOLIDARIEDADE,RR,Serviços profissionais,"Consultorias, Pesquisas E Trabalhos Técnicos.",0,Sem indício cadastral crítico,FOUND,ATIVA,5,9,130000.00,120130.560000,87266.22616779071,0.1131,Comportamento esperado
369,178964,Heitor Schuch,PSD,RS,Alimentação,Fornecimento De Alimentação Do Parlamentar,0,Sem indício cadastral crítico,FOUND,ATIVA,86,304,13063.57,7368.085075,13657.337051272762,0.417,Comportamento esperado
466,98057,Lafayette De Andrada,PL,MG,Combustível,Combustíveis E Lubrificantes.,0,Sem indício cadastral crítico,FOUND,ATIVA,124,399,151985.60,65306.104375,92314.0005265802,0.939,Comportamento esperado
699,204446,Professor Joziel,PATRIOTA,RJ,Publicidade,Divulgação Da Atividade Parlamentar.,0,Sem indício cadastral crítico,FOUND,ATIVA,5,17,109471.00,226781.355120,259582.44863584734,-0.4519,Comportamento esperado
17,178836,Alan Rick,UNIÃO,AC,Viagens,Passagem Aérea - Reembolso,0,Sem indício cadastral crítico,FOUND,ATIVA,2,9,16852.01,9056.415455,5089.4459464667925,1.5317,Comportamento esperado
448,204372,Julio Cesar Ribeiro,REPUBLICANOS,DF,Publicidade,Divulgação Da Atividade Parlamentar.,0,Sem indício cadastral crítico,FOUND,ATIVA,27,139,776774.64,274983.723704,375023.4293293225,1.338,Comportamento esperado
56,204423,André Ferreira,PL,PE,Comunicação,Telefonia,0,Sem indício cadastral crítico,FOUND,ATIVA,7,90,32735.84,10941.974167,12252.099914667077,1.7788,Comportamento esperado
122,164360,Carmen Zanotto,CIDADANIA,SC,Outros,Serviços Postais,0,Sem indício cadastral crítico,FOUND,ATIVA,1,9,1200.19,1043.824167,1437.984649529007,0.1087,Comportamento esperado
48,107970,Ana Paula Leão,PP,MG,Hotéis,"Hospedagem ,exceto Do Parlamentar No Distrito Federal.",0,Sem indício cadastral crítico,FOUND,ATIVA,12,66,54972.67,17018.453084,26330.369533202334,1.4415,Comportamento esperado
432,204555,José Ricardo,PT,AM,Locomoção,Locação Ou Fretamento De Veículos Automotores,0,Sem indício cadastral crítico,FOUND,ATIVA,3,13,35253.95,152696.895000,125499.30922769064,-0.9358,Comportamento esperado
402,108338,Jaqueline Cassol,PP,RO,Comunicação,Telefonia,0,Sem indício cadastral crítico,FOUND,ATIVA,2,8,4121.46,15683.564000,17340.40119270922,-0.6668,Comportamento esperado
848,74283,Vicentinho,PT,SP,Locomoção,Locação Ou Fretamento De Veículos Automotores,1,Situação cadastral não ativa: BAIXADA,FOUND,BAIXADA,1,9,9343.01,147254.510948,139673.23431152088,-0.9874,Fornecedor com CNPJ suspeito
537,220599,Marcelo Crivella,REPUBLICANOS,RJ,Publicidade,Divulgação Da Atividade Parlamentar.,0,Sem indício cadastral crítico,FOUND,ATIVA,14,76,1234300.00,226781.355120,259582.44863584734,3.8813,Anomalia financeira extrema
84,204358,Beto Pereira,REPUBLICANOS,MS,Locomoção,Locação Ou Fretamento De Veículos Automotores,0,Sem indício cadastral crítico,FOUND,ATIVA,1,60,315400.00,208841.042857,176263.8077260953,0.6045,Comportamento esperado
642,160556,Padre João,PT,MG,Outros,Manutenção De Escritório De Apoio À Atividade Parlamentar,1,Erro na consulta pública de CNPJ,ERROR,,1,56,5961.77,123562.947566,162703.54342443834,-0.7228,Fornecedor com CNPJ suspeito
448,204372,Julio Cesar Ribeiro,REPUBLICANOS,DF,Locomoção,Locação Ou Fretamento De Veículos Automotores,0,Sem indício cadastral crítico,FOUND,ATIVA,3,26,175438.00,118149.428125,89877.33858167462,0.6374,Comportamento esperado
549,219585,Marco Brasil,PP,PR,Locomoção,Locação Ou Fretamento De Veículos Automotores,1,Situação cadastral não ativa: BAIXADA,FOUND,BAIXADA,1,11,32190.34,113439.957419,130977.93601797776,-0.6203,Fornecedor com CNPJ suspeito
875,178889,Zé Carlos,PT,MA,Alimentação,Fornecimento De Alimentação Do Parlamentar,1,Situação cadastral não ativa: BAIXADA,FOUND,BAIXADA,3,5,189.40,1328.951538,1567.1502413768233,-0.7271,Fornecedor com CNPJ suspeito
634,73463,Osmar Serraglio,PP,PR,Serviços profissionais,"Consultorias, Pesquisas E Trabalhos Técnicos.",1,Situação cadastral não ativa: BAIXADA,FOUND,BAIXADA,2,11,117556.21,58752.690645,58141.82428785019,1.0114,Fornecedor com CNPJ suspeito
259,204364,Eli Borges,PL,TO,Publicidade,Divulgação Da Atividade Parlamentar.,1,Situação cadastral não ativa: INAPTA,FOUND,INAPTA,1,8,2380.00,260231.601071,329408.0872597135,-0.7828,Fornecedor com CNPJ suspeito
348,178996,Giovani Feltes,MDB,RS,Viagens,Passagem Aérea - Rpa,0,Sem indício cadastral crítico,FOUND,ATIVA,3,21,32221.40,23263.014545,27193.710295909314,0.3294,Comportamento esperado
190,204451,Delegado Antônio Furtado,UNIÃO,RJ,Combustível,Combustíveis E Lubrificantes.,1,Situação cadastral não ativa: BAIXADA,FOUND,BAIXADA,2,2,640.44,44023.319398,62812.667137756165,-0.6907,Fornecedor com CNPJ suspeito
36,74057,Alice Portugal,PCDOB,BA,Publicidade,Divulgação Da Atividade Parlamentar.,1,Situação cadastral não ativa: BAIXADA,FOUND,BAIXADA,1,2,47601.00,317318.910361,328157.1355142384,-0.8219,Fornecedor com CNPJ suspeito
823,204466,Tereza Nelma,PSD,AL,Hotéis,"Hospedagem ,exceto Do Parlamentar No Distrito Federal.",1,Situação cadastral não ativa: BAIXADA,FOUND,BAIXADA,1,1,635.00,10355.987000,9952.54062426837,-0.9767,Fornecedor com CNPJ suspeito
152,220590,Coronel Ulysses,UNIÃO,AC,Viagens,Passagem Aérea - Sigepa,,,,,0,224,294792.40,131556.873333,92765.04055863072,1.7597,Comportamento esperado
357,204513,Guiga Peixoto,PSC,SP,Outros,"Serviço De Táxi, Pedágio E Estacionamento",0,Sem indício cadastral crítico,FOUND,ATIVA,15,743,11745.45,11967.060840,16796.655097373645,-0.0132,Comportamento esperado
278,160640,Eros Biondini,PL,MG,Hotéis,"Hospedagem ,exceto Do Parlamentar No Distrito Federal.",0,Sem indício cadastral crítico,FOUND,ATIVA,107,275,126693.88,17018.453084,26330.369533202334,4.1654,Anomalia financeira extrema
863,74043,Wellington Roberto,PSD,PB,Combustível,Combustíveis E Lubrificantes.,0,Sem indício cadastral crítico,FOUND,ATIVA,102,293,85790.89,61582.608974,85760.8839439169,0.2823,Comportamento esperado
455,74317,Júlio Cesar,PSD,PI,Publicidade,Divulgação Da Atividade Parlamentar.,0,Sem indício cadastral crítico,FOUND,ATIVA,10,122,658601.89,255170.175556,326071.87108703476,1.2372,Comportamento esperado
846,204505,Vavá Martins,REPUBLICANOS,PA,Combustível,Combustíveis E Lubrificantes.,0,Sem indício cadastral crítico,FOUND,ATIVA,51,139,26874.12,39488.928400,62234.56368268833,-0.2027,Comportamento esperado
499,178954,Lucio Mosquini,MDB,RO,Publicidade,Divulgação Da Atividade Parlamentar.,0,Sem indício cadastral crítico,FOUND,ATIVA,29,78,159003.00,289552.191071,359934.1329827757,-0.3627,Comportamento esperado
608,204453,Natália Bonavides,PT,RN,Combustível,Combustíveis E Lubrificantes.,0,Sem indício cadastral crítico,FOUND,ATIVA,111,557,253802.99,51927.710333,76131.03428420173,2.6517,Possível anomalia financeira
607,178858,Mário Negromonte Jr.,PSB,BA,Viagens,Passagem Aérea - Sigepa,,,,,0,211,166855.82,219376.223091,157819.4558803826,-0.3328,Comportamento esperado
427,141470,José Guimarães,PT,CE,Outros,Serviço De Segurança Prestado Por Empresa Especializada.,0,Sem indício cadastral crítico,FOUND,ATIVA,1,50,52982.38,24802.087143,26671.121457335783,1.0566,Comportamento esperado
246,204562,Edilázio Júnior,PSD,MA,Combustível,Combustíveis E Lubrificantes.,0,Sem indício cadastral crítico,FOUND,ATIVA,19,49,67498.49,34895.172615,52384.05405357016,0.6224,Comportamento esperado
682,204395,Pedro Lupion,PP,PR,Publicidade,Divulgação Da Atividade Parlamentar.,0,Sem indício cadastral crítico,FOUND,ATIVA,5,20,38200.00,263664.052022,329972.5348930845,-0.6833,Comportamento esperado
170,74060,Daniel Almeida,PCDOB,BA,Publicidade,Divulgação Da Atividade Parlamentar.,0,Sem indício cadastral crítico,FOUND,ATIVA,19,121,1181515.91,317318.910361,328157.1355142384,2.6335,Possível anomalia financeira
783,204387,Sargento Fahur,PL,PR,Comunicação,Telefonia,0,Sem indício cadastral crítico,FOUND,ATIVA,7,187,21266.29,10984.091277,13121.60062975809,0.7836,Comportamento esperado
356,198197,Greyce Elias,AVANTE,MG,Outros,"Passagens Terrestres, Marítimas Ou Fluviais",0,Sem indício cadastral crítico,FOUND,ATIVA,9,22,3657.16,3858.240000,6358.142634643256,-0.0316,Comportamento esperado
569,220572,Marussa Boldrin,REPUBLICANOS,GO,Outros,"Serviço De Táxi, Pedágio E Estacionamento",0,Sem indício cadastral crítico,FOUND,ATIVA,3,180,3614.93,4054.328571,5832.390128543895,-0.0753,Comportamento esperado
519,178866,Luizianne Lins,REDE,CE,Comunicação,Telefonia,0,Sem indício cadastral crítico,FOUND,ATIVA,2,58,13837.74,11707.711071,16858.211643996754,0.1263,Comportamento esperado
30,160545,Alexandre Leite,UNIÃO,SP,Viagens,Passagem Aérea - Rpa,0,Sem indício cadastral crítico,FOUND,ATIVA,2,3,2727.11,24943.515352,36157.13967829913,-0.6144,Comportamento esperado
878,160632,Zé Silva,SOLIDARIEDADE,MG,Hotéis,"Hospedagem ,exceto Do Parlamentar No Distrito Federal.",0,Sem indício cadastral crítico,FOUND,ATIVA,16,42,11322.00,17018.453084,26330.369533202334,-0.2163,Comportamento esperado
88,207176,Bia Cavassa,PSDB,MS,Outros,"Passagens Terrestres, Marítimas Ou Fluviais",0,Sem indício cadastral crítico,FOUND,ATIVA,1,3,450.00,258.000000,271.5290039756342,0.7071,Comportamento esperado
191,220642,Delegado Bruno Lima,PODE,SP,Alimentação,Fornecimento De Alimentação Do Parlamentar,0,Sem indício cadastral crítico,FOUND,ATIVA,1,1,35.80,3366.001170,5609.697337170304,-0.5937,Comportamento esperado
607,178858,Mário Negromonte Jr.,PSB,BA,Outros,Manutenção De Escritório De Apoio À Atividade Parlamentar,0,Sem indício cadastral crítico,FOUND,ATIVA,3,3,2894.18,98257.521290,134321.8726415135,-0.71,Comportamento esperado
144,98148,Cobalchini,MDB,SC,Viagens,Passagem Aérea - Rpa,0,Sem indício cadastral crítico,FOUND,ATIVA,2,34,4510.13,12083.098000,25544.630338693623,-0.2965,Comportamento esperado
674,220630,Pedro Aihara,PP,MG,Publicidade,Assinatura De Publicações,0,Sem indício cadastral crítico,FOUND,ATIVA,1,1,440.00,1596.091765,1698.0009011232714,-0.6809,Comportamento esperado
530,179587,Major Vitor Hugo,PL,GO,Outros,Serviço De Segurança Prestado Por Empresa Especializada.,0,Sem indício cadastral crítico,FOUND,ATIVA,1,12,4195.20,6198.595000,3686.025394951858,-0.5435,Comportamento esperado
250,204541,Eduardo Bismarck,PDT,CE,Locomoção,Locação Ou Fretamento De Veículos Automotores,0,Sem indício cadastral crítico,FOUND,ATIVA,1,12,150000.00,139651.247778,143531.8586124825,0.0721,Comportamento esperado
829,143084,Tiago Dimas,PODE,TO,Serviços profissionais,"Consultorias, Pesquisas E Trabalhos Técnicos.",0,Sem indício cadastral crítico,FOUND,ATIVA,2,4,75000.00,116859.636364,127191.31032210709,-0.3291,Comportamento esperado
50,220632,Ana Pimentel,PT,MG,Hotéis,"Hospedagem ,exceto Do Parlamentar No Distrito Federal.",0,Sem indício cadastral crítico,FOUND,ATIVA,32,58,54942.42,17018.453084,26330.369533202334,1.4403,Comportamento esperado
178,220557,Daniela Reinehr,PL,SC,Alimentação,Fornecimento De Alimentação Do Parlamentar,1,Situação cadastral não ativa: BAIXADA,FOUND,BAIXADA,6,13,575.80,5345.501750,9873.801589562949,-0.4831,Fornecedor com CNPJ suspeito
631,74399,Onyx Lorenzoni,PL,RS,Combustível,Combustíveis E Lubrificantes.,0,Sem indício cadastral crítico,FOUND,ATIVA,37,108,23272.40,60520.148547,97388.05968907535,-0.3825,Comportamento esperado
492,138286,Luciano Alves,PSD,PR,Publicidade,Divulgação Da Atividade Parlamentar.,1,Situação cadastral não ativa: BAIXADA,FOUND,BAIXADA,5,18,257660.00,263664.052022,329972.5348930845,-0.0182,Fornecedor com CNPJ suspeito
36,74057,Alice Portugal,PCDOB,BA,Viagens,Passagem Aérea - Sigepa,,,,,0,452,513411.82,219376.223091,157819.4558803826,1.8631,Comportamento esperado
869,220660,Yury Do Paredão,MDB,CE,Viagens,Passagem Aérea - Sigepa,,,,,0,118,153838.53,190828.457826,170630.5409255439,-0.2168,Comportamento esperado
442,204474,Juarez Costa,MDB,MT,Outros,Manutenção De Escritório De Apoio À Atividade Parlamentar,1,Situação cadastral não ativa: BAIXADA,FOUND,BAIXADA,3,10,1399.00,55063.669706,75019.05976556618,-0.7153,Fornecedor com CNPJ suspeito
301,92699,Fernando Monteiro,PP,PE,Publicidade,Divulgação Da Atividade Parlamentar.,0,Sem indício cadastral crítico,FOUND,ATIVA,1,1,1680.00,241972.708182,301628.5621101344,-0.7967,Comportamento esperado
563,227275,Mariana Carvalho,REPUBLICANOS,MA,Outros,Manutenção De Escritório De Apoio À Atividade Parlamentar,0,Sem indício cadastral crítico,FOUND,ATIVA,7,24,20027.54,64195.130784,109861.24089764054,-0.402,Comportamento esperado
219,227401,Dr Fabio Rueda,UNIÃO,AC,Outros,Manutenção De Escritório De Apoio À Atividade Parlamentar,0,Sem indício cadastral crítico,FOUND,ATIVA,1,1,376.40,29735.132000,50394.769544197494,-0.5826,Comportamento esperado
80,220612,Bebeto,PP,RJ,Publicidade,Divulgação Da Atividade Parlamentar.,0,Sem indício cadastral crítico,FOUND,ATIVA,9,34,434662.65,226781.355120,259582.44863584734,0.8008,Comportamento esperado
482,204405,Liziane Bayer,REPUBLICANOS,RS,Outros,Manutenção De Escritório De Apoio À Atividade Parlamentar,1,Situação cadastral não ativa: BAIXADA,FOUND,BAIXADA,2,5,7975.60,109428.142500,149558.61424927576,-0.6783,Fornecedor com CNPJ suspeito
260,160532,Eli Corrêa Filho,UNIÃO,SP,Combustível,Combustíveis E Lubrificantes.,0,Sem indício cadastral crítico,FOUND,ATIVA,7,18,4797.75,42192.750821,64034.19773844777,-0.584,Comportamento esperado
684,229259,Pedro Tourinho,PT,SP,Combustível,Combustíveis E Lubrificantes.,0,Sem indício cadastral crítico,FOUND,ATIVA,7,11,2429.55,42192.750821,64034.19773844777,-0.621,Comportamento esperado
680,229112,Pedro Jr,PL,TO,Hotéis,"Hospedagem ,exceto Do Parlamentar No Distrito Federal.",0,Sem indício cadastral crítico,FOUND,ATIVA,7,13,7986.50,12387.293158,19170.891927221925,-0.2296,Comportamento esperado
372,204444,Helio Lopes,PL,RJ,Alimentação,Fornecimento De Alimentação Do Parlamentar,1,Situação cadastral não ativa: BAIXADA,FOUND,BAIXADA,1,2,158.83,5314.154545,11413.915891543053,-0.4517,Fornecedor com CNPJ suspeito
64,123756,Antônia Lúcia,REPUBLICANOS,AC,Serviços profissionais,"Consultorias, Pesquisas E Trabalhos Técnicos.",0,Sem indício cadastral crítico,FOUND,ATIVA,1,5,30500.00,77762.496250,58254.79744380198,-0.8113,Comportamento esperado
553,204011,Marcos Pacco,PODE,DF,Combustível,Combustíveis E Lubrificantes.,0,Sem indício cadastral crítico,FOUND,ATIVA,3,3,470.60,33372.670769,51515.7382887601,-0.6387,Comportamento esperado
731,234310,Ricardo Galvão,REDE,SP,Outros,"Serviço De Táxi, Pedágio E Estacionamento",0,Sem indício cadastral crítico,FOUND,ATIVA,3,19,7635.00,11967.060840,16796.655097373645,-0.2579,Comportamento esperado
687,204406,Pedro Westphalen,PP,RS,Outros,Manutenção De Escritório De Apoio À Atividade Parlamentar,1,Situação cadastral não ativa: BAIXADA,FOUND,BAIXADA,2,10,3962.72,109428.142500,149558.61424927576,-0.7052,Fornecedor com CNPJ suspeito
124,204369,Caroline De Toni,PL,SC,Combustível,Combustíveis E Lubrificantes.,1,Situação cadastral não ativa: BAIXADA,FOUND,BAIXADA,2,2,591.03,63943.250339,85631.6159933909,-0.7398,Fornecedor com CNPJ suspeito
255,220589,Eduardo Velloso,SOLIDARIEDADE,AC,Combustível,Combustíveis E Lubrificantes.,0,Sem indício cadastral crítico,FOUND,ATIVA,91,503,197250.08,74559.202308,89345.09325877228,1.3732,Comportamento esperado
848,74283,Vicentinho,PT,SP,Outros,"Serviço De Táxi, Pedágio E Estacionamento",0,Sem indício cadastral crítico,FOUND,ATIVA,16,388,41118.92,11967.060840,16796.655097373645,1.7356,Comportamento esperado
442,204474,Juarez Costa,MDB,MT,Alimentação,Fornecimento De Alimentação Do Parlamentar,0,Sem indício cadastral crítico,FOUND,ATIVA,8,19,1088.73,2273.261250,4466.178507118996,-0.2652,Comportamento esperado
655,220627,Paulinho Freire,UNIÃO,RN,Hotéis,"Hospedagem ,exceto Do Parlamentar No Distrito Federal.",0,Sem indício cadastral crítico,FOUND,ATIVA,11,17,25553.89,10401.272857,14188.915930464025,1.0679,Comportamento esperado
582,220591,Meire Serafim,UNIÃO,AC,Combustível,Combustíveis E Lubrificantes.,0,Sem indício cadastral crítico,FOUND,ATIVA,84,638,270105.13,74559.202308,89345.09325877228,2.1887,Possível anomalia financeira
492,138286,Luciano Alves,PSD,PR,Viagens,Passagem Aérea - Sigepa,,,,,0,178,237974.93,173223.575536,125997.34942419773,0.5139,Comportamento esperado
573,220628,Mauricio Do Vôlei,PL,MG,Locomoção,Locação Ou Fretamento De Veículos Automotores,0,Sem indício cadastral crítico,FOUND,ATIVA,1,50,175660.00,199358.988889,190617.58878325575,-0.1243,Comportamento esperado
274,204537,Enrico Misasi,MDB,SP,Hotéis,"Hospedagem ,exceto Do Parlamentar No Distrito Federal.",0,Sem indício cadastral crítico,FOUND,ATIVA,12,17,2918.30,10014.789189,11435.329101648113,-0.6206,Comportamento esperado
226,204518,Dr. Frederico,PRD,MG,Comunicação,Telefonia,0,Sem indício cadastral crítico,FOUND,ATIVA,5,55,17436.71,15607.667083,19082.29985422686,0.0959,Comportamento esperado
518,74784,Luiza Erundina,PSOL,SP,Combustível,Combustíveis E Lubrificantes.,1,Situação cadastral não ativa: BAIXADA,FOUND,BAIXADA,3,5,1035.94,42192.750821,64034.19773844777,-0.6427,Fornecedor com CNPJ suspeito
48,107970,Ana Paula Leão,PP,MG,Viagens,Passagem Aérea - Sigepa,,,,,0,83,83439.64,195216.599630,167832.49260588933,-0.666,Comportamento esperado
514,204455,Luiz Lima,NOVO,RJ,Hotéis,"Hospedagem ,exceto Do Parlamentar No Distrito Federal.",0,Sem indício cadastral crítico,FOUND,ATIVA,7,9,2949.23,13016.628636,21468.959145470457,-0.4689,Comportamento esperado
56,204423,André Ferreira,PL,PE,Outros,Manutenção De Escritório De Apoio À Atividade Parlamentar,0,Documento não consultado por não ser CNPJ,NOT_APPLICABLE,,2,89,174634.85,90785.734524,140277.34198893898,0.5977,Comportamento esperado
533,156190,Marcel Van Hattem,NOVO,RS,Hotéis,"Hospedagem ,exceto Do Parlamentar No Distrito Federal.",0,Sem indício cadastral crítico,FOUND,ATIVA,32,64,18039.05,21826.986437,35658.661568585754,-0.1062,Comportamento esperado
414,217480,Jones Moura,PSD,RJ,Viagens,Passagem Aérea - Sigepa,,,,,0,136,151707.92,213577.740357,175550.75566941444,-0.3524,Comportamento esperado
834,178934,Toninho Wandscheer,PP,PR,Hotéis,"Hospedagem ,exceto Do Parlamentar No Distrito Federal.",0,Sem indício cadastral crítico,FOUND,ATIVA,26,50,18518.06,18419.328649,34024.43115299299,0.0029,Comportamento esperado
638,204441,Otoni De Paula,PSD,RJ,Publicidade,Divulgação Da Atividade Parlamentar.,0,Sem indício cadastral crítico,FOUND,ATIVA,9,43,754572.90,226781.355120,259582.44863584734,2.0332,Possível anomalia financeira
135,204476,Chiquinho Brazão,S.PART.,RJ,Publicidade,Divulgação Da Atividade Parlamentar.,0,Sem indício cadastral crítico,FOUND,ATIVA,16,46,136060.00,226781.355120,259582.44863584734,-0.3495,Comportamento esperado
343,220529,Gilson Daniel,PODE,ES,Locomoção,Locação Ou Fretamento De Veículos Automotores,0,Sem indício cadastral crítico,FOUND,ATIVA,2,34,222841.00,171214.090476,129265.73835992759,0.3994,Comportamento esperado
588,178985,Miguel Lombardi,PL,SP,Comunicação,Telefonia,0,Sem indício cadastral crítico,FOUND,ATIVA,4,89,23528.14,19889.940211,25751.500071775903,0.1413,Comportamento esperado
60,73696,Angela Amin,PP,SC,Comunicação,Telefonia,0,Sem indício cadastral crítico,FOUND,ATIVA,4,22,19528.39,7776.667391,7284.093764458291,1.6133,Comportamento esperado
121,141398,Carlos Zarattini,PT,SP,Combustível,Combustíveis E Lubrificantes.,1,Situação cadastral não ativa: BAIXADA,FOUND,BAIXADA,1,1,260.86,42192.750821,64034.19773844777,-0.6548,Fornecedor com CNPJ suspeito
884,204509,Áurea Carolina,PSOL,MG,Publicidade,Divulgação Da Atividade Parlamentar.,0,Sem indício cadastral crítico,FOUND,ATIVA,6,8,11689.00,194891.353020,276881.75990132586,-0.6617,Comportamento esperado
749,141531,Rodrigo De Castro,UNIÃO,MG,Outros,"Serviço De Táxi, Pedágio E Estacionamento",0,Sem indício cadastral crítico,FOUND,ATIVA,6,17,1181.86,5572.245385,10370.293242628488,-0.4234,Comportamento esperado
27,105534,Alexandre Figueiredo,PSD,SE,Combustível,Combustíveis E Lubrificantes.,0,Sem indício cadastral crítico,FOUND,ATIVA,21,61,12732.46,53493.520741,82556.56454059949,-0.4937,Comportamento esperado
655,220627,Paulinho Freire,UNIÃO,RN,Viagens,Passagem Aérea - Reembolso,0,Sem indício cadastral crítico,FOUND,ATIVA,2,8,10404.64,3706.697143,4352.996359037126,1.5387,Comportamento esperado
256,141422,Efraim Filho,UNIÃO,PB,Publicidade,Divulgação Da Atividade Parlamentar.,1,Situação cadastral não ativa: BAIXADA,FOUND,BAIXADA,3,7,70000.00,324815.111538,407718.48875224456,-0.625,Fornecedor com CNPJ suspeito
2,204521,Abou Anni,UNIÃO,SP,Outros,"Serviço De Táxi, Pedágio E Estacionamento",1,Situação cadastral não ativa: BAIXADA,FOUND,BAIXADA,1,1,12.30,11967.060840,16796.655097373645,-0.7117,Fornecedor com CNPJ suspeito
168,220603,Dani Cunha,PL,RJ,Combustível,Combustíveis E Lubrificantes.,0,Sem indício cadastral crítico,FOUND,ATIVA,185,1590,303731.03,44023.319398,62812.667137756165,4.1346,Anomalia financeira extrema
858,91228,Waldemar Oliveira,AVANTE,PE,Publicidade,Divulgação Da Atividade Parlamentar.,0,Sem indício cadastral crítico,FOUND,ATIVA,25,356,953455.04,241972.708182,301628.5621101344,2.3588,Possível anomalia financeira
661,160517,Paulo Folletto,PSB,ES,Combustível,Combustíveis E Lubrificantes.,0,Sem indício cadastral crítico,FOUND,ATIVA,41,258,154208.52,49148.417879,67749.62213949014,1.5507,Comportamento esperado
160,178876,Célio Silveira,MDB,GO,Combustível,Combustíveis E Lubrificantes.,0,Sem indício cadastral crítico,FOUND,ATIVA,155,817,226934.66,65044.277593,95738.05404592726,1.691,Comportamento esperado
134,141439,Chico D'angelo,PDT,RJ,Viagens,Passagem Aérea - Rpa,0,Sem indício cadastral crítico,FOUND,ATIVA,2,38,45437.64,24365.871064,36425.48190750471,0.5785,Comportamento esperado
46,220715,Amom Mandel,REPUBLICANOS,AM,Viagens,Passagem Aérea - Sigepa,,,,,0,101,89441.40,248402.612308,165221.2328718048,-0.9621,Comportamento esperado
641,220706,Padovani,PP,PR,Combustível,Combustíveis E Lubrificantes.,0,Sem indício cadastral crítico,FOUND,ATIVA,108,809,221913.81,57944.345500,82353.4495793919,1.991,Comportamento esperado
12,136811,Afonso Hamm,PP,RS,Publicidade,Divulgação Da Atividade Parlamentar.,0,Sem indício cadastral crítico,FOUND,ATIVA,21,97,403626.50,215724.063125,265101.600265673,0.7088,Comportamento esperado
427,141470,José Guimarães,PT,CE,Hotéis,"Hospedagem ,exceto Do Parlamentar No Distrito Federal.",0,Sem indício cadastral crítico,FOUND,ATIVA,33,119,67452.24,14861.399063,17345.750222182687,3.0319,Anomalia financeira extrema
716,221378,Reginete Bispo,PT,RS,Combustível,Combustíveis E Lubrificantes.,0,Sem indício cadastral crítico,FOUND,ATIVA,101,250,53057.57,60520.148547,97388.05968907535,-0.0766,Comportamento esperado
442,204474,Juarez Costa,MDB,MT,Publicidade,Divulgação Da Atividade Parlamentar.,0,Sem indício cadastral crítico,FOUND,ATIVA,5,12,109250.00,167205.955714,207800.9242977291,-0.2789,Comportamento esperado
369,178964,Heitor Schuch,PSD,RS,Outros,Manutenção De Escritório De Apoio À Atividade Parlamentar,0,Sem indício cadastral crítico,FOUND,ATIVA,21,267,168942.46,109428.142500,149558.61424927576,0.3979,Comportamento esperado
624,178986,Nilto Tatto,PT,SP,Viagens,Passagem Aérea - Sigepa,,,,,0,163,198713.17,185430.171967,136227.76556134285,0.0975,Comportamento esperado
712,74084,Raimundo Santos,PSD,PA,Locomoção,Locação Ou Fretamento De Veículos Automotores,0,Sem indício cadastral crítico,FOUND,ATIVA,2,38,178308.69,121907.551481,147158.0353457022,0.3833,Comportamento esperado
561,204540,Maria Rosas,REPUBLICANOS,SP,Outros,Manutenção De Escritório De Apoio À Atividade Parlamentar,0,Sem indício cadastral crítico,FOUND,ATIVA,10,225,245463.02,98538.487659,143509.98800071477,1.0238,Comportamento esperado
523,204359,Léo Moraes,PODE,RO,Publicidade,Divulgação Da Atividade Parlamentar.,0,Sem indício cadastral crítico,FOUND,ATIVA,15,71,95420.45,289552.191071,359934.1329827757,-0.5394,Comportamento esperado
50,220632,Ana Pimentel,PT,MG,Publicidade,Divulgação Da Atividade Parlamentar.,0,Sem indício cadastral crítico,FOUND,ATIVA,35,100,303615.80,194891.353020,276881.75990132586,0.3927,Comportamento esperado
849,137070,Vicentinho Júnior,PP,TO,Serviços profissionais,"Consultorias, Pesquisas E Trabalhos Técnicos.",0,Sem indício cadastral crítico,FOUND,ATIVA,3,12,410000.00,116859.636364,127191.31032210709,2.3047,Possível anomalia financeira
798,220579,Silvia Waiãpi,PL,AP,Outros,Manutenção De Escritório De Apoio À Atividade Parlamentar,0,Documento não consultado por não ser CNPJ,NOT_APPLICABLE,,1,21,67200.00,30123.933200,30290.240248736845,1.224,Comportamento esperado
378,204539,Hercílio Coelho Diniz,MDB,MG,Outros,"Serviço De Táxi, Pedágio E Estacionamento",0,Sem indício cadastral crítico,FOUND,ATIVA,6,63,683.60,5572.245385,10370.293242628488,-0.4714,Comportamento esperado
195,204512,Delegado Marcelo Freitas,UNIÃO,MG,Publicidade,Divulgação Da Atividade Parlamentar.,1,Situação cadastral não ativa: BAIXADA,FOUND,BAIXADA,2,24,120000.00,194891.353020,276881.75990132586,-0.2705,Fornecedor com CNPJ suspeito
153,178963,Covatti Filho,PP,RS,Locomoção,Locação Ou Fretamento De Veículos Automotores,0,Sem indício cadastral crítico,FOUND,ATIVA,2,62,559890.25,182736.733051,177547.8783363845,2.1242,Possível anomalia financeira
436,230957,João Cury,MDB,SP,Combustível,Combustíveis E Lubrificantes.,0,Sem indício cadastral crítico,FOUND,ATIVA,63,201,34251.13,42192.750821,64034.19773844777,-0.124,Comportamento esperado
571,204428,Marília Arraes,SOLIDARIEDADE,PE,Outros,Manutenção De Escritório De Apoio À Atividade Parlamentar,0,Documento não consultado por não ser CNPJ,NOT_APPLICABLE,,1,10,30000.00,90785.734524,140277.34198893898,-0.4333,Comportamento esperado
648,220615,Pastor Henrique Vieira,PSOL,RJ,Outros,"Passagens Terrestres, Marítimas Ou Fluviais",0,Sem indício cadastral crítico,FOUND,ATIVA,3,4,870.64,1539.978571,2924.304901002727,-0.2289,Comportamento esperado
394,204436,Isnaldo Bulhões Jr.,MDB,AL,Outros,Manutenção De Escritório De Apoio À Atividade Parlamentar,0,Sem indício cadastral crítico,FOUND,ATIVA,1,17,6107.80,55960.761000,68535.24676411308,-0.7274,Comportamento esperado
649,204553,Pastor Sargento Isidório,AVANTE,BA,Viagens,Passagem Aérea - Rpa,0,Sem indício cadastral crítico,FOUND,ATIVA,2,11,6044.97,31763.658913,54219.86604798766,-0.4743,Comportamento esperado
762,163321,Ronaldo Nogueira,REPUBLICANOS,RS,Comunicação,Telefonia,0,Sem indício cadastral crítico,FOUND,ATIVA,1,10,1491.80,19321.830435,18898.364290143905,-0.9435,Comportamento esperado
284,219920,Fabio Barros,PSB,PE,Outros,"Serviço De Táxi, Pedágio E Estacionamento",0,Sem indício cadastral crítico,FOUND,ATIVA,1,1,17.00,5084.056842,13620.11056577697,-0.372,Comportamento esperado
667,74574,Paulo Magalhães,PSD,BA,Combustível,Combustíveis E Lubrificantes.,0,Sem indício cadastral crítico,FOUND,ATIVA,114,530,377706.11,76280.976842,110667.4963849575,2.7237,Possível anomalia financeira
97,160589,Bruna Furlan,PSDB,SP,Publicidade,Assinatura De Publicações,0,Sem indício cadastral crítico,FOUND,ATIVA,1,2,6845.00,3369.241333,3418.330377283657,1.0168,Comportamento esperado
841,141552,Valtenir Pereira,MDB,MT,Outros,"Serviço De Táxi, Pedágio E Estacionamento",0,Sem indício cadastral crítico,FOUND,ATIVA,6,58,447.34,3540.579286,11648.42981256765,-0.2655,Comportamento esperado
595,178997,Moses Rodrigues,UNIÃO,CE,Viagens,Passagem Aérea - Sigepa,,,,,0,318,349636.22,190828.457826,170630.5409255439,0.9307,Comportamento esperado
198,220652,Delegado Palumbo,PODE,SP,Outros,"Serviço De Táxi, Pedágio E Estacionamento",0,Sem indício cadastral crítico,FOUND,ATIVA,12,345,42832.76,11967.060840,16796.655097373645,1.8376,Comportamento esperado
131,205476,Charles Fernandes,PSD,BA,Locomoção,Locação Ou Fretamento De Veículos Automotores,0,Sem indício cadastral crítico,FOUND,ATIVA,3,57,190356.73,292409.611930,213979.496522466,-0.4769,Comportamento esperado
177,204459,Daniela Do Waguinho,UNIÃO,RJ,Combustível,Combustíveis E Lubrificantes.,0,Sem indício cadastral crítico,FOUND,ATIVA,7,12,2979.73,44023.319398,62812.667137756165,-0.6534,Comportamento esperado
711,204567,Raimundo Costa,PSD,BA,Publicidade,Divulgação Da Atividade Parlamentar.,0,Sem indício cadastral crítico,FOUND,ATIVA,33,244,654621.77,317318.910361,328157.1355142384,1.0279,Comportamento esperado
767,73806,Roseana Sarney,MDB,MA,Outros,Manutenção De Escritório De Apoio À Atividade Parlamentar,0,Sem indício cadastral crítico,FOUND,ATIVA,1,5,2994.65,64195.130784,109861.24089764054,-0.5571,Comportamento esperado
560,74398,Maria Do Rosário,PT,RS,Viagens,Passagem Aérea - Sigepa,,,,,0,176,225084.53,223297.576531,126627.95953182003,0.0141,Comportamento esperado
294,204371,Felipe Rigoni,UNIÃO,ES,Publicidade,Divulgação Da Atividade Parlamentar.,0,Sem indício cadastral crítico,FOUND,ATIVA,7,16,19216.29,254942.876552,301625.34822291706,-0.7815,Comportamento esperado
564,204432,Marina Santos,REPUBLICANOS,PI,Publicidade,Divulgação Da Atividade Parlamentar.,1,Situação cadastral não ativa: BAIXADA,FOUND,BAIXADA,2,7,34000.00,255170.175556,326071.87108703476,-0.6783,Fornecedor com CNPJ suspeito
655,220627,Paulinho Freire,UNIÃO,RN,Alimentação,Fornecimento De Alimentação Do Parlamentar,0,Sem indício cadastral crítico,FOUND,ATIVA,13,58,4354.58,3041.730000,4181.690443923367,0.314,Comportamento esperado
699,204446,Professor Joziel,PATRIOTA,RJ,Serviços profissionais,"Consultorias, Pesquisas E Trabalhos Técnicos.",0,Sem indício cadastral crítico,FOUND,ATIVA,1,13,139000.00,51555.638000,51954.41216850247,1.6831,Comportamento esperado
297,204407,Fernanda Melchionna,PSOL,RS,Combustível,Combustíveis E Lubrificantes.,1,CNPJ não encontrado na API pública,NOT_FOUND,,1,2,200.00,60520.148547,97388.05968907535,-0.6194,Fornecedor com CNPJ suspeito
106,220690,Capitão Alden,PL,BA,Locomoção,Locação Ou Fretamento De Veículos Automotores,0,Sem indício cadastral crítico,FOUND,ATIVA,3,39,154870.00,292409.611930,213979.496522466,-0.6428,Comportamento esperado
865,74044,Wilson Santiago,REPUBLICANOS,PB,Locomoção,Locação Ou Fretamento De Veículos Automotores,0,Sem indício cadastral crítico,FOUND,ATIVA,5,30,207524.74,197980.822174,165434.59936969794,0.0577,Comportamento esperado
238,81297,Dra. Soraya Manato,PTB,ES,Publicidade,Divulgação Da Atividade Parlamentar.,0,Sem indício cadastral crítico,FOUND,ATIVA,5,18,174300.00,254942.876552,301625.34822291706,-0.2674,Comportamento esperado
397,220696,Ivoneide Caetano,PT,BA,Comunicação,Telefonia,0,Sem indício cadastral crítico,FOUND,ATIVA,2,22,11949.93,23153.030698,23468.568952979214,-0.4774,Comportamento esperado
417,214694,Jorge Goetten,REPUBLICANOS,SC,Outros,Manutenção De Escritório De Apoio À Atividade Parlamentar,0,Documento não consultado por não ser CNPJ,NOT_APPLICABLE,,2,31,152163.08,70964.571200,106769.4367602354,0.7605,Comportamento esperado
129,204496,Celso Sabino,PDT,PA,Publicidade,Divulgação Da Atividade Parlamentar.,0,Sem indício cadastral crítico,FOUND,ATIVA,8,33,184586.00,319971.475333,323849.5425991789,-0.4181,Comportamento esperado
509,204485,Luiz Carlos Motta,PL,SP,Publicidade,Assinatura De Publicações,0,Sem indício cadastral crítico,FOUND,ATIVA,1,4,4395.00,3369.241333,3418.330377283657,0.3001,Comportamento esperado
829,143084,Tiago Dimas,PODE,TO,Outros,Manutenção De Escritório De Apoio À Atividade Parlamentar,0,Sem indício cadastral crítico,FOUND,ATIVA,9,71,59523.38,60332.404118,100110.53801139936,-0.0081,Comportamento esperado
281,178871,Evair Vieira De Melo,PP,ES,Viagens,Passagem Aérea - Sigepa,,,,,0,107,112215.05,159760.155882,99464.81207952778,-0.478,Comportamento esperado
765,220644,Rosangela Moro,PL,SP,Publicidade,Divulgação Da Atividade Parlamentar.,0,Sem indício cadastral crítico,FOUND,ATIVA,18,52,365621.56,243741.226243,313657.1515008437,0.3886,Comportamento esperado
677,220667,Pedro Campos,PSB,PE,Outros,Manutenção De Escritório De Apoio À Atividade Parlamentar,1,Erro na consulta pública de CNPJ,ERROR,,1,42,32834.53,90785.734524,140277.34198893898,-0.4131,Fornecedor com CNPJ suspeito
718,205865,Reinhold Stephanes,PL,PR,Publicidade,Divulgação Da Atividade Parlamentar.,0,Sem indício cadastral crítico,FOUND,ATIVA,7,47,681632.13,263664.052022,329972.5348930845,1.2667,Comportamento esperado
507,141485,Luiz Carlos Busato,UNIÃO,RS,Publicidade,Divulgação Da Atividade Parlamentar.,1,Situação cadastral não ativa: BAIXADA,FOUND,BAIXADA,1,6,12000.00,215724.063125,265101.600265673,-0.7685,Fornecedor com CNPJ suspeito
725,175765,Ribamar Silva,PODE,SP,Comunicação,Telefonia,0,Sem indício cadastral crítico,FOUND,ATIVA,1,13,4248.64,19889.940211,25751.500071775903,-0.6074,Comportamento esperado
684,229259,Pedro Tourinho,PT,SP,Locomoção,Locação Ou Fretamento De Veículos Automotores,0,Sem indício cadastral crítico,FOUND,ATIVA,1,3,11700.00,147254.510948,139673.23431152088,-0.9705,Comportamento esperado
807,178946,Soraya Santos,PL,RJ,Hotéis,"Hospedagem ,exceto Do Parlamentar No Distrito Federal.",0,Sem indício cadastral crítico,FOUND,ATIVA,6,7,7431.50,13016.628636,21468.959145470457,-0.2601,Comportamento esperado
173,204367,Daniel Freitas,PL,SC,Outros,"Serviço De Táxi, Pedágio E Estacionamento",0,Sem indício cadastral crítico,FOUND,ATIVA,1,20,854.46,2658.067742,3431.982973130558,-0.5255,Comportamento esperado
832,197438,Tito,AVANTE,BA,Viagens,Passagem Aérea - Reembolso,0,Sem indício cadastral crítico,FOUND,ATIVA,1,2,2134.80,6722.195000,9392.208684505544,-0.4884,Comportamento esperado
862,160518,Weliton Prado,SOLIDARIEDADE,MG,Hotéis,"Hospedagem ,exceto Do Parlamentar No Distrito Federal.",0,Sem indício cadastral crítico,FOUND,ATIVA,7,8,3108.26,17018.453084,26330.369533202334,-0.5283,Comportamento esperado
215,160758,Domingos Sávio,PL,MG,Viagens,Passagem Aérea - Reembolso,0,Sem indício cadastral crítico,FOUND,ATIVA,3,3,6590.75,7020.191961,10297.188894597206,-0.0417,Comportamento esperado
76,74646,Aécio Neves,PSDB,MG,Serviços profissionais,"Consultorias, Pesquisas E Trabalhos Técnicos.",0,Sem indício cadastral crítico,FOUND,ATIVA,1,5,12500.00,50370.301935,57079.85828457048,-0.6635,Comportamento esperado
385,204373,Hélio Costa,PSD,SC,Publicidade,Assinatura De Publicações,0,Sem indício cadastral crítico,FOUND,ATIVA,1,1,1170.00,1002.800000,856.1605048120359,0.1953,Comportamento esperado
705,204467,Professora Rosa Neide,PT,MT,Combustível,Combustíveis E Lubrificantes.,0,Sem indício cadastral crítico,FOUND,ATIVA,78,211,49605.31,34330.305532,57340.29977264771,0.2664,Comportamento esperado
687,204406,Pedro Westphalen,PP,RS,Alimentação,Fornecimento De Alimentação Do Parlamentar,0,Sem indício cadastral crítico,FOUND,ATIVA,93,170,13196.02,7368.085075,13657.337051272762,0.4267,Comportamento esperado
305,141434,Flaviano Melo,MDB,AC,Publicidade,Divulgação Da Atividade Parlamentar.,0,Sem indício cadastral crítico,FOUND,ATIVA,5,25,143750.00,295132.464706,394989.3569390969,-0.3833,Comportamento esperado
301,92699,Fernando Monteiro,PSD,PE,Combustível,Combustíveis E Lubrificantes.,0,Sem indício cadastral crítico,FOUND,ATIVA,195,491,142869.50,53506.291935,82942.380015203,1.0774,Comportamento esperado
877,204559,Zé Neto,PT,BA,Viagens,Passagem Aérea - Sigepa,,,,,0,316,359654.42,219376.223091,157819.4558803826,0.8889,Comportamento esperado
387,220563,Icaro De Valmir,REPUBLICANOS,SE,Combustível,Combustíveis E Lubrificantes.,0,Sem indício cadastral crítico,FOUND,ATIVA,66,397,102223.56,53493.520741,82556.56454059949,0.5903,Comportamento esperado
133,74171,Chico Alencar,PSOL,RJ,Hotéis,"Hospedagem ,exceto Do Parlamentar No Distrito Federal.",0,Sem indício cadastral crítico,FOUND,ATIVA,15,42,28727.31,13016.628636,21468.959145470457,0.7318,Comportamento esperado
681,122974,Pedro Lucas Fernandes,UNIÃO,MA,Hotéis,"Hospedagem ,exceto Do Parlamentar No Distrito Federal.",0,Sem indício cadastral crítico,FOUND,ATIVA,28,79,44694.10,16546.215714,24945.906621691578,1.1284,Comportamento esperado
810,204535,Sâmia Bomfim,PSOL,SP,Publicidade,Divulgação Da Atividade Parlamentar.,0,Sem indício cadastral crítico,FOUND,ATIVA,4,166,627013.93,243741.226243,313657.1515008437,1.2219,Comportamento esperado
186,220539,Defensor Stélio Dener,UNIÃO,RR,Combustível,Combustíveis E Lubrificantes.,0,Sem indício cadastral crítico,FOUND,ATIVA,40,169,246183.06,70971.916364,102686.34049821323,1.7063,Comportamento esperado
84,204358,Beto Pereira,REPUBLICANOS,MS,Outros,Manutenção De Escritório De Apoio À Atividade Parlamentar,0,Sem indício cadastral crítico,FOUND,ATIVA,10,177,166746.70,74966.746667,80602.5088063342,1.1387,Comportamento esperado
531,204471,Mara Rocha,MDB,AC,Comunicação,Telefonia,0,Sem indício cadastral crítico,FOUND,ATIVA,2,7,1271.71,4341.214167,4755.124320798006,-0.6455,Comportamento esperado
555,220547,Marcos Pollon,PL,MS,Locomoção,Locação Ou Fretamento De Veículos Automotores,0,Sem indício cadastral crítico,FOUND,ATIVA,5,18,86253.00,208841.042857,176263.8077260953,-0.6955,Comportamento esperado
784,220621,Sargento Gonçalves,PL,RN,Publicidade,Divulgação Da Atividade Parlamentar.,1,Situação cadastral não ativa: BAIXADA,FOUND,BAIXADA,1,13,6500.00,246483.533462,299233.5953313259,-0.802,Fornecedor com CNPJ suspeito
145,204376,Coronel Armando,PP,SC,Combustível,Combustíveis E Lubrificantes.,0,Sem indício cadastral crítico,FOUND,ATIVA,75,120,34460.54,63943.250339,85631.6159933909,-0.3443,Comportamento esperado
742,220613,Roberto Monteiro Pai,PL,RJ,Outros,Manutenção De Escritório De Apoio À Atividade Parlamentar,0,Documento não consultado por não ser CNPJ,NOT_APPLICABLE,,2,26,59800.00,80988.593819,134414.71100556676,-0.1576,Comportamento esperado
68,73433,Arlindo Chinaglia,PT,SP,Locomoção,Locação Ou Fretamento De Veículos Automotores,0,Sem indício cadastral crítico,FOUND,ATIVA,4,11,49950.00,147254.510948,139673.23431152088,-0.6967,Comportamento esperado
96,204502,Bozzella,UNIÃO,SP,Viagens,Passagem Aérea - Rpa,0,Sem indício cadastral crítico,FOUND,ATIVA,2,4,2975.93,24943.515352,36157.13967829913,-0.6076,Comportamento esperado
296,204477,Felício Laterça,PP,RJ,Hotéis,"Hospedagem ,exceto Do Parlamentar No Distrito Federal.",1,Situação cadastral não ativa: SUSPENSA,FOUND,SUSPENSA,1,20,6857.36,13016.628636,21468.959145470457,-0.2869,Fornecedor com CNPJ suspeito
524,204547,Léo Motta,REPUBLICANOS,MG,Viagens,Passagem Aérea - Rpa,0,Sem indício cadastral crítico,FOUND,ATIVA,1,1,395.65,40253.940526,63478.97879162227,-0.6279,Comportamento esperado
509,204485,Luiz Carlos Motta,PL,SP,Outros,"Passagens Terrestres, Marítimas Ou Fluviais",0,Sem indício cadastral crítico,FOUND,ATIVA,2,2,455.86,996.486667,1138.3419633085512,-0.4749,Comportamento esperado
519,178866,Luizianne Lins,PT,CE,Outros,Serviços Postais,0,Sem indício cadastral crítico,FOUND,ATIVA,2,2,374.50,3829.738750,9609.91874267183,-0.3595,Comportamento esperado
259,204364,Eli Borges,PL,TO,Outros,Manutenção De Escritório De Apoio À Atividade Parlamentar,1,Situação cadastral não ativa: INAPTA,FOUND,INAPTA,1,5,3150.00,60332.404118,100110.53801139936,-0.5712,Fornecedor com CNPJ suspeito
642,160556,Padre João,PT,MG,Publicidade,Divulgação Da Atividade Parlamentar.,0,Sem indício cadastral crítico,FOUND,ATIVA,19,58,369695.74,194891.353020,276881.75990132586,0.6313,Comportamento esperado
257,74075,Elcione Barbalho,MDB,PA,Alimentação,Fornecimento De Alimentação Do Parlamentar,1,CNPJ não encontrado na API pública,NOT_FOUND,,1,1,210.00,3234.680000,6858.9099531514485,-0.441,Fornecedor com CNPJ suspeito
377,178981,Herculano Passos,REPUBLICANOS,SP,Locomoção,Locação Ou Fretamento De Veículos Automotores,0,Sem indício cadastral crítico,FOUND,ATIVA,2,10,61799.67,147254.510948,139673.23431152088,-0.6118,Comportamento esperado
861,220601,Washington Quaquá,PT,RJ,Combustível,Combustíveis E Lubrificantes.,0,Sem indício cadastral crítico,FOUND,ATIVA,59,148,27295.78,44023.319398,62812.667137756165,-0.2663,Comportamento esperado
687,204406,Pedro Westphalen,PP,RS,Outros,Manutenção De Escritório De Apoio À Atividade Parlamentar,0,Sem indício cadastral crítico,FOUND,ATIVA,7,218,429849.63,109428.142500,149558.61424927576,2.1424,Possível anomalia financeira
79,220605,Bandeira De Mello,PV,RJ,Viagens,Passagem Aérea - Sigepa,,,,,0,280,348419.71,213577.740357,175550.75566941444,0.7681,Comportamento esperado
601,220687,Márcio Honaiser,SOLIDARIEDADE,MA,Combustível,Combustíveis E Lubrificantes.,0,Sem indício cadastral crítico,FOUND,ATIVA,117,551,151526.18,34895.172615,52384.05405357016,2.2265,Possível anomalia financeira
107,178829,Capitão Augusto,PL,SP,Combustível,Combustíveis E Lubrificantes.,0,Sem indício cadastral crítico,FOUND,ATIVA,250,1082,240203.79,42192.750821,64034.19773844777,3.0923,Anomalia financeira extrema
120,204426,Carlos Veras,PT,PE,Combustível,Combustíveis E Lubrificantes.,0,Sem indício cadastral crítico,FOUND,ATIVA,276,1423,388368.48,53506.291935,82942.380015203,4.0373,Anomalia financeira extrema
96,204502,Bozzella,UNIÃO,SP,Viagens,Passagem Aérea - Sigepa,,,,,0,117,91149.59,185430.171967,136227.76556134285,-0.6921,Comportamento esperado
205,220553,Denise Pessôa,PT,RS,Publicidade,Divulgação Da Atividade Parlamentar.,0,Sem indício cadastral crítico,FOUND,ATIVA,28,149,450266.51,215724.063125,265101.600265673,0.8847,Comportamento esperado
73,160665,Augusto Coutinho,REPUBLICANOS,PE,Outros,Manutenção De Escritório De Apoio À Atividade Parlamentar,0,Sem indício cadastral crítico,FOUND,ATIVA,20,668,575745.72,90785.734524,140277.34198893898,3.4572,Anomalia financeira extrema
300,204445,Fernando Mineiro,PT,RN,Viagens,Passagem Aérea - Sigepa,,,,,0,118,151210.91,162797.373750,139730.51949096413,-0.0829,Comportamento esperado
10,141372,Aelton Freitas,PP,MG,Publicidade,Divulgação Da Atividade Parlamentar.,0,Sem indício cadastral crítico,FOUND,ATIVA,9,20,70987.72,194891.353020,276881.75990132586,-0.4475,Comportamento esperado
371,220537,Helena Lima,PSD,RR,Outros,"Serviço De Táxi, Pedágio E Estacionamento",0,Sem indício cadastral crítico,FOUND,ATIVA,2,49,1182.26,569.325714,496.7686626541957,1.2338,Comportamento esperado
404,74273,Jefferson Campos,PL,SP,Alimentação,Fornecimento De Alimentação Do Parlamentar,0,Sem indício cadastral crítico,FOUND,ATIVA,8,28,2351.78,3366.001170,5609.697337170304,-0.1808,Comportamento esperado
604,160542,Márcio Macêdo,PT,SE,Outros,Manutenção De Escritório De Apoio À Atividade Parlamentar,0,Sem indício cadastral crítico,FOUND,ATIVA,1,1,1139.00,43647.935652,66268.36061748704,-0.6415,Comportamento esperado
578,141508,Mauro Nazif,PSB,RO,Outros,Manutenção De Escritório De Apoio À Atividade Parlamentar,0,Sem indício cadastral crítico,FOUND,ATIVA,1,2,1015.60,40149.183103,63678.43736701476,-0.6145,Comportamento esperado
242,220540,Duda Ramos,PODE,RR,Locomoção,Locação Ou Fretamento De Veículos Automotores,0,Sem indício cadastral crítico,FOUND,ATIVA,3,40,238741.24,156360.151875,107532.52503854835,0.7661,Comportamento esperado
140,220665,Clarissa Tércio,PP,PE,Outros,Manutenção De Escritório De Apoio À Atividade Parlamentar,0,Sem indício cadastral crítico,FOUND,ATIVA,4,46,51718.71,90785.734524,140277.34198893898,-0.2785,Comportamento esperado
73,160665,Augusto Coutinho,REPUBLICANOS,PE,Publicidade,Divulgação Da Atividade Parlamentar.,1,Situação cadastral não ativa: BAIXADA,FOUND,BAIXADA,5,12,16900.00,241972.708182,301628.5621101344,-0.7462,Fornecedor com CNPJ suspeito
471,204375,Leda Sadala,PP,AP,Publicidade,Divulgação Da Atividade Parlamentar.,1,Situação cadastral não ativa: BAIXADA,FOUND,BAIXADA,1,3,8400.00,282209.245429,388109.6753004129,-0.7055,Fornecedor com CNPJ suspeito
37,178927,Aliel Machado,PV,PR,Combustível,Combustíveis E Lubrificantes.,1,Situação cadastral não ativa: INAPTA,FOUND,INAPTA,1,2,684.24,57944.345500,82353.4495793919,-0.6953,Fornecedor com CNPJ suspeito
884,204509,Áurea Carolina,PSOL,MG,Combustível,Combustíveis E Lubrificantes.,0,Sem indício cadastral crítico,FOUND,ATIVA,19,38,30657.41,65306.104375,92314.0005265802,-0.3753,Comportamento esperado
533,156190,Marcel Van Hattem,NOVO,RS,Publicidade,Divulgação Da Atividade Parlamentar.,1,Situação cadastral não ativa: BAIXADA,FOUND,BAIXADA,1,16,1747.66,215724.063125,265101.600265673,-0.8071,Fornecedor com CNPJ suspeito
253,178977,Eduardo Cury,PSDB,SP,Outros,Serviço De Segurança Prestado Por Empresa Especializada.,0,Sem indício cadastral crítico,FOUND,ATIVA,1,12,2070.00,57471.443333,111341.01915358497,-0.4976,Comportamento esperado
545,179000,Marcelo Álvaro Antônio,PL,MG,Outros,"Serviço De Táxi, Pedágio E Estacionamento",0,Sem indício cadastral crítico,FOUND,ATIVA,1,9,56.70,5572.245385,10370.293242628488,-0.5319,Comportamento esperado
11,160508,Afonso Florence,PT,BA,Locomoção,Locação Ou Fretamento De Veículos Automotores,0,Sem indício cadastral crítico,FOUND,ATIVA,3,11,30933.78,292409.611930,213979.496522466,-1.222,Comportamento esperado
829,143084,Tiago Dimas,PODE,TO,Locomoção,Locação Ou Fretamento De Veículos Automotores,0,Sem indício cadastral crítico,FOUND,ATIVA,2,4,3355.00,117209.676500,159137.4356385456,-0.7154,Comportamento esperado
167,220629,Dandara,PT,MG,Locomoção,Locação Ou Fretamento De Veículos Automotores,0,Sem indício cadastral crítico,FOUND,ATIVA,2,26,102528.61,199358.988889,190617.58878325575,-0.508,Comportamento esperado
742,220613,Roberto Monteiro Pai,PL,RJ,Alimentação,Fornecimento De Alimentação Do Parlamentar,0,Sem indício cadastral crítico,FOUND,ATIVA,174,1065,61216.77,5314.154545,11413.915891543053,4.8978,Anomalia financeira extrema
615,146307,Neri Geller,PP,MT,Viagens,Passagem Aérea - Sigepa,,,,,0,113,149368.44,116334.207895,92091.32039496631,0.3587,Comportamento esperado
825,220560,Thiago De Joaldo,REPUBLICANOS,SE,Combustível,Combustíveis E Lubrificantes.,0,Sem indício cadastral crítico,FOUND,ATIVA,73,557,144268.72,53493.520741,82556.56454059949,1.0996,Comportamento esperado
81,73701,Benedita Da Silva,PT,RJ,Combustível,Combustíveis E Lubrificantes.,0,Sem indício cadastral crítico,FOUND,ATIVA,126,647,143064.46,44023.319398,62812.667137756165,1.5768,Comportamento esperado
306,225727,Flavinha,MDB,MT,Locomoção,Locação Ou Fretamento De Veículos Automotores,0,Sem indício cadastral crítico,FOUND,ATIVA,2,8,50220.00,134358.602609,119146.49353274485,-0.7062,Comportamento esperado
557,220604,Marcos Tavares,PDT,RJ,Combustível,Combustíveis E Lubrificantes.,0,Sem indício cadastral crítico,FOUND,ATIVA,51,238,48245.06,44023.319398,62812.667137756165,0.0672,Comportamento esperado
238,81297,Dra. Soraya Manato,PTB,ES,Outros,Manutenção De Escritório De Apoio À Atividade Parlamentar,1,Situação cadastral não ativa: INAPTA,FOUND,INAPTA,1,8,5050.00,101936.796563,164857.25422120074,-0.5877,Fornecedor com CNPJ suspeito
640,204573,Otto Alencar Filho,PSD,BA,Combustível,Combustíveis E Lubrificantes.,0,Sem indício cadastral crítico,FOUND,ATIVA,77,380,260572.37,76280.976842,110667.4963849575,1.6653,Comportamento esperado
42,178881,Aluisio Mendes,REPUBLICANOS,MA,Comunicação,Telefonia,0,Sem indício cadastral crítico,FOUND,ATIVA,5,51,59003.41,18512.680625,18171.321371846523,2.2283,Possível anomalia financeira
536,204433,Marcelo Calero,PSD,RJ,Viagens,Passagem Aérea - Reembolso,0,Sem indício cadastral crítico,FOUND,ATIVA,3,13,34361.77,9840.865893,10669.362639943789,2.2983,Possível anomalia financeira
304,220545,Filipe Martins,PL,TO,Publicidade,Divulgação Da Atividade Parlamentar.,0,Sem indício cadastral crítico,FOUND,ATIVA,14,92,632419.17,260231.601071,329408.0872597135,1.1299,Comportamento esperado
556,178943,Marcos Soares,PSDB,RJ,Outros,"Serviço De Táxi, Pedágio E Estacionamento",0,Sem indício cadastral crítico,FOUND,ATIVA,33,114,15057.49,8455.730411,14321.838989715481,0.461,Comportamento esperado
841,141552,Valtenir Pereira,MDB,MT,Comunicação,Telefonia,0,Sem indício cadastral crítico,FOUND,ATIVA,1,1,221.99,6682.953571,8863.976852355925,-0.7289,Comportamento esperado
681,122974,Pedro Lucas Fernandes,UNIÃO,MA,Publicidade,Divulgação Da Atividade Parlamentar.,0,Sem indício cadastral crítico,FOUND,ATIVA,17,231,857947.79,299945.123175,386285.4495039867,1.4445,Comportamento esperado
524,204547,Léo Motta,REPUBLICANOS,MG,Outros,Manutenção De Escritório De Apoio À Atividade Parlamentar,0,Documento não consultado por não ser CNPJ,NOT_APPLICABLE,,1,5,29485.00,123562.947566,162703.54342443834,-0.5782,Comportamento esperado
808,92776,Stefano Aguiar,PSD,MG,Viagens,Passagem Aérea - Sigepa,,,,,0,159,196886.94,195216.599630,167832.49260588933,0.01,Comportamento esperado
423,74141,Josias Gomes,PT,BA,Serviços profissionais,"Consultorias, Pesquisas E Trabalhos Técnicos.",0,Sem indício cadastral crítico,FOUND,ATIVA,1,9,139000.00,64386.903226,47821.13506693795,1.5603,Comportamento esperado
834,178934,Toninho Wandscheer,PP,PR,Comunicação,Telefonia,0,Sem indício cadastral crítico,FOUND,ATIVA,2,40,6256.70,10984.091277,13121.60062975809,-0.3603,Comportamento esperado
573,220628,Mauricio Do Vôlei,PL,MG,Publicidade,Divulgação Da Atividade Parlamentar.,0,Sem indício cadastral crítico,FOUND,ATIVA,20,58,1086052.08,194891.353020,276881.75990132586,3.2186,Anomalia financeira extrema
369,178964,Heitor Schuch,PSB,RS,Alimentação,Fornecimento De Alimentação Do Parlamentar,0,Sem indício cadastral crítico,FOUND,ATIVA,16,28,1054.61,7368.085075,13657.337051272762,-0.4623,Comportamento esperado
123,220704,Carol Dartora,PT,PR,Viagens,Passagem Aérea - Reembolso,0,Sem indício cadastral crítico,FOUND,ATIVA,2,2,5516.22,17801.644063,39455.64199846602,-0.3114,Comportamento esperado
637,141515,Otavio Leite,PSDB,RJ,Combustível,Combustíveis E Lubrificantes.,0,Sem indício cadastral crítico,FOUND,ATIVA,18,39,5451.35,44023.319398,62812.667137756165,-0.6141,Comportamento esperado
445,220640,Juliana Cardoso,PT,SP,Comunicação,Telefonia,0,Sem indício cadastral crítico,FOUND,ATIVA,4,51,22247.02,19889.940211,25751.500071775903,0.0915,Comportamento esperado
644,230762,Pastor Claudio Mariano,UNIÃO,PA,Viagens,Passagem Aérea - Sigepa,,,,,0,37,34915.36,266111.307931,195578.09309190325,-1.1821,Comportamento esperado
239,204434,Dra. Vanda Milani,PROS,AC,Comunicação,Telefonia,0,Sem indício cadastral crítico,FOUND,ATIVA,1,7,4027.22,4341.214167,4755.124320798006,-0.066,Comportamento esperado
633,204363,Osires Damaso,PSC,TO,Outros,Manutenção De Escritório De Apoio À Atividade Parlamentar,0,Sem indício cadastral crítico,FOUND,ATIVA,5,19,12369.67,60332.404118,100110.53801139936,-0.4791,Comportamento esperado
305,141434,Flaviano Melo,MDB,AC,Viagens,Passagem Aérea - Rpa,0,Sem indício cadastral crítico,FOUND,ATIVA,2,21,29841.50,17368.935000,20856.5816470984,0.598,Comportamento esperado
532,220648,Marangoni,PODE,SP,Locomoção,Locação Ou Fretamento De Veículos Automotores,0,Sem indício cadastral crítico,FOUND,ATIVA,3,23,204860.11,147254.510948,139673.23431152088,0.4124,Comportamento esperado
862,160518,Weliton Prado,PROS,MG,Viagens,Passagem Aérea - Sigepa,,,,,0,74,98647.92,195216.599630,167832.49260588933,-0.5754,Comportamento esperado
504,204410,Luisa Canziani,PSD,PR,Outros,Manutenção De Escritório De Apoio À Atividade Parlamentar,0,Sem indício cadastral crítico,FOUND,ATIVA,4,30,96885.40,86193.122500,116860.66498214444,0.0915,Comportamento esperado
802,220651,Simone Marquetto,PP,SP,Alimentação,Fornecimento De Alimentação Do Parlamentar,0,Sem indício cadastral crítico,FOUND,ATIVA,110,269,12854.66,3366.001170,5609.697337170304,1.6915,Comportamento esperado
790,178933,Sergio Souza,MDB,PR,Combustível,Combustíveis E Lubrificantes.,0,Sem indício cadastral crítico,FOUND,ATIVA,270,818,243459.43,57944.345500,82353.4495793919,2.2527,Possível anomalia financeira
852,141555,Vinicius Carvalho,PL,SP,Combustível,Combustíveis E Lubrificantes.,0,Sem indício cadastral crítico,FOUND,ATIVA,230,753,153794.80,42192.750821,64034.19773844777,1.7429,Comportamento esperado
842,74376,Vander Loubet,PT,MS,Viagens,Passagem Aérea - Sigepa,,,,,0,278,317291.48,136850.719231,90603.58730528376,1.9915,Comportamento esperado
330,204473,General Girão,PL,RN,Combustível,Combustíveis E Lubrificantes.,0,Sem indício cadastral crítico,FOUND,ATIVA,167,543,148551.23,51927.710333,76131.03428420173,1.2692,Comportamento esperado
168,220603,Dani Cunha,PL,RJ,Viagens,Passagem Aérea - Sigepa,,,,,0,280,221237.71,213577.740357,175550.75566941444,0.0436,Comportamento esperado
499,178954,Lucio Mosquini,PL,RO,Hotéis,"Hospedagem ,exceto Do Parlamentar No Distrito Federal.",0,Sem indício cadastral crítico,FOUND,ATIVA,45,101,29896.41,15598.613913,18502.405565050612,0.7728,Comportamento esperado
335,220702,Geraldo Mendes,UNIÃO,PR,Viagens,Passagem Aérea - Sigepa,,,,,0,226,259426.35,173223.575536,125997.34942419773,0.6842,Comportamento esperado
820,220598,Tarcísio Motta,PSOL,RJ,Outros,"Serviço De Táxi, Pedágio E Estacionamento",0,Sem indício cadastral crítico,FOUND,ATIVA,10,768,21341.62,8455.730411,14321.838989715481,0.8997,Comportamento esperado
400,220697,Jadyel Alencar,REPUBLICANOS,PI,Viagens,Passagem Aérea - Sigepa,,,,,0,213,215742.34,155026.570000,94704.85142824263,0.6411,Comportamento esperado
661,160517,Paulo Folletto,PSB,ES,Hotéis,"Hospedagem ,exceto Do Parlamentar No Distrito Federal.",0,Sem indício cadastral crítico,FOUND,ATIVA,13,30,6587.00,14136.593684,23816.6886480095,-0.317,Comportamento esperado
334,178966,Geovania De Sá,REPUBLICANOS,SC,Hotéis,"Hospedagem ,exceto Do Parlamentar No Distrito Federal.",0,Sem indício cadastral crítico,FOUND,ATIVA,42,163,64590.30,36695.958649,43528.74004922331,0.6408,Comportamento esperado
66,220549,Any Ortiz,PP,RS,Outros,"Serviço De Táxi, Pedágio E Estacionamento",0,Sem indício cadastral crítico,FOUND,ATIVA,14,340,2584.17,10192.084923,16137.89190584743,-0.4714,Comportamento esperado
422,220578,Josenildo,PDT,AP,Viagens,Passagem Aérea - Reembolso,0,Sem indício cadastral crítico,FOUND,ATIVA,4,7,18587.72,8586.811250,7146.613846186054,1.3994,Comportamento esperado
466,98057,Lafayette De Andrada,REPUBLICANOS,MG,Viagens,Passagem Aérea - Sigepa,,,,,0,25,35153.52,195216.599630,167832.49260588933,-0.9537,Comportamento esperado
738,220693,Roberta Roma,PL,BA,Comunicação,Telefonia,0,Sem indício cadastral crítico,FOUND,ATIVA,1,10,1428.79,23153.030698,23468.568952979214,-0.9257,Comportamento esperado
315,220534,Fred Linhares,REPUBLICANOS,DF,Locomoção,Locação Ou Fretamento De Veículos Automotores,0,Sem indício cadastral crítico,FOUND,ATIVA,1,25,131000.00,118149.428125,89877.33858167462,0.143,Comportamento esperado
112,213762,Carla Dickson,UNIÃO,RN,Locomoção,Locação Ou Fretamento De Veículos Automotores,0,Sem indício cadastral crítico,FOUND,ATIVA,1,3,10500.00,157542.546842,185025.17121572056,-0.7947,Comportamento esperado
638,204441,Otoni De Paula,MDB,RJ,Comunicação,Telefonia,0,Sem indício cadastral crítico,FOUND,ATIVA,2,13,23039.40,11897.719661,18918.17939394703,0.5889,Comportamento esperado
82,109429,Benes Leocádio,UNIÃO,RN,Publicidade,Divulgação Da Atividade Parlamentar.,1,Situação cadastral não ativa: BAIXADA,FOUND,BAIXADA,1,1,1000.00,246483.533462,299233.5953313259,-0.8204,Fornecedor com CNPJ suspeito
573,220628,Mauricio Do Vôlei,PL,MG,Viagens,Passagem Aérea - Rpa,0,Sem indício cadastral crítico,FOUND,ATIVA,1,1,2529.85,40253.940526,63478.97879162227,-0.5943,Comportamento esperado
213,220602,Dimas Gadelha,PT,RJ,Publicidade,Divulgação Da Atividade Parlamentar.,1,Situação cadastral não ativa: BAIXADA,FOUND,BAIXADA,2,13,204800.00,226781.355120,259582.44863584734,-0.0847,Fornecedor com CNPJ suspeito
144,98148,Cobalchini,MDB,SC,Outros,"Passagens Terrestres, Marítimas Ou Fluviais",0,Sem indício cadastral crítico,FOUND,ATIVA,2,3,584.12,472.404167,456.3108967371486,0.2448,Comportamento esperado
771,73466,Rubens Bueno,CIDADANIA,PR,Serviços profissionais,"Consultorias, Pesquisas E Trabalhos Técnicos.",1,Situação cadastral não ativa: INAPTA,FOUND,INAPTA,1,2,1600.00,58752.690645,58141.82428785019,-0.983,Fornecedor com CNPJ suspeito
604,160542,Márcio Macêdo,PT,SE,Hotéis,"Hospedagem ,exceto Do Parlamentar No Distrito Federal.",0,Sem indício cadastral crítico,FOUND,ATIVA,1,1,540.00,13543.401111,21569.307793305772,-0.6029,Comportamento esperado
297,204407,Fernanda Melchionna,PSOL,RS,Outros,"Passagens Terrestres, Marítimas Ou Fluviais",1,Situação cadastral não ativa: INAPTA,FOUND,INAPTA,1,1,115.62,4236.036552,8253.072405382596,-0.4993,Fornecedor com CNPJ suspeito
48,107970,Ana Paula Leão,PP,MG,Publicidade,Divulgação Da Atividade Parlamentar.,1,Erro na consulta pública de CNPJ,ERROR,,1,1,477.93,194891.353020,276881.75990132586,-0.7022,Fornecedor com CNPJ suspeito
108,178924,Capitão Fábio Abreu,PSD,PI,Viagens,Passagem Aérea - Sigepa,,,,,0,63,122132.34,155026.570000,94704.85142824263,-0.3473,Comportamento esperado
73,160665,Augusto Coutinho,REPUBLICANOS,PE,Viagens,Passagem Aérea - Sigepa,,,,,0,266,306386.45,221741.150682,163177.94412569836,0.5187,Comportamento esperado
751,220641,Rodrigo Gambale,PODE,SP,Outros,Manutenção De Escritório De Apoio À Atividade Parlamentar,0,Sem indício cadastral crítico,FOUND,ATIVA,10,131,448812.33,98538.487659,143509.98800071477,2.4408,Possível anomalia financeira
9,121948,Adriano Do Baldy,PP,GO,Publicidade,Divulgação Da Atividade Parlamentar.,0,Sem indício cadastral crítico,FOUND,ATIVA,30,201,597025.58,294423.402917,352090.0693215526,0.8594,Comportamento esperado
802,220651,Simone Marquetto,PP,SP,Publicidade,Divulgação Da Atividade Parlamentar.,0,Sem indício cadastral crítico,FOUND,ATIVA,8,84,727763.36,243741.226243,313657.1515008437,1.5432,Comportamento esperado
396,73531,Ivan Valente,PSOL,SP,Combustível,Combustíveis E Lubrificantes.,0,Sem indício cadastral crítico,FOUND,ATIVA,121,473,88435.18,42192.750821,64034.19773844777,0.7222,Comportamento esperado
86,220683,Beto Richa,PSDB,PR,Viagens,Passagem Aérea - Sigepa,,,,,0,239,195383.96,173223.575536,125997.34942419773,0.1759,Comportamento esperado
614,204415,Nereu Crispim,PSD,RS,Publicidade,Divulgação Da Atividade Parlamentar.,1,Situação cadastral não ativa: BAIXADA,FOUND,BAIXADA,4,15,53390.00,215724.063125,265101.600265673,-0.6123,Fornecedor com CNPJ suspeito
757,160651,Rogério Peninha Mendonça,MDB,SC,Outros,Manutenção De Escritório De Apoio À Atividade Parlamentar,0,Sem indício cadastral crítico,FOUND,ATIVA,3,24,46917.14,70964.571200,106769.4367602354,-0.2252,Comportamento esperado
651,218741,Patrick Dorneles,PSD,PB,Combustível,Combustíveis E Lubrificantes.,0,Sem indício cadastral crítico,FOUND,ATIVA,9,14,4289.02,61582.608974,85760.8839439169,-0.6681,Comportamento esperado
132,204490,Charlles Evangelista,PP,MG,Hotéis,"Hospedagem ,exceto Do Parlamentar No Distrito Federal.",0,Sem indício cadastral crítico,FOUND,ATIVA,16,22,4359.50,17018.453084,26330.369533202334,-0.4808,Comportamento esperado
210,73768,Dilceu Sperafico,PP,PR,Viagens,Passagem Aérea - Sigepa,,,,,0,124,106367.66,173223.575536,125997.34942419773,-0.5306,Comportamento esperado
607,178858,Mário Negromonte Jr.,PP,BA,Locomoção,Locação Ou Fretamento De Veículos Automotores,0,Sem indício cadastral crítico,FOUND,ATIVA,1,12,146199.50,292409.611930,213979.496522466,-0.6833,Comportamento esperado
559,220668,Maria Arraes,PSB,PE,Publicidade,Divulgação Da Atividade Parlamentar.,0,Sem indício cadastral crítico,FOUND,ATIVA,10,78,785055.96,241972.708182,301628.5621101344,1.8005,Comportamento esperado
133,74171,Chico Alencar,PSOL,RJ,Publicidade,Divulgação Da Atividade Parlamentar.,1,Situação cadastral não ativa: BAIXADA,FOUND,BAIXADA,5,85,550846.62,226781.355120,259582.44863584734,1.2484,Fornecedor com CNPJ suspeito
609,228042,Naumi Amorim,PSD,CE,Publicidade,Divulgação Da Atividade Parlamentar.,0,Sem indício cadastral crítico,FOUND,ATIVA,2,2,5900.00,263931.285395,366906.3702021798,-0.7033,Comportamento esperado
674,220630,Pedro Aihara,PP,MG,Viagens,Passagem Aérea - Reembolso,0,Sem indício cadastral crítico,FOUND,ATIVA,2,2,3264.01,7020.191961,10297.188894597206,-0.3648,Comportamento esperado
146,220594,Coronel Assis,PL,MT,Outros,"Serviço De Táxi, Pedágio E Estacionamento",0,Sem indício cadastral crítico,FOUND,ATIVA,2,23,151.30,3540.579286,11648.42981256765,-0.291,Comportamento esperado
793,204437,Severino Pessoa,MDB,AL,Outros,Manutenção De Escritório De Apoio À Atividade Parlamentar,0,Documento não consultado por não ser CNPJ,NOT_APPLICABLE,,1,6,19200.00,55960.761000,68535.24676411308,-0.5364,Comportamento esperado
466,98057,Lafayette De Andrada,PL,MG,Viagens,Passagem Aérea - Rpa,0,Sem indício cadastral crítico,FOUND,ATIVA,2,5,4609.06,40253.940526,63478.97879162227,-0.5615,Comportamento esperado
250,204541,Eduardo Bismarck,PV,CE,Hotéis,"Hospedagem ,exceto Do Parlamentar No Distrito Federal.",1,Situação cadastral não ativa: BAIXADA,FOUND,BAIXADA,1,1,1641.00,14861.399063,17345.750222182687,-0.7622,Fornecedor com CNPJ suspeito
665,233592,Paulo Lemos,PT,AP,Outros,"Serviço De Táxi, Pedágio E Estacionamento",0,Sem indício cadastral crítico,FOUND,ATIVA,1,66,2764.70,3695.458571,4756.467110816699,-0.1957,Comportamento esperado
843,234673,Vanderlan Alves,SOLIDARIEDADE,CE,Combustível,Combustíveis E Lubrificantes.,0,Sem indício cadastral crítico,FOUND,ATIVA,20,71,16988.19,41977.960833,76764.60304100714,-0.3255,Comportamento esperado
421,209189,Joseildo Ramos,PT,BA,Serviços profissionais,"Consultorias, Pesquisas E Trabalhos Técnicos.",0,Sem indício cadastral crítico,FOUND,ATIVA,2,8,96200.00,64386.903226,47821.13506693795,0.6653,Comportamento esperado
301,92699,Fernando Monteiro,PP,PE,Locomoção,Locação Ou Fretamento De Veículos Automotores,0,Sem indício cadastral crítico,FOUND,ATIVA,2,15,87683.00,220869.240392,185976.71020526288,-0.7161,Comportamento esperado
456,73586,Júlio Delgado,PV,MG,Outros,Manutenção De Escritório De Apoio À Atividade Parlamentar,0,Documento não consultado por não ser CNPJ,NOT_APPLICABLE,,1,12,44222.89,123562.947566,162703.54342443834,-0.4876,Comportamento esperado
571,204428,Marília Arraes,SOLIDARIEDADE,PE,Publicidade,Divulgação Da Atividade Parlamentar.,0,Sem indício cadastral crítico,FOUND,ATIVA,4,7,200350.00,241972.708182,301628.5621101344,-0.138,Comportamento esperado
166,74467,Damião Feliciano,UNIÃO,PB,Locomoção,Locação Ou Fretamento De Veículos Automotores,0,Sem indício cadastral crítico,FOUND,ATIVA,5,47,239774.76,197980.822174,165434.59936969794,0.2526,Comportamento esperado
334,178966,Geovania De Sá,REPUBLICANOS,SC,Combustível,Combustíveis E Lubrificantes.,0,Sem indício cadastral crítico,FOUND,ATIVA,156,698,217324.52,63943.250339,85631.6159933909,1.7912,Comportamento esperado
501,222429,Luis Carlos Gomes,REPUBLICANOS,RJ,Publicidade,Divulgação Da Atividade Parlamentar.,0,Sem indício cadastral crítico,FOUND,ATIVA,3,76,820509.31,226781.355120,259582.44863584734,2.2872,Possível anomalia financeira
785,220618,Sargento Portugal,PODE,RJ,Locomoção,Locação Ou Fretamento De Veículos Automotores,0,Sem indício cadastral crítico,FOUND,ATIVA,1,38,376000.00,162239.394390,163272.60476613723,1.3092,Comportamento esperado
801,220569,Silvye Alves,UNIÃO,GO,Outros,Manutenção De Escritório De Apoio À Atividade Parlamentar,0,Sem indício cadastral crítico,FOUND,ATIVA,17,138,395740.63,100447.486545,162486.21407041358,1.8173,Comportamento esperado
301,92699,Fernando Monteiro,PSD,PE,Comunicação,Telefonia,0,Sem indício cadastral crítico,FOUND,ATIVA,5,63,31642.20,10941.974167,12252.099914667077,1.6895,Comportamento esperado
818,220682,Tadeu Veneri,PT,PR,Viagens,Passagem Aérea - Sigepa,,,,,0,236,268033.09,173223.575536,125997.34942419773,0.7525,Comportamento esperado
143,88256,Clodoaldo Magalhães,PV,PE,Combustível,Combustíveis E Lubrificantes.,0,Sem indício cadastral crítico,FOUND,ATIVA,137,552,147465.00,53506.291935,82942.380015203,1.1328,Comportamento esperado
868,220564,Yandra Moura,UNIÃO,SE,Viagens,Passagem Aérea - Sigepa,,,,,0,251,304084.21,155702.681579,99733.68864426478,1.4878,Comportamento esperado
163,141411,Dagoberto Nogueira,PP,MS,Viagens,Passagem Aérea - Sigepa,,,,,0,168,137018.18,136850.719231,90603.58730528376,0.0018,Comportamento esperado
157,204499,Cássio Andrade,PSB,PA,Outros,Manutenção De Escritório De Apoio À Atividade Parlamentar,0,Sem indício cadastral crítico,FOUND,ATIVA,3,50,15939.96,42888.542571,70113.4772677672,-0.3844,Comportamento esperado
250,204541,Eduardo Bismarck,PDT,CE,Outros,Manutenção De Escritório De Apoio À Atividade Parlamentar,0,Sem indício cadastral crítico,FOUND,ATIVA,5,31,73606.60,68348.775082,105244.60317209057,0.05,Comportamento esperado
121,141398,Carlos Zarattini,PT,SP,Viagens,Passagem Aérea - Rpa,0,Sem indício cadastral crítico,FOUND,ATIVA,2,13,10817.68,24943.515352,36157.13967829913,-0.3907,Comportamento esperado
333,204527,Geninho Zuliani,UNIÃO,SP,Combustível,Combustíveis E Lubrificantes.,0,Sem indício cadastral crítico,FOUND,ATIVA,63,104,27742.94,42192.750821,64034.19773844777,-0.2257,Comportamento esperado
613,220622,Nely Aquino,PODE,MG,Outros,Manutenção De Escritório De Apoio À Atividade Parlamentar,0,Sem indício cadastral crítico,FOUND,ATIVA,8,68,24871.25,123562.947566,162703.54342443834,-0.6066,Comportamento esperado
842,74376,Vander Loubet,PT,MS,Publicidade,Divulgação Da Atividade Parlamentar.,0,Sem indício cadastral crítico,FOUND,ATIVA,13,86,996941.00,244824.753226,352025.1744174792,2.1365,Possível anomalia financeira
856,178992,Vitor Lippi,PSDB,SP,Outros,Manutenção De Escritório De Apoio À Atividade Parlamentar,1,Situação cadastral não ativa: INAPTA,FOUND,INAPTA,1,13,8200.00,98538.487659,143509.98800071477,-0.6295,Fornecedor com CNPJ suspeito
674,220630,Pedro Aihara,PP,MG,Outros,"Passagens Terrestres, Marítimas Ou Fluviais",0,Sem indício cadastral crítico,FOUND,ATIVA,11,24,5267.69,3858.240000,6358.142634643256,0.2217,Comportamento esperado
24,160511,Alessandro Molon,PSB,RJ,Hotéis,"Hospedagem ,exceto Do Parlamentar No Distrito Federal.",0,Sem indício cadastral crítico,FOUND,ATIVA,2,2,799.47,13016.628636,21468.959145470457,-0.5691,Comportamento esperado
569,220572,Marussa Boldrin,REPUBLICANOS,GO,Outros,Manutenção De Escritório De Apoio À Atividade Parlamentar,0,Documento não consultado por não ser CNPJ,NOT_APPLICABLE,,1,21,80304.05,100447.486545,162486.21407041358,-0.124,Comportamento esperado
524,204547,Léo Motta,REPUBLICANOS,MG,Outros,Manutenção De Escritório De Apoio À Atividade Parlamentar,0,Sem indício cadastral crítico,FOUND,ATIVA,4,12,4629.84,123562.947566,162703.54342443834,-0.731,Comportamento esperado
876,220536,Zé Haroldo Cathedral,UNIÃO,RR,Viagens,Passagem Aérea - Sigepa,,,,,0,145,163865.05,163783.293125,88161.1731168696,9.0E-4,Comportamento esperado
846,204505,Vavá Martins,REPUBLICANOS,PA,Combustível,Combustíveis E Lubrificantes.,1,Situação cadastral não ativa: SUSPENSA,FOUND,SUSPENSA,1,1,100.00,39488.928400,62234.56368268833,-0.6329,Fornecedor com CNPJ suspeito
848,74283,Vicentinho,PT,SP,Outros,Manutenção De Escritório De Apoio À Atividade Parlamentar,0,Documento não consultado por não ser CNPJ,NOT_APPLICABLE,,1,52,147971.65,98538.487659,143509.98800071477,0.3445,Comportamento esperado
59,204515,André Janones,AVANTE,MG,Hotéis,"Hospedagem ,exceto Do Parlamentar No Distrito Federal.",0,Sem indício cadastral crítico,FOUND,ATIVA,5,7,4311.06,17018.453084,26330.369533202334,-0.4826,Comportamento esperado
259,204364,Eli Borges,REPUBLICANOS,TO,Hotéis,"Hospedagem ,exceto Do Parlamentar No Distrito Federal.",0,Sem indício cadastral crítico,FOUND,ATIVA,9,25,8646.50,12387.293158,19170.891927221925,-0.1951,Comportamento esperado
238,81297,Dra. Soraya Manato,PTB,ES,Locomoção,Locação Ou Fretamento De Veículos Automotores,1,Situação cadastral não ativa: SUSPENSA,FOUND,SUSPENSA,1,20,110300.00,171214.090476,129265.73835992759,-0.4712,Fornecedor com CNPJ suspeito
558,204430,Margarete Coelho,PP,PI,Serviços profissionais,"Consultorias, Pesquisas E Trabalhos Técnicos.",0,Sem indício cadastral crítico,FOUND,ATIVA,1,9,90000.00,59954.545455,42245.387053176906,0.7112,Comportamento esperado
727,221329,Ricardo Abrão,PSDB,RJ,Viagens,Passagem Aérea - Reembolso,0,Sem indício cadastral crítico,FOUND,ATIVA,3,3,7112.94,9840.865893,10669.362639943789,-0.2557,Comportamento esperado
284,219920,Fabio Barros,PSB,PE,Alimentação,Fornecimento De Alimentação Do Parlamentar,0,Sem indício cadastral crítico,FOUND,ATIVA,26,31,2946.27,3487.092941,8073.709935566787,-0.067,Comportamento esperado
373,234788,Heloísa Helena,REDE,RJ,Publicidade,Divulgação Da Atividade Parlamentar.,0,Sem indício cadastral crítico,FOUND,ATIVA,4,6,128446.40,226781.355120,259582.44863584734,-0.3788,Comportamento esperado
393,98615,Ismael,PL,SC,Locomoção,Locação Ou Fretamento De Veículos Automotores,0,Sem indício cadastral crítico,FOUND,ATIVA,3,52,340783.00,154711.621212,151032.92349497412,1.232,Comportamento esperado
297,204407,Fernanda Melchionna,PSOL,RS,Publicidade,Assinatura De Publicações,0,Sem indício cadastral crítico,FOUND,ATIVA,6,105,12379.53,4387.790000,5356.19612339018,1.4921,Comportamento esperado
503,160510,Luis Tibé,AVANTE,MG,Viagens,Passagem Aérea - Sigepa,,,,,0,450,482776.54,195216.599630,167832.49260588933,1.7134,Comportamento esperado
592,178895,Misael Varella,PSD,MG,Combustível,Combustíveis E Lubrificantes.,0,Sem indício cadastral crítico,FOUND,ATIVA,2,95,209179.50,65306.104375,92314.0005265802,1.5585,Comportamento esperado
452,204574,Junior Lourenço,PL,MA,Outros,Manutenção De Escritório De Apoio À Atividade Parlamentar,0,Sem indício cadastral crítico,FOUND,ATIVA,3,22,134578.40,64195.130784,109861.24089764054,0.6407,Comportamento esperado
614,204415,Nereu Crispim,PSD,RS,Alimentação,Fornecimento De Alimentação Do Parlamentar,0,Sem indício cadastral crítico,FOUND,ATIVA,9,9,431.12,7368.085075,13657.337051272762,-0.5079,Comportamento esperado
878,160632,Zé Silva,UNIÃO,MG,Alimentação,Fornecimento De Alimentação Do Parlamentar,0,Sem indício cadastral crítico,FOUND,ATIVA,53,140,7565.02,3421.773553,6721.942950865462,0.6164,Comportamento esperado
883,123086,Átila Lira,PP,PI,Combustível,Combustíveis E Lubrificantes.,0,Sem indício cadastral crítico,FOUND,ATIVA,16,100,299001.33,73929.545357,101552.42380940972,2.2163,Possível anomalia financeira
494,103758,Luciano Azevedo,PSD,RS,Hotéis,"Hospedagem ,exceto Do Parlamentar No Distrito Federal.",0,Sem indício cadastral crítico,FOUND,ATIVA,5,6,3058.99,21826.986437,35658.661568585754,-0.5263,Comportamento esperado
776,160635,Ruy Carneiro,PSC,PB,Comunicação,Telefonia,0,Sem indício cadastral crítico,FOUND,ATIVA,1,6,490.10,7288.602667,11193.533001502294,-0.6074,Comportamento esperado
110,204487,Capitão Wagner,UNIÃO,CE,Combustível,Combustíveis E Lubrificantes.,0,Sem indício cadastral crítico,FOUND,ATIVA,65,125,32553.80,41977.960833,76764.60304100714,-0.1228,Comportamento esperado
18,73579,Alberto Fraga,PL,DF,Outros,Manutenção De Escritório De Apoio À Atividade Parlamentar,0,Sem indício cadastral crítico,FOUND,ATIVA,2,36,37410.80,95246.480000,164390.52276665662,-0.3518,Comportamento esperado
72,160600,Arthur Oliveira Maia,UNIÃO,BA,Publicidade,Divulgação Da Atividade Parlamentar.,1,Situação cadastral não ativa: INAPTA,FOUND,INAPTA,1,3,10500.00,317318.910361,328157.1355142384,-0.935,Fornecedor com CNPJ suspeito
535,205863,Marcelo Brum,REPUBLICANOS,RS,Publicidade,Divulgação Da Atividade Parlamentar.,0,Sem indício cadastral crítico,FOUND,ATIVA,4,9,18900.00,215724.063125,265101.600265673,-0.7424,Comportamento esperado
48,107970,Ana Paula Leão,PP,MG,Outros,"Passagens Terrestres, Marítimas Ou Fluviais",0,Sem indício cadastral crítico,FOUND,ATIVA,2,2,341.98,3858.240000,6358.142634643256,-0.553,Comportamento esperado
519,178866,Luizianne Lins,REDE,CE,Outros,"Serviço De Táxi, Pedágio E Estacionamento",0,Sem indício cadastral crítico,FOUND,ATIVA,2,2,138.09,1553.572000,3462.198937126519,-0.4088,Comportamento esperado
508,73778,Luiz Carlos Hauly,PODE,PR,Outros,Manutenção De Escritório De Apoio À Atividade Parlamentar,0,Documento não consultado por não ser CNPJ,NOT_APPLICABLE,,2,25,32400.00,86193.122500,116860.66498214444,-0.4603,Comportamento esperado
182,116379,Darci De Matos,PSD,SC,Publicidade,Divulgação Da Atividade Parlamentar.,1,Situação cadastral não ativa: BAIXADA,FOUND,BAIXADA,1,4,8000.00,148561.773265,217765.15459275612,-0.6455,Fornecedor com CNPJ suspeito
737,178920,Ricardo Teobaldo,PODE,PE,Serviços profissionais,"Consultorias, Pesquisas E Trabalhos Técnicos.",1,Situação cadastral não ativa: BAIXADA,FOUND,BAIXADA,1,2,3000.00,33394.939474,25891.938420366478,-1.1739,Fornecedor com CNPJ suspeito
805,222565,Soldado Noelio,UNIÃO,CE,Combustível,Combustíveis E Lubrificantes.,0,Sem indício cadastral crítico,FOUND,ATIVA,21,35,6505.05,41977.960833,76764.60304100714,-0.4621,Comportamento esperado
307,220700,Florentino Neto,PT,PI,Publicidade,Divulgação Da Atividade Parlamentar.,0,Sem indício cadastral crítico,FOUND,ATIVA,9,89,425600.00,255170.175556,326071.87108703476,0.5227,Comportamento esperado
901,,,,NA,Alimentação,Fornecimento De Alimentação Do Parlamentar,0,Sem indício cadastral crítico,FOUND,ATIVA,9,168,78628.68,76824.316875,122514.48277202321,0.0147,Comportamento esperado
37,178927,Aliel Machado,PV,PR,Combustível,Combustíveis E Lubrificantes.,0,Sem indício cadastral crítico,FOUND,ATIVA,230,962,205829.18,57944.345500,82353.4495793919,1.7957,Comportamento esperado
710,220626,Rafael Simoes,UNIÃO,MG,Hotéis,"Hospedagem ,exceto Do Parlamentar No Distrito Federal.",0,Sem indício cadastral crítico,FOUND,ATIVA,20,45,31724.88,17018.453084,26330.369533202334,0.5585,Comportamento esperado
674,220630,Pedro Aihara,PP,MG,Combustível,Combustíveis E Lubrificantes.,0,Sem indício cadastral crítico,FOUND,ATIVA,238,599,131337.72,65306.104375,92314.0005265802,0.7153,Comportamento esperado
40,226708,Allan Garcês,PP,MA,Viagens,Passagem Aérea - Sigepa,,,,,0,152,172301.30,132207.227045,122458.5508602934,0.3274,Comportamento esperado
712,74084,Raimundo Santos,PSD,PA,Outros,Manutenção De Escritório De Apoio À Atividade Parlamentar,0,Sem indício cadastral crítico,FOUND,ATIVA,10,200,122080.56,42888.542571,70113.4772677672,1.1295,Comportamento esperado
645,180214,Pastor Diniz,UNIÃO,RR,Viagens,Passagem Aérea - Sigepa,,,,,0,222,270318.96,163783.293125,88161.1731168696,1.2084,Comportamento esperado
250,204541,Eduardo Bismarck,PDT,CE,Hotéis,"Hospedagem ,exceto Do Parlamentar No Distrito Federal.",0,Sem indício cadastral crítico,FOUND,ATIVA,12,37,12369.95,14861.399063,17345.750222182687,-0.1436,Comportamento esperado
66,220549,Any Ortiz,PP,RS,Locomoção,Locação Ou Fretamento De Veículos Automotores,0,Sem indício cadastral crítico,FOUND,ATIVA,4,91,308869.61,182736.733051,177547.8783363845,0.7104,Comportamento esperado
655,220627,Paulinho Freire,UNIÃO,RN,Comunicação,Telefonia,0,Sem indício cadastral crítico,FOUND,ATIVA,2,54,6603.74,11248.557143,12531.88934725156,-0.3706,Comportamento esperado
228,220570,Dr. Ismael Alexandrino,PSD,GO,Outros,Manutenção De Escritório De Apoio À Atividade Parlamentar,0,Sem indício cadastral crítico,FOUND,ATIVA,5,21,11482.80,100447.486545,162486.21407041358,-0.5475,Comportamento esperado
199,220654,Delegado Paulo Bilynskyj,PL,SP,Outros,Manutenção De Escritório De Apoio À Atividade Parlamentar,0,Sem indício cadastral crítico,FOUND,ATIVA,14,153,238682.95,98538.487659,143509.98800071477,0.9765,Comportamento esperado
671,141488,Paulo Teixeira,PT,SP,Outros,"Serviço De Táxi, Pedágio E Estacionamento",0,Sem indício cadastral crítico,FOUND,ATIVA,9,258,19582.37,11967.060840,16796.655097373645,0.4534,Comportamento esperado
151,222142,Coronel Telhada,PP,SP,Outros,Manutenção De Escritório De Apoio À Atividade Parlamentar,0,Sem indício cadastral crítico,FOUND,ATIVA,3,40,42925.64,98538.487659,143509.98800071477,-0.3875,Comportamento esperado
601,220687,Márcio Honaiser,SOLIDARIEDADE,MA,Outros,Manutenção De Escritório De Apoio À Atividade Parlamentar,0,Sem indício cadastral crítico,FOUND,ATIVA,4,66,129286.69,64195.130784,109861.24089764054,0.5925,Comportamento esperado
533,156190,Marcel Van Hattem,NOVO,RS,Combustível,Combustíveis E Lubrificantes.,1,Situação cadastral não ativa: BAIXADA,FOUND,BAIXADA,11,13,1754.87,60520.148547,97388.05968907535,-0.6034,Fornecedor com CNPJ suspeito
612,204449,Nelson Barbudo,PODE,MT,Publicidade,Divulgação Da Atividade Parlamentar.,1,Situação cadastral não ativa: BAIXADA,FOUND,BAIXADA,1,1,5000.00,167205.955714,207800.9242977291,-0.7806,Fornecedor com CNPJ suspeito
403,220567,Jeferson Rodrigues,PSDB,GO,Locomoção,Locação Ou Fretamento De Veículos Automotores,0,Sem indício cadastral crítico,FOUND,ATIVA,2,18,160623.34,189142.637500,142661.57624064668,-0.1999,Comportamento esperado
169,220571,Daniel Agrobom,PSD,GO,Outros,Manutenção De Escritório De Apoio À Atividade Parlamentar,1,Situação cadastral não ativa: BAIXADA,FOUND,BAIXADA,1,6,3718.40,100447.486545,162486.21407041358,-0.5953,Fornecedor com CNPJ suspeito
754,165470,Rodrigo Valadares,PL,SE,Locomoção,Locação Ou Fretamento De Veículos Automotores,0,Sem indício cadastral crítico,FOUND,ATIVA,2,61,316670.00,212589.297222,162975.5333971958,0.6386,Comportamento esperado
146,220594,Coronel Assis,PL,MT,Comunicação,Telefonia,0,Sem indício cadastral crítico,FOUND,ATIVA,4,41,8267.73,6682.953571,8863.976852355925,0.1788,Comportamento esperado
857,215044,Vivi Reis,PSOL,PA,Outros,Manutenção De Escritório De Apoio À Atividade Parlamentar,0,Sem indício cadastral crítico,FOUND,ATIVA,1,1,2580.00,42888.542571,70113.4772677672,-0.5749,Comportamento esperado
259,204364,Eli Borges,PL,TO,Outros,Manutenção De Escritório De Apoio À Atividade Parlamentar,1,Situação cadastral não ativa: BAIXADA,FOUND,BAIXADA,1,7,19294.04,60332.404118,100110.53801139936,-0.4099,Fornecedor com CNPJ suspeito
218,204450,Doutor Luizinho,PP,RJ,Comunicação,Telefonia,0,Sem indício cadastral crítico,FOUND,ATIVA,1,39,29145.76,11897.719661,18918.17939394703,0.9117,Comportamento esperado
518,74784,Luiza Erundina,PSOL,SP,Locomoção,Locação Ou Fretamento De Veículos Automotores,0,Sem indício cadastral crítico,FOUND,ATIVA,4,52,177035.11,147254.510948,139673.23431152088,0.2132,Comportamento esperado
857,215044,Vivi Reis,PSOL,PA,Outros,"Serviço De Táxi, Pedágio E Estacionamento",0,Sem indício cadastral crítico,FOUND,ATIVA,5,18,673.37,357.850000,369.23795491525516,0.8545,Comportamento esperado
135,204476,Chiquinho Brazão,UNIÃO,RJ,Viagens,Passagem Aérea - Sigepa,,,,,0,1,2024.43,213577.740357,175550.75566941444,-1.2051,Comportamento esperado
662,160558,Paulo Freire Costa,PL,SP,Serviços profissionais,"Consultorias, Pesquisas E Trabalhos Técnicos.",0,Sem indício cadastral crítico,FOUND,ATIVA,1,5,23000.00,42478.291429,47664.49520078613,-0.4087,Comportamento esperado
710,220626,Rafael Simoes,UNIÃO,MG,Combustível,Combustíveis E Lubrificantes.,1,Situação cadastral não ativa: BAIXADA,FOUND,BAIXADA,2,2,168.03,65306.104375,92314.0005265802,-0.7056,Fornecedor com CNPJ suspeito
135,204476,Chiquinho Brazão,S.PART.,RJ,Viagens,Passagem Aérea - Sigepa,,,,,0,42,59736.35,213577.740357,175550.75566941444,-0.8763,Comportamento esperado
851,204483,Vilson Da Fetaemg,PSB,MG,Outros,"Serviço De Táxi, Pedágio E Estacionamento",0,Sem indício cadastral crítico,FOUND,ATIVA,7,52,2939.00,5572.245385,10370.293242628488,-0.2539,Comportamento esperado
408,141456,Jilmar Tatto,PT,SP,Viagens,Passagem Aérea - Sigepa,,,,,0,78,85670.70,185430.171967,136227.76556134285,-0.7323,Comportamento esperado
278,160640,Eros Biondini,PL,MG,Viagens,Passagem Aérea - Sigepa,,,,,0,489,599729.97,195216.599630,167832.49260588933,2.4102,Possível anomalia financeira
809,177282,Subtenente Gonzaga,PSD,MG,Outros,Manutenção De Escritório De Apoio À Atividade Parlamentar,0,Sem indício cadastral crítico,FOUND,ATIVA,13,74,134480.89,123562.947566,162703.54342443834,0.0671,Comportamento esperado
559,220668,Maria Arraes,PSB,PE,Outros,"Serviço De Táxi, Pedágio E Estacionamento",0,Sem indício cadastral crítico,FOUND,ATIVA,1,7,289.26,5084.056842,13620.11056577697,-0.352,Comportamento esperado
254,141421,Eduardo Da Fonte,PP,PE,Publicidade,Divulgação Da Atividade Parlamentar.,1,Situação cadastral não ativa: BAIXADA,FOUND,BAIXADA,5,33,137583.87,241972.708182,301628.5621101344,-0.3461,Fornecedor com CNPJ suspeito
135,204476,Chiquinho Brazão,UNIÃO,RJ,Combustível,Combustíveis E Lubrificantes.,0,Sem indício cadastral crítico,FOUND,ATIVA,1,13,74150.19,44023.319398,62812.667137756165,0.4796,Comportamento esperado
776,160635,Ruy Carneiro,PODE,PB,Combustível,Combustíveis E Lubrificantes.,0,Sem indício cadastral crítico,FOUND,ATIVA,5,175,183059.30,61582.608974,85760.8839439169,1.4165,Comportamento esperado
555,220547,Marcos Pollon,PL,MS,Viagens,Passagem Aérea - Sigepa,,,,,0,186,249568.93,136850.719231,90603.58730528376,1.2441,Comportamento esperado
220,227991,Dr Flávio,PL,RJ,Combustível,Combustíveis E Lubrificantes.,0,Sem indício cadastral crítico,FOUND,ATIVA,35,98,21285.57,44023.319398,62812.667137756165,-0.362,Comportamento esperado
205,220553,Denise Pessôa,PT,RS,Hotéis,"Hospedagem ,exceto Do Parlamentar No Distrito Federal.",0,Sem indício cadastral crítico,FOUND,ATIVA,51,111,41217.14,21826.986437,35658.661568585754,0.5438,Comportamento esperado
837,223398,Ulisses Guimarães,MDB,MG,Alimentação,Fornecimento De Alimentação Do Parlamentar,0,Sem indício cadastral crítico,FOUND,ATIVA,10,10,685.29,3421.773553,6721.942950865462,-0.4071,Comportamento esperado
764,178945,Rosangela Gomes,REPUBLICANOS,RJ,Publicidade,Divulgação Da Atividade Parlamentar.,0,Sem indício cadastral crítico,FOUND,ATIVA,2,11,138200.00,226781.355120,259582.44863584734,-0.3412,Comportamento esperado
116,178962,Carlos Gomes,REPUBLICANOS,RS,Hotéis,"Hospedagem ,exceto Do Parlamentar No Distrito Federal.",1,Erro na consulta pública de CNPJ,ERROR,,1,5,5467.02,21826.986437,35658.661568585754,-0.4588,Fornecedor com CNPJ suspeito
197,204569,Delegado Pablo,UNIÃO,AM,Serviços profissionais,"Consultorias, Pesquisas E Trabalhos Técnicos.",0,Sem indício cadastral crítico,FOUND,ATIVA,1,7,42000.00,49181.950000,43491.54703575003,-0.1651,Comportamento esperado
140,220665,Clarissa Tércio,PP,PE,Outros,Serviço De Segurança Prestado Por Empresa Especializada.,1,Situação cadastral não ativa: BAIXADA,FOUND,BAIXADA,1,5,43500.00,39836.297143,37064.6043116348,0.0988,Fornecedor com CNPJ suspeito
115,204361,Carlos Chiodini,MDB,SC,Outros,Manutenção De Escritório De Apoio À Atividade Parlamentar,0,Sem indício cadastral crítico,FOUND,ATIVA,2,18,9636.00,70964.571200,106769.4367602354,-0.5744,Comportamento esperado
473,178825,Leo De Brito,PT,AC,Publicidade,Divulgação Da Atividade Parlamentar.,0,Sem indício cadastral crítico,FOUND,ATIVA,8,18,140500.00,295132.464706,394989.3569390969,-0.3915,Comportamento esperado
341,204491,Gilberto Abramo,REPUBLICANOS,MG,Combustível,Combustíveis E Lubrificantes.,1,Situação cadastral não ativa: BAIXADA,FOUND,BAIXADA,1,1,200.00,65306.104375,92314.0005265802,-0.7053,Fornecedor com CNPJ suspeito
824,180018,Thiago Cartaxo,PODE,RN,Combustível,Combustíveis E Lubrificantes.,0,Sem indício cadastral crítico,FOUND,ATIVA,7,8,1408.50,51927.710333,76131.03428420173,-0.6636,Comportamento esperado
96,204502,Bozzella,UNIÃO,SP,Locomoção,Locação Ou Fretamento De Veículos Automotores,0,Sem indício cadastral crítico,FOUND,ATIVA,2,26,162500.00,147254.510948,139673.23431152088,0.1092,Comportamento esperado
492,138286,Luciano Alves,PSD,PR,Combustível,Combustíveis E Lubrificantes.,0,Sem indício cadastral crítico,FOUND,ATIVA,114,249,54478.94,57944.345500,82353.4495793919,-0.0421,Comportamento esperado
558,204430,Margarete Coelho,PP,PI,Combustível,Combustíveis E Lubrificantes.,0,Sem indício cadastral crítico,FOUND,ATIVA,48,114,39122.32,73929.545357,101552.42380940972,-0.3428,Comportamento esperado
431,74079,José Priante,MDB,PA,Viagens,Passagem Aérea - Sigepa,,,,,0,422,725508.10,266111.307931,195578.09309190325,2.3489,Possível anomalia financeira
121,141398,Carlos Zarattini,PT,SP,Combustível,Combustíveis E Lubrificantes.,0,Sem indício cadastral crítico,FOUND,ATIVA,141,927,207638.83,42192.750821,64034.19773844777,2.5837,Possível anomalia financeira
573,220628,Mauricio Do Vôlei,PL,MG,Viagens,Passagem Aérea - Sigepa,,,,,0,91,102621.90,195216.599630,167832.49260588933,-0.5517,Comportamento esperado
124,204369,Caroline De Toni,PL,SC,Combustível,Combustíveis E Lubrificantes.,0,Sem indício cadastral crítico,FOUND,ATIVA,130,358,95544.91,63943.250339,85631.6159933909,0.369,Comportamento esperado
422,220578,Josenildo,PDT,AP,Locomoção,Locação Ou Fretamento De Veículos Automotores,0,Sem indício cadastral crítico,FOUND,ATIVA,3,53,355090.00,118873.802381,121389.286590239,1.9459,Comportamento esperado
31,220554,Alexandre Lindenmeyer,PT,RS,Locomoção,Locação Ou Fretamento De Veículos Automotores,0,Sem indício cadastral crítico,FOUND,ATIVA,5,114,309145.56,182736.733051,177547.8783363845,0.712,Comportamento esperado
105,204572,Capitão Alberto Neto,PL,AM,Viagens,Passagem Aérea - Sigepa,,,,,0,447,633768.90,248402.612308,165221.2328718048,2.3324,Possível anomalia financeira
883,123086,Átila Lira,PP,PI,Comunicação,Telefonia,0,Sem indício cadastral crítico,FOUND,ATIVA,4,107,17572.97,15912.685455,14251.787111607697,0.1165,Comportamento esperado
610,218879,Nelho Bezerra,UNIÃO,CE,Viagens,Passagem Aérea - Rpa,0,Sem indício cadastral crítico,FOUND,ATIVA,2,10,30644.30,32586.001200,51600.505956913454,-0.0376,Comportamento esperado
774,73604,Rui Falcão,PT,SP,Outros,Serviços Postais,0,Sem indício cadastral crítico,FOUND,ATIVA,2,15,518.65,1015.584878,1403.5425598127083,-0.3541,Comportamento esperado
676,215045,Pedro Augusto Palareti,PP,RJ,Publicidade,Divulgação Da Atividade Parlamentar.,0,Sem indício cadastral crítico,FOUND,ATIVA,2,9,53242.82,226781.355120,259582.44863584734,-0.6685,Comportamento esperado
438,74550,João Leão,PP,BA,Publicidade,Divulgação Da Atividade Parlamentar.,0,Sem indício cadastral crítico,FOUND,ATIVA,20,86,469670.00,317318.910361,328157.1355142384,0.4643,Comportamento esperado
53,178831,André Abdon,PP,AP,Combustível,Combustíveis E Lubrificantes.,0,Sem indício cadastral crítico,FOUND,ATIVA,42,182,60265.75,24571.047667,39205.554475113444,0.9105,Comportamento esperado
459,204550,Júnior Mano,PL,CE,Viagens,Passagem Aérea - Sigepa,,,,,0,80,121017.12,190828.457826,170630.5409255439,-0.4091,Comportamento esperado
500,229082,Lucyana Genésio,PDT,MA,Alimentação,Fornecimento De Alimentação Do Parlamentar,0,Sem indício cadastral crítico,FOUND,ATIVA,13,17,2128.72,1328.951538,1567.1502413768233,0.5103,Comportamento esperado
788,178921,Sebastião Oliveira,AVANTE,PE,Locomoção,Locação Ou Fretamento De Veículos Automotores,0,Sem indício cadastral crítico,FOUND,ATIVA,3,25,107031.52,220869.240392,185976.71020526288,-0.6121,Comportamento esperado
649,204553,Pastor Sargento Isidório,AVANTE,BA,Comunicação,Telefonia,0,Sem indício cadastral crítico,FOUND,ATIVA,3,31,25018.14,23153.030698,23468.568952979214,0.0795,Comportamento esperado
534,146788,Marcelo Aro,PP,MG,Viagens,Passagem Aérea - Sigepa,,,,,0,74,97403.70,195216.599630,167832.49260588933,-0.5828,Comportamento esperado
299,141431,Fernando Coelho Filho,UNIÃO,PE,Outros,Serviço De Segurança Prestado Por Empresa Especializada.,0,Sem indício cadastral crítico,FOUND,ATIVA,1,12,72000.00,39836.297143,37064.6043116348,0.8678,Comportamento esperado
160,178876,Célio Silveira,MDB,GO,Serviços profissionais,"Consultorias, Pesquisas E Trabalhos Técnicos.",1,Situação cadastral não ativa: BAIXADA,FOUND,BAIXADA,1,13,130000.00,99247.891538,60067.72576039702,0.512,Fornecedor com CNPJ suspeito
180,62881,Danilo Forte,UNIÃO,CE,Viagens,Passagem Aérea - Reembolso,0,Sem indício cadastral crítico,FOUND,ATIVA,3,12,32830.14,12007.303200,17888.200103405623,1.1641,Comportamento esperado
561,204540,Maria Rosas,REPUBLICANOS,SP,Viagens,Passagem Aérea - Reembolso,0,Sem indício cadastral crítico,FOUND,ATIVA,1,1,694.15,9758.571000,11443.414965885137,-0.7921,Comportamento esperado
74,220577,Augusto Puppio,MDB,AP,Outros,Manutenção De Escritório De Apoio À Atividade Parlamentar,0,Sem indício cadastral crítico,FOUND,ATIVA,3,24,41507.20,30123.933200,30290.240248736845,0.3758,Comportamento esperado
381,178884,Hildo Rocha,MDB,MA,Outros,Manutenção De Escritório De Apoio À Atividade Parlamentar,0,Sem indício cadastral crítico,FOUND,ATIVA,1,16,7562.10,64195.130784,109861.24089764054,-0.5155,Comportamento esperado
407,160531,Jhonatan De Jesus,REPUBLICANOS,RR,Locomoção,Locação Ou Fretamento De Veículos Automotores,0,Sem indício cadastral crítico,FOUND,ATIVA,2,5,46000.00,156360.151875,107532.52503854835,-1.0263,Comportamento esperado
451,204520,Junio Amaral,PL,MG,Combustível,Combustíveis E Lubrificantes.,1,Situação cadastral não ativa: SUSPENSA,FOUND,SUSPENSA,1,1,220.03,65306.104375,92314.0005265802,-0.7051,Fornecedor com CNPJ suspeito
140,220665,Clarissa Tércio,PP,PE,Viagens,Passagem Aérea - Reembolso,0,Sem indício cadastral crítico,FOUND,ATIVA,1,1,3921.84,7471.163333,10016.291980131698,-0.3544,Comportamento esperado
884,204509,Áurea Carolina,PSOL,MG,Outros,Manutenção De Escritório De Apoio À Atividade Parlamentar,1,Erro na consulta pública de CNPJ,ERROR,,1,25,6681.09,123562.947566,162703.54342443834,-0.7184,Fornecedor com CNPJ suspeito
882,74459,Átila Lira,PP,PI,Outros,Serviço De Segurança Prestado Por Empresa Especializada.,0,Sem indício cadastral crítico,FOUND,ATIVA,1,3,576.00,147917.945000,155282.31492759756,-0.9489,Comportamento esperado
749,141531,Rodrigo De Castro,UNIÃO,MG,Outros,Manutenção De Escritório De Apoio À Atividade Parlamentar,1,Erro na consulta pública de CNPJ,ERROR,,1,1,3486.00,123562.947566,162703.54342443834,-0.738,Fornecedor com CNPJ suspeito
781,160621,Sandro Alex,PSD,PR,Comunicação,Telefonia,0,Sem indício cadastral crítico,FOUND,ATIVA,2,12,6205.06,10984.091277,13121.60062975809,-0.3642,Comportamento esperado
612,204449,Nelson Barbudo,PODE,MT,Hotéis,"Hospedagem ,exceto Do Parlamentar No Distrito Federal.",0,Sem indício cadastral crítico,FOUND,ATIVA,4,7,1438.00,20380.542308,35609.06873470771,-0.532,Comportamento esperado
765,220644,Rosangela Moro,PL,SP,Publicidade,Assinatura De Publicações,1,Situação cadastral não ativa: BAIXADA,FOUND,BAIXADA,1,4,32.00,3369.241333,3418.330377283657,-0.9763,Fornecedor com CNPJ suspeito
262,204389,Elias Vaz,PSB,GO,Combustível,Combustíveis E Lubrificantes.,0,Sem indício cadastral crítico,FOUND,ATIVA,13,74,17792.12,65044.277593,95738.05404592726,-0.4936,Comportamento esperado
857,215044,Vivi Reis,PSOL,PA,Hotéis,"Hospedagem ,exceto Do Parlamentar No Distrito Federal.",0,Sem indício cadastral crítico,FOUND,ATIVA,14,21,9729.53,12723.705217,19811.362899516178,-0.1511,Comportamento esperado
764,178945,Rosangela Gomes,REPUBLICANOS,RJ,Locomoção,Locação Ou Fretamento De Veículos Automotores,0,Sem indício cadastral crítico,FOUND,ATIVA,1,13,108500.00,162239.394390,163272.60476613723,-0.3291,Comportamento esperado
71,160541,Arthur Lira,PP,AL,Viagens,Passagem Aérea - Sigepa,,,,,0,182,289119.83,198077.580000,173709.55138656954,0.5241,Comportamento esperado
8,204528,Adriana Ventura,NOVO,SP,Outros,"Serviço De Táxi, Pedágio E Estacionamento",0,Sem indício cadastral crítico,FOUND,ATIVA,3,444,18586.05,11967.060840,16796.655097373645,0.3941,Comportamento esperado
865,74044,Wilson Santiago,REPUBLICANOS,PB,Alimentação,Fornecimento De Alimentação Do Parlamentar,0,Sem indício cadastral crítico,FOUND,ATIVA,60,172,16319.38,1884.650000,4639.955468391323,3.111,Anomalia financeira extrema
209,178929,Diego Garcia,REPUBLICANOS,PR,Comunicação,Telefonia,0,Sem indício cadastral crítico,FOUND,ATIVA,3,26,32353.57,10984.091277,13121.60062975809,1.6286,Comportamento esperado
808,92776,Stefano Aguiar,PSD,MG,Viagens,Passagem Aérea - Rpa,0,Sem indício cadastral crítico,FOUND,ATIVA,3,46,63654.90,40253.940526,63478.97879162227,0.3686,Comportamento esperado
670,133968,Paulo Ramos,PDT,RJ,Viagens,Passagem Aérea - Rpa,0,Sem indício cadastral crítico,FOUND,ATIVA,2,34,19937.19,24365.871064,36425.48190750471,-0.1216,Comportamento esperado
831,160976,Tiririca,PL,SP,Viagens,Passagem Aérea - Sigepa,,,,,0,123,162848.84,185430.171967,136227.76556134285,-0.1658,Comportamento esperado
525,220566,Lêda Borges,REPUBLICANOS,GO,Hotéis,"Hospedagem ,exceto Do Parlamentar No Distrito Federal.",0,Sem indício cadastral crítico,FOUND,ATIVA,15,29,21160.84,7024.380500,8737.204954294128,1.618,Comportamento esperado
666,220685,Paulo Litro,UNIÃO,PR,Locomoção,Locação Ou Fretamento De Veículos Automotores,0,Sem indício cadastral crítico,FOUND,ATIVA,2,46,258363.00,113439.957419,130977.93601797776,1.1065,Comportamento esperado
499,178954,Lucio Mosquini,MDB,RO,Combustível,Combustíveis E Lubrificantes.,1,Situação cadastral não ativa: BAIXADA,FOUND,BAIXADA,1,1,249.11,64922.175357,86632.41303886044,-0.7465,Fornecedor com CNPJ suspeito
172,178916,Daniel Coelho,CIDADANIA,PE,Locomoção,Locação Ou Fretamento De Veículos Automotores,1,Situação cadastral não ativa: BAIXADA,FOUND,BAIXADA,2,28,80683.65,220869.240392,185976.71020526288,-0.7538,Fornecedor com CNPJ suspeito
572,220661,Matheus Noronha,PL,CE,Outros,Manutenção De Escritório De Apoio À Atividade Parlamentar,0,Documento não consultado por não ser CNPJ,NOT_APPLICABLE,,1,17,64600.00,68348.775082,105244.60317209057,-0.0356,Comportamento esperado
428,204472,José Medeiros,PL,MT,Publicidade,Divulgação Da Atividade Parlamentar.,0,Sem indício cadastral crítico,FOUND,ATIVA,3,37,373363.27,167205.955714,207800.9242977291,0.9921,Comportamento esperado
568,204566,Marreca Filho,PATRIOTA,MA,Viagens,Passagem Aérea - Reembolso,0,Sem indício cadastral crítico,FOUND,ATIVA,1,1,1787.17,10441.916667,13512.988376850404,-0.6405,Comportamento esperado
31,220554,Alexandre Lindenmeyer,PT,RS,Outros,"Serviço De Táxi, Pedágio E Estacionamento",0,Documento não consultado por não ser CNPJ,NOT_APPLICABLE,,2,2,95.00,10192.084923,16137.89190584743,-0.6257,Comportamento esperado
411,204468,Joenia Wapichana,REDE,RR,Combustível,Combustíveis E Lubrificantes.,0,Sem indício cadastral crítico,FOUND,ATIVA,10,34,28194.61,70971.916364,102686.34049821323,-0.4166,Comportamento esperado
771,73466,Rubens Bueno,CIDADANIA,PR,Outros,Manutenção De Escritório De Apoio À Atividade Parlamentar,1,Situação cadastral não ativa: BAIXADA,FOUND,BAIXADA,1,4,1090.00,86193.122500,116860.66498214444,-0.7282,Fornecedor com CNPJ suspeito
603,204452,Márcio Labre,PL,RJ,Publicidade,Divulgação Da Atividade Parlamentar.,0,Sem indício cadastral crítico,FOUND,ATIVA,3,14,159229.20,226781.355120,259582.44863584734,-0.2602,Comportamento esperado
256,141422,Efraim Filho,UNIÃO,PB,Viagens,Passagem Aérea - Rpa,0,Sem indício cadastral crítico,FOUND,ATIVA,3,6,2900.32,6222.055333,8497.227830281614,-0.3909,Comportamento esperado
447,66385,Julio Arcoverde,PP,PI,Combustível,Combustíveis E Lubrificantes.,0,Sem indício cadastral crítico,FOUND,ATIVA,62,358,122629.53,73929.545357,101552.42380940972,0.4796,Comportamento esperado
655,220627,Paulinho Freire,UNIÃO,RN,Outros,Manutenção De Escritório De Apoio À Atividade Parlamentar,0,Sem indício cadastral crítico,FOUND,ATIVA,8,130,90153.22,114159.151154,175330.5134804051,-0.1369,Comportamento esperado
136,204462,Chris Tonietto,PL,RJ,Combustível,Combustíveis E Lubrificantes.,0,Sem indício cadastral crítico,FOUND,ATIVA,137,417,81364.64,44023.319398,62812.667137756165,0.5945,Comportamento esperado
13,178835,Afonso Motta,PDT,RS,Locomoção,Locação Ou Fretamento De Veículos Automotores,0,Sem indício cadastral crítico,FOUND,ATIVA,2,102,455500.00,182736.733051,177547.8783363845,1.5363,Comportamento esperado
14,160527,Aguinaldo Ribeiro,PP,PB,Viagens,Passagem Aérea - Sigepa,,,,,0,443,551712.17,168235.151250,151254.20824234045,2.5353,Possível anomalia financeira
820,220598,Tarcísio Motta,PSOL,RJ,Viagens,Passagem Aérea - Sigepa,,,,,0,408,396722.46,213577.740357,175550.75566941444,1.0433,Comportamento esperado
648,220615,Pastor Henrique Vieira,PSOL,RJ,Outros,"Serviço De Táxi, Pedágio E Estacionamento",0,Sem indício cadastral crítico,FOUND,ATIVA,7,216,8274.84,8455.730411,14321.838989715481,-0.0126,Comportamento esperado
195,204512,Delegado Marcelo Freitas,UNIÃO,MG,Outros,Manutenção De Escritório De Apoio À Atividade Parlamentar,0,Sem indício cadastral crítico,FOUND,ATIVA,19,361,314527.51,123562.947566,162703.54342443834,1.1737,Comportamento esperado
337,220587,Gerlen Diniz,PP,AC,Locomoção,Locação Ou Fretamento De Veículos Automotores,0,Sem indício cadastral crítico,FOUND,ATIVA,2,24,263700.00,136825.250667,132327.06516765346,0.9588,Comportamento esperado
758,178930,Roman,PP,PR,Viagens,Passagem Aérea - Sigepa,,,,,0,20,28205.77,173223.575536,125997.34942419773,-1.151,Comportamento esperado
476,74156,Leonardo Monteiro,PT,MG,Viagens,Passagem Aérea - Sigepa,,,,,0,201,257571.35,195216.599630,167832.49260588933,0.3715,Comportamento esperado
787,226837,Saulo Pedroso,PSD,SP,Combustível,Combustíveis E Lubrificantes.,0,Sem indício cadastral crítico,FOUND,ATIVA,61,238,118429.35,42192.750821,64034.19773844777,1.1906,Comportamento esperado
15,204495,Airton Faleiro,PT,PA,Locomoção,Locação Ou Fretamento De Veículos Automotores,0,Sem indício cadastral crítico,FOUND,ATIVA,3,72,368555.41,121907.551481,147158.0353457022,1.6761,Comportamento esperado
14,160527,Aguinaldo Ribeiro,PP,PB,Outros,Manutenção De Escritório De Apoio À Atividade Parlamentar,0,Sem indício cadastral crítico,FOUND,ATIVA,7,58,34821.76,40088.436364,59072.75761932022,-0.0892,Comportamento esperado
198,220652,Delegado Palumbo,PODE,SP,Viagens,Passagem Aérea - Sigepa,,,,,0,203,136305.58,185430.171967,136227.76556134285,-0.3606,Comportamento esperado
8,204528,Adriana Ventura,NOVO,SP,Outros,Manutenção De Escritório De Apoio À Atividade Parlamentar,1,Situação cadastral não ativa: BAIXADA,FOUND,BAIXADA,1,3,192.00,98538.487659,143509.98800071477,-0.6853,Fornecedor com CNPJ suspeito
826,220597,Thiago Flores,UNIÃO,RO,Viagens,Passagem Aérea - Sigepa,,,,,0,185,184940.53,146544.061250,69636.83718620405,0.5514,Comportamento esperado
627,66179,Norma Ayub,PP,ES,Combustível,Combustíveis E Lubrificantes.,0,Sem indício cadastral crítico,FOUND,ATIVA,50,148,38187.10,49148.417879,67749.62213949014,-0.1618,Comportamento esperado
184,204511,David Soares,UNIÃO,SP,Locomoção,Locação Ou Fretamento De Veículos Automotores,0,Sem indício cadastral crítico,FOUND,ATIVA,3,23,59924.51,147254.510948,139673.23431152088,-0.6252,Comportamento esperado
16,204549,Aj Albuquerque,PP,CE,Comunicação,Telefonia,0,Sem indício cadastral crítico,FOUND,ATIVA,2,39,16340.90,11707.711071,16858.211643996754,0.2748,Comportamento esperado
837,223398,Ulisses Guimarães,MDB,MG,Hotéis,"Hospedagem ,exceto Do Parlamentar No Distrito Federal.",0,Sem indício cadastral crítico,FOUND,ATIVA,1,1,249.25,17018.453084,26330.369533202334,-0.6369,Comportamento esperado
90,204388,Bibo Nunes,PL,RS,Viagens,Passagem Aérea - Reembolso,0,Sem indício cadastral crítico,FOUND,ATIVA,3,10,12985.69,7846.026333,10735.105702213965,0.4788,Comportamento esperado
375,73482,Henrique Fontana,PT,RS,Viagens,Passagem Aérea - Sigepa,,,,,0,86,102210.28,223297.576531,126627.95953182003,-0.9562,Comportamento esperado
525,220566,Lêda Borges,REPUBLICANOS,GO,Viagens,Passagem Aérea - Sigepa,,,,,0,4,4184.75,12997.291429,13545.423262596489,-0.6506,Comportamento esperado
791,204438,Sergio Toledo,PV,AL,Publicidade,Divulgação Da Atividade Parlamentar.,0,Sem indício cadastral crítico,FOUND,ATIVA,2,13,94500.00,358459.172381,402499.84210100886,-0.6558,Comportamento esperado
330,204473,General Girão,PL,RN,Combustível,Combustíveis E Lubrificantes.,1,Situação cadastral não ativa: BAIXADA,FOUND,BAIXADA,6,7,1959.72,51927.710333,76131.03428420173,-0.6563,Fornecedor com CNPJ suspeito
141,74537,Claudio Cajado,PP,BA,Outros,Manutenção De Escritório De Apoio À Atividade Parlamentar,1,Situação cadastral não ativa: BAIXADA,FOUND,BAIXADA,1,2,643.01,98257.521290,134321.8726415135,-0.7267,Fornecedor com CNPJ suspeito
718,205865,Reinhold Stephanes,PL,PR,Viagens,Passagem Aérea - Sigepa,,,,,0,75,85202.15,173223.575536,125997.34942419773,-0.6986,Comportamento esperado
356,198197,Greyce Elias,PL,MG,Outros,"Passagens Terrestres, Marítimas Ou Fluviais",0,Sem indício cadastral crítico,FOUND,ATIVA,17,44,8265.17,3858.240000,6358.142634643256,0.6931,Comportamento esperado
301,92699,Fernando Monteiro,PP,PE,Hotéis,"Hospedagem ,exceto Do Parlamentar No Distrito Federal.",0,Sem indício cadastral crítico,FOUND,ATIVA,10,39,8911.35,17089.374528,23447.97906027458,-0.3488,Comportamento esperado
218,204450,Doutor Luizinho,PP,RJ,Combustível,Combustíveis E Lubrificantes.,1,Situação cadastral não ativa: BAIXADA,FOUND,BAIXADA,1,19,22039.14,44023.319398,62812.667137756165,-0.35,Fornecedor com CNPJ suspeito
109,229069,Capitão Samuel,PP,SE,Locomoção,Locação Ou Fretamento De Veículos Automotores,0,Sem indício cadastral crítico,FOUND,ATIVA,1,5,42940.04,212589.297222,162975.5333971958,-1.0409,Comportamento esperado
681,122974,Pedro Lucas Fernandes,UNIÃO,MA,Combustível,Combustíveis E Lubrificantes.,1,Situação cadastral não ativa: SUSPENSA,FOUND,SUSPENSA,1,4,996.25,34895.172615,52384.05405357016,-0.6471,Fornecedor com CNPJ suspeito
84,204358,Beto Pereira,REPUBLICANOS,MS,Viagens,Passagem Aérea - Reembolso,0,Sem indício cadastral crítico,FOUND,ATIVA,2,3,10642.01,14452.730000,23720.341588104926,-0.1607,Comportamento esperado
390,204508,Igor Timo,UNIÃO,MG,Hotéis,"Hospedagem ,exceto Do Parlamentar No Distrito Federal.",1,CNPJ não encontrado na API pública,NOT_FOUND,,1,2,200.00,17018.453084,26330.369533202334,-0.6387,Fornecedor com CNPJ suspeito
100,220574,Cabo Gilberto Silva,PL,PB,Outros,Manutenção De Escritório De Apoio À Atividade Parlamentar,0,Sem indício cadastral crítico,FOUND,ATIVA,2,7,700.21,40088.436364,59072.75761932022,-0.6668,Comportamento esperado
89,204374,Bia Kicis,PL,DF,Outros,"Serviço De Táxi, Pedágio E Estacionamento",0,Sem indício cadastral crítico,FOUND,ATIVA,1,4,27.60,5858.386000,12275.443917982357,-0.475,Comportamento esperado
129,204496,Celso Sabino,UNIÃO,PA,Serviços profissionais,"Consultorias, Pesquisas E Trabalhos Técnicos.",0,Sem indício cadastral crítico,FOUND,ATIVA,1,2,40000.00,71687.224615,51239.3397316542,-0.6184,Comportamento esperado
42,178881,Aluisio Mendes,REPUBLICANOS,MA,Publicidade,Divulgação Da Atividade Parlamentar.,0,Sem indício cadastral crítico,FOUND,ATIVA,8,11,506650.00,299945.123175,386285.4495039867,0.5351,Comportamento esperado
340,204575,Gil Cutrim,REPUBLICANOS,MA,Publicidade,Divulgação Da Atividade Parlamentar.,1,Situação cadastral não ativa: BAIXADA,FOUND,BAIXADA,1,7,84533.30,299945.123175,386285.4495039867,-0.5576,Fornecedor com CNPJ suspeito
636,204422,Ossesio Silva,REPUBLICANOS,PE,Outros,Serviços Postais,0,Sem indício cadastral crítico,FOUND,ATIVA,1,2,102.80,1109.518571,1801.0661627901457,-0.559,Comportamento esperado
372,204444,Helio Lopes,PL,RJ,Publicidade,Divulgação Da Atividade Parlamentar.,1,Situação cadastral não ativa: BAIXADA,FOUND,BAIXADA,1,1,15000.00,226781.355120,259582.44863584734,-0.8159,Fornecedor com CNPJ suspeito
714,141523,Raul Henry,MDB,PE,Hotéis,"Hospedagem ,exceto Do Parlamentar No Distrito Federal.",0,Sem indício cadastral crítico,FOUND,ATIVA,21,105,22033.20,17089.374528,23447.97906027458,0.2108,Comportamento esperado
29,220542,Alexandre Guimarães,MDB,TO,Comunicação,Telefonia,0,Sem indício cadastral crítico,FOUND,ATIVA,1,33,3905.79,6929.241333,13569.93291877454,-0.2228,Comportamento esperado
51,220676,Andreia Siqueira,PSB,PA,Combustível,Combustíveis E Lubrificantes.,0,Sem indício cadastral crítico,FOUND,ATIVA,69,215,176637.04,39488.928400,62234.56368268833,2.2037,Possível anomalia financeira
714,141523,Raul Henry,MDB,PE,Combustível,Combustíveis E Lubrificantes.,1,Situação cadastral não ativa: BAIXADA,FOUND,BAIXADA,1,10,30417.74,53506.291935,82942.380015203,-0.2784,Fornecedor com CNPJ suspeito
884,204509,Áurea Carolina,PSOL,MG,Hotéis,"Hospedagem ,exceto Do Parlamentar No Distrito Federal.",0,Sem indício cadastral crítico,FOUND,ATIVA,11,15,9928.19,17018.453084,26330.369533202334,-0.2693,Comportamento esperado
123,220704,Carol Dartora,PT,PR,Viagens,Passagem Aérea - Sigepa,,,,,0,180,195858.59,173223.575536,125997.34942419773,0.1796,Comportamento esperado
139,178939,Clarissa Garotinho,UNIÃO,RJ,Alimentação,Fornecimento De Alimentação Do Parlamentar,0,Sem indício cadastral crítico,FOUND,ATIVA,6,13,764.21,5314.154545,11413.915891543053,-0.3986,Comportamento esperado
333,204527,Geninho Zuliani,UNIÃO,SP,Combustível,Combustíveis E Lubrificantes.,1,Situação cadastral não ativa: INAPTA,FOUND,INAPTA,1,1,300.00,42192.750821,64034.19773844777,-0.6542,Fornecedor com CNPJ suspeito
238,81297,Dra. Soraya Manato,PTB,ES,Serviços profissionais,"Consultorias, Pesquisas E Trabalhos Técnicos.",0,Sem indício cadastral crítico,FOUND,ATIVA,1,5,42500.00,58062.500000,47700.19279685506,-0.3263,Comportamento esperado
398,220670,Iza Arruda,MDB,PE,Viagens,Passagem Aérea - Sigepa,,,,,0,270,198446.14,221741.150682,163177.94412569836,-0.1428,Comportamento esperado
104,204352,Camilo Capiberibe,PSB,AP,Serviços profissionais,"Consultorias, Pesquisas E Trabalhos Técnicos.",0,Sem indício cadastral crítico,FOUND,ATIVA,2,5,45900.00,74193.690909,67500.34505342109,-0.4192,Comportamento esperado
258,154919,Eleuses Paiva,PSD,SP,Viagens,Passagem Aérea - Sigepa,,,,,0,43,56677.14,185430.171967,136227.76556134285,-0.9451,Comportamento esperado
530,179587,Major Vitor Hugo,PL,GO,Outros,Manutenção De Escritório De Apoio À Atividade Parlamentar,0,Sem indício cadastral crítico,FOUND,ATIVA,7,65,69357.28,100447.486545,162486.21407041358,-0.1913,Comportamento esperado
405,160570,Jerônimo Goergen,PP,RS,Outros,Serviços Postais,1,Situação cadastral não ativa: BAIXADA,FOUND,BAIXADA,1,7,585.10,862.238182,1333.8726370935917,-0.2078,Fornecedor com CNPJ suspeito
479,74299,Leônidas Cristino,PDT,CE,Comunicação,Telefonia,0,Sem indício cadastral crítico,FOUND,ATIVA,1,41,23160.64,11707.711071,16858.211643996754,0.6794,Comportamento esperado
471,204375,Leda Sadala,PP,AP,Locomoção,Locação Ou Fretamento De Veículos Automotores,0,Sem indício cadastral crítico,FOUND,ATIVA,2,16,25529.75,118873.802381,121389.286590239,-0.769,Comportamento esperado
672,216544,Paulo Vicente Caleffi,PSD,RS,Outros,"Serviço De Táxi, Pedágio E Estacionamento",0,Sem indício cadastral crítico,FOUND,ATIVA,2,40,215.80,10192.084923,16137.89190584743,-0.6182,Comportamento esperado
884,204509,Áurea Carolina,PSOL,MG,Outros,Serviço De Segurança Prestado Por Empresa Especializada.,0,Sem indício cadastral crítico,FOUND,ATIVA,2,11,3518.80,6910.803333,5568.322882362166,-0.6092,Comportamento esperado
522,141480,Lázaro Botelho,PP,TO,Publicidade,Divulgação Da Atividade Parlamentar.,1,Situação cadastral não ativa: BAIXADA,FOUND,BAIXADA,1,6,12000.00,260231.601071,329408.0872597135,-0.7536,Fornecedor com CNPJ suspeito
157,204499,Cássio Andrade,PSB,PA,Hotéis,"Hospedagem ,exceto Do Parlamentar No Distrito Federal.",0,Sem indício cadastral crítico,FOUND,ATIVA,1,1,1461.00,12723.705217,19811.362899516178,-0.5685,Comportamento esperado
754,165470,Rodrigo Valadares,PL,SE,Viagens,Passagem Aérea - Reembolso,1,Erro na consulta pública de CNPJ,ERROR,,1,8,32972.79,9040.411000,11259.006637678962,2.1256,Possível anomalia com fornecedor suspeito
389,204564,Igor Kannário,UNIÃO,BA,Outros,Serviços Postais,0,Sem indício cadastral crítico,FOUND,ATIVA,1,2,126.00,1465.597500,2527.93213294582,-0.5299,Comportamento esperado
868,220564,Yandra Moura,UNIÃO,SE,Outros,Manutenção De Escritório De Apoio À Atividade Parlamentar,1,Situação cadastral não ativa: BAIXADA,FOUND,BAIXADA,1,4,2998.70,43647.935652,66268.36061748704,-0.6134,Fornecedor com CNPJ suspeito
618,229939,Newton Bonin,UNIÃO,PR,Outros,Manutenção De Escritório De Apoio À Atividade Parlamentar,0,Documento não consultado por não ser CNPJ,NOT_APPLICABLE,,1,4,23000.00,86193.122500,116860.66498214444,-0.5408,Comportamento esperado
730,215042,Ricardo Da Karol,PDT,RJ,Outros,"Serviço De Táxi, Pedágio E Estacionamento",0,Sem indício cadastral crítico,FOUND,ATIVA,4,16,8248.82,8455.730411,14321.838989715481,-0.0144,Comportamento esperado
605,150418,Márcio Marinho,REPUBLICANOS,BA,Locomoção,Locação Ou Fretamento De Aeronaves,0,Sem indício cadastral crítico,FOUND,ATIVA,1,3,99975.00,81359.287500,83475.1578545966,0.223,Comportamento esperado
134,141439,Chico D'angelo,PDT,RJ,Publicidade,Divulgação Da Atividade Parlamentar.,0,Sem indício cadastral crítico,FOUND,ATIVA,3,12,129735.00,226781.355120,259582.44863584734,-0.3739,Comportamento esperado
640,204573,Otto Alencar Filho,PSD,BA,Alimentação,Fornecimento De Alimentação Do Parlamentar,1,Situação cadastral não ativa: BAIXADA,FOUND,BAIXADA,3,3,84.10,5334.958511,10548.888785765435,-0.4978,Fornecedor com CNPJ suspeito
591,154178,Milton Vieira,REPUBLICANOS,SP,Viagens,Passagem Aérea - Reembolso,0,Sem indício cadastral crítico,FOUND,ATIVA,1,4,6986.62,9758.571000,11443.414965885137,-0.2422,Comportamento esperado
700,204565,Professora Dayane Pimentel,UNIÃO,BA,Viagens,Passagem Aérea - Reembolso,0,Sem indício cadastral crítico,FOUND,ATIVA,1,1,2106.90,6722.195000,9392.208684505544,-0.4914,Comportamento esperado
93,160538,Bohn Gass,PT,RS,Viagens,Passagem Aérea - Sigepa,,,,,0,239,274109.32,223297.576531,126627.95953182003,0.4013,Comportamento esperado
598,179001,Márcio Biolchi,MDB,RS,Outros,"Serviço De Táxi, Pedágio E Estacionamento",0,Sem indício cadastral crítico,FOUND,ATIVA,10,821,42715.16,10192.084923,16137.89190584743,2.0153,Possível anomalia financeira
511,141487,Luiz Fernando Faria,UNIÃO,MG,Alimentação,Fornecimento De Alimentação Do Parlamentar,0,Sem indício cadastral crítico,FOUND,ATIVA,15,182,8380.16,3421.773553,6721.942950865462,0.7376,Comportamento esperado
131,205476,Charles Fernandes,PSD,BA,Outros,Manutenção De Escritório De Apoio À Atividade Parlamentar,0,Sem indício cadastral crítico,FOUND,ATIVA,5,51,160399.95,98257.521290,134321.8726415135,0.4626,Comportamento esperado
32,204503,Alexandre Padilha,PT,SP,Outros,"Serviço De Táxi, Pedágio E Estacionamento",0,Sem indício cadastral crítico,FOUND,ATIVA,24,457,7615.65,11967.060840,16796.655097373645,-0.2591,Comportamento esperado
413,160548,Jonas Donizette,PSB,SP,Combustível,Combustíveis E Lubrificantes.,0,Sem indício cadastral crítico,FOUND,ATIVA,183,1152,193945.65,42192.750821,64034.19773844777,2.3699,Possível anomalia financeira
780,204416,Sanderson,PL,RS,Publicidade,Divulgação Da Atividade Parlamentar.,0,Sem indício cadastral crítico,FOUND,ATIVA,66,241,585507.58,215724.063125,265101.600265673,1.3949,Comportamento esperado
646,160642,Pastor Eurico,PSDB,PE,Viagens,Passagem Aérea - Sigepa,,,,,0,183,267496.95,221741.150682,163177.94412569836,0.2804,Comportamento esperado
649,204553,Pastor Sargento Isidório,AVANTE,BA,Viagens,Passagem Aérea - Sigepa,,,,,0,186,204244.89,219376.223091,157819.4558803826,-0.0959,Comportamento esperado
523,204359,Léo Moraes,PODE,RO,Serviços profissionais,"Consultorias, Pesquisas E Trabalhos Técnicos.",0,Sem indício cadastral crítico,FOUND,ATIVA,1,6,57000.00,34500.000000,31819.80515339464,0.7071,Comportamento esperado
107,178829,Capitão Augusto,PL,SP,Outros,Serviços Postais,0,Sem indício cadastral crítico,FOUND,ATIVA,4,21,2783.32,1015.584878,1403.5425598127083,1.2595,Comportamento esperado
848,74283,Vicentinho,PT,SP,Outros,Manutenção De Escritório De Apoio À Atividade Parlamentar,0,Sem indício cadastral crítico,FOUND,ATIVA,13,218,130658.63,98538.487659,143509.98800071477,0.2238,Comportamento esperado
182,116379,Darci De Matos,PSD,SC,Publicidade,Divulgação Da Atividade Parlamentar.,0,Sem indício cadastral crítico,FOUND,ATIVA,7,55,380618.33,148561.773265,217765.15459275612,1.0656,Comportamento esperado
188,220625,Delegada Ione,AVANTE,MG,Publicidade,Divulgação Da Atividade Parlamentar.,0,Sem indício cadastral crítico,FOUND,ATIVA,21,81,327468.97,194891.353020,276881.75990132586,0.4788,Comportamento esperado
576,204486,Mauro Benevides Filho,PDT,CE,Outros,Manutenção De Escritório De Apoio À Atividade Parlamentar,0,Sem indício cadastral crítico,FOUND,ATIVA,2,31,40057.98,68348.775082,105244.60317209057,-0.2688,Comportamento esperado
735,220633,Ricardo Salles,NOVO,SP,Alimentação,Fornecimento De Alimentação Do Parlamentar,0,Sem indício cadastral crítico,FOUND,ATIVA,1,1,48.99,3366.001170,5609.697337170304,-0.5913,Comportamento esperado
556,178943,Marcos Soares,UNIÃO,RJ,Comunicação,Telefonia,0,Sem indício cadastral crítico,FOUND,ATIVA,1,9,1559.27,11897.719661,18918.17939394703,-0.5465,Comportamento esperado
315,220534,Fred Linhares,REPUBLICANOS,DF,Publicidade,Divulgação Da Atividade Parlamentar.,1,Situação cadastral não ativa: BAIXADA,FOUND,BAIXADA,2,6,95500.00,274983.723704,375023.4293293225,-0.4786,Fornecedor com CNPJ suspeito
342,74270,Gilberto Nascimento,PODE,SP,Locomoção,Locação Ou Fretamento De Veículos Automotores,0,Sem indício cadastral crítico,FOUND,ATIVA,3,76,419300.00,147254.510948,139673.23431152088,1.9477,Comportamento esperado
191,220642,Delegado Bruno Lima,PODE,SP,Publicidade,Divulgação Da Atividade Parlamentar.,1,Situação cadastral não ativa: BAIXADA,FOUND,BAIXADA,2,10,16500.00,243741.226243,313657.1515008437,-0.7245,Fornecedor com CNPJ suspeito
653,74095,Pauderney Avelino,UNIÃO,AM,Viagens,Passagem Aérea - Sigepa,,,,,0,129,177016.09,248402.612308,165221.2328718048,-0.4321,Comportamento esperado
585,220585,Mersinho Lucena,PSD,PB,Locomoção,Locação Ou Fretamento De Veículos Automotores,0,Sem indício cadastral crítico,FOUND,ATIVA,1,68,427200.00,197980.822174,165434.59936969794,1.3856,Comportamento esperado
623,74352,Nilson Pinto,PSDB,PA,Locomoção,Locação Ou Fretamento De Aeronaves,0,Sem indício cadastral crítico,FOUND,ATIVA,1,1,8500.00,174153.634444,279835.95128643257,-0.592,Comportamento esperado
255,220589,Eduardo Velloso,SOLIDARIEDADE,AC,Hotéis,"Hospedagem ,exceto Do Parlamentar No Distrito Federal.",1,Erro na consulta pública de CNPJ,ERROR,,1,3,3046.66,11165.562105,15437.148423150342,-0.5259,Fornecedor com CNPJ suspeito
652,74160,Patrus Ananias,PT,MG,Combustível,Combustíveis E Lubrificantes.,1,CNPJ não encontrado na API pública,NOT_FOUND,,1,1,200.01,65306.104375,92314.0005265802,-0.7053,Fornecedor com CNPJ suspeito
618,229939,Newton Bonin,UNIÃO,PR,Viagens,Passagem Aérea - Sigepa,,,,,0,18,23338.46,173223.575536,125997.34942419773,-1.1896,Comportamento esperado
614,204415,Nereu Crispim,PSD,RS,Outros,Serviços Postais,0,Sem indício cadastral crítico,FOUND,ATIVA,1,12,857.95,862.238182,1333.8726370935917,-0.0032,Comportamento esperado
222,221339,Dr. Benjamim,UNIÃO,MA,Combustível,Combustíveis E Lubrificantes.,0,Sem indício cadastral crítico,FOUND,ATIVA,3,13,106395.62,34895.172615,52384.05405357016,1.3649,Comportamento esperado
803,168175,Simplício Araújo,SOLIDARIEDADE,MA,Viagens,Passagem Aérea - Sigepa,,,,,0,14,22703.02,132207.227045,122458.5508602934,-0.8942,Comportamento esperado
709,220532,Rafael Prudente,MDB,DF,Outros,Manutenção De Escritório De Apoio À Atividade Parlamentar,0,Sem indício cadastral crítico,FOUND,ATIVA,12,189,490592.58,95246.480000,164390.52276665662,2.4049,Possível anomalia financeira
517,204526,Luiz Philippe De Orleans E Bragança,PL,SP,Outros,"Serviço De Táxi, Pedágio E Estacionamento",0,Sem indício cadastral crítico,FOUND,ATIVA,10,1580,73472.15,11967.060840,16796.655097373645,3.6617,Anomalia financeira extrema
705,204467,Professora Rosa Neide,PT,MT,Alimentação,Fornecimento De Alimentação Do Parlamentar,0,Sem indício cadastral crítico,FOUND,ATIVA,13,60,3703.30,2273.261250,4466.178507118996,0.3202,Comportamento esperado
499,178954,Lucio Mosquini,PL,RO,Outros,Manutenção De Escritório De Apoio À Atividade Parlamentar,0,Sem indício cadastral crítico,FOUND,ATIVA,6,57,16742.80,40149.183103,63678.43736701476,-0.3676,Comportamento esperado
314,204494,Fred Costa,PRD,MG,Outros,"Serviço De Táxi, Pedágio E Estacionamento",0,Sem indício cadastral crítico,FOUND,ATIVA,11,144,1281.40,5572.245385,10370.293242628488,-0.4138,Comportamento esperado
635,73692,Osmar Terra,MDB,RS,Alimentação,Fornecimento De Alimentação Do Parlamentar,0,Sem indício cadastral crítico,FOUND,ATIVA,78,125,10424.43,7368.085075,13657.337051272762,0.2238,Comportamento esperado
121,141398,Carlos Zarattini,PT,SP,Viagens,Passagem Aérea - Sigepa,,,,,0,231,207826.46,185430.171967,136227.76556134285,0.1644,Comportamento esperado
716,221378,Reginete Bispo,PT,RS,Viagens,Passagem Aérea - Sigepa,,,,,0,181,174927.57,223297.576531,126627.95953182003,-0.382,Comportamento esperado
397,220696,Ivoneide Caetano,PT,BA,Alimentação,Fornecimento De Alimentação Do Parlamentar,0,Sem indício cadastral crítico,FOUND,ATIVA,7,16,1143.89,5334.958511,10548.888785765435,-0.3973,Comportamento esperado
452,204574,Junior Lourenço,MDB,MA,Combustível,Combustíveis E Lubrificantes.,0,Sem indício cadastral crítico,FOUND,ATIVA,3,16,118185.60,34895.172615,52384.05405357016,1.59,Comportamento esperado
297,204407,Fernanda Melchionna,PSOL,RS,Outros,"Serviço De Táxi, Pedágio E Estacionamento",0,Sem indício cadastral crítico,FOUND,ATIVA,6,53,15426.50,10192.084923,16137.89190584743,0.3244,Comportamento esperado
212,160599,Dimas Fabiano,PP,MG,Publicidade,Divulgação Da Atividade Parlamentar.,0,Sem indício cadastral crítico,FOUND,ATIVA,19,113,446830.73,194891.353020,276881.75990132586,0.9099,Comportamento esperado
608,204453,Natália Bonavides,PT,RN,Combustível,Combustíveis E Lubrificantes.,1,Situação cadastral não ativa: BAIXADA,FOUND,BAIXADA,3,13,7228.77,51927.710333,76131.03428420173,-0.5871,Fornecedor com CNPJ suspeito
571,204428,Marília Arraes,SOLIDARIEDADE,PE,Viagens,Passagem Aérea - Sigepa,,,,,0,99,138900.19,221741.150682,163177.94412569836,-0.5077,Comportamento esperado
271,225730,Enfermeira Ana Paula,PODE,CE,Hotéis,"Hospedagem ,exceto Do Parlamentar No Distrito Federal.",0,Sem indício cadastral crítico,FOUND,ATIVA,9,16,4394.44,14861.399063,17345.750222182687,-0.6034,Comportamento esperado
369,178964,Heitor Schuch,PSB,RS,Outros,Manutenção De Escritório De Apoio À Atividade Parlamentar,0,Documento não consultado por não ser CNPJ,NOT_APPLICABLE,,1,13,28424.00,109428.142500,149558.61424927576,-0.5416,Comportamento esperado
682,204395,Pedro Lupion,REPUBLICANOS,PR,Combustível,Combustíveis E Lubrificantes.,0,Sem indício cadastral crítico,FOUND,ATIVA,21,255,66768.94,57944.345500,82353.4495793919,0.1072,Comportamento esperado
504,204410,Luisa Canziani,UNIÃO,PR,Comunicação,Telefonia,0,Sem indício cadastral crítico,FOUND,ATIVA,4,56,8785.06,10984.091277,13121.60062975809,-0.1676,Comportamento esperado
47,220596,Amália Barros,PL,MT,Hotéis,"Hospedagem ,exceto Do Parlamentar No Distrito Federal.",0,Sem indício cadastral crítico,FOUND,ATIVA,21,48,22007.29,20380.542308,35609.06873470771,0.0457,Comportamento esperado
144,98148,Cobalchini,MDB,SC,Hotéis,"Hospedagem ,exceto Do Parlamentar No Distrito Federal.",0,Sem indício cadastral crítico,FOUND,ATIVA,34,119,29073.25,36695.958649,43528.74004922331,-0.1751,Comportamento esperado
560,74398,Maria Do Rosário,PT,RS,Publicidade,Divulgação Da Atividade Parlamentar.,0,Sem indício cadastral crítico,FOUND,ATIVA,18,103,414997.12,215724.063125,265101.600265673,0.7517,Comportamento esperado
244,178994,Dulce Miranda,MDB,TO,Hotéis,"Hospedagem ,exceto Do Parlamentar No Distrito Federal.",0,Sem indício cadastral crítico,FOUND,ATIVA,8,10,5481.61,12387.293158,19170.891927221925,-0.3602,Comportamento esperado
173,204367,Daniel Freitas,PL,SC,Locomoção,Locação Ou Fretamento De Veículos Automotores,0,Sem indício cadastral crítico,FOUND,ATIVA,4,83,407070.00,154711.621212,151032.92349497412,1.6709,Comportamento esperado
61,220544,Antonio Andrade,PSDB,TO,Combustível,Combustíveis E Lubrificantes.,0,Sem indício cadastral crítico,FOUND,ATIVA,86,465,267089.50,73777.441071,109277.9364585353,1.769,Comportamento esperado
706,220586,Rafael Brito,MDB,AL,Viagens,Passagem Aérea - Rpa,0,Sem indício cadastral crítico,FOUND,ATIVA,2,3,1868.44,21225.077273,32156.183325062724,-0.602,Comportamento esperado
781,160621,Sandro Alex,PSD,PR,Alimentação,Fornecimento De Alimentação Do Parlamentar,0,Sem indício cadastral crítico,FOUND,ATIVA,19,28,2167.82,4173.948542,8441.04850518495,-0.2377,Comportamento esperado
396,73531,Ivan Valente,PSOL,SP,Outros,Serviços Postais,0,Sem indício cadastral crítico,FOUND,ATIVA,5,27,2054.79,1015.584878,1403.5425598127083,0.7404,Comportamento esperado
612,204449,Nelson Barbudo,PODE,MT,Locomoção,Locação Ou Fretamento De Veículos Automotores,0,Sem indício cadastral crítico,FOUND,ATIVA,3,23,274191.00,134358.602609,119146.49353274485,1.1736,Comportamento esperado
443,220559,Julia Zanatta,PL,SC,Outros,Manutenção De Escritório De Apoio À Atividade Parlamentar,0,Sem indício cadastral crítico,FOUND,ATIVA,17,129,70939.91,70964.571200,106769.4367602354,-2.0E-4,Comportamento esperado
472,231911,Lenir De Assis,PT,PR,Outros,Manutenção De Escritório De Apoio À Atividade Parlamentar,0,Sem indício cadastral crítico,FOUND,ATIVA,7,53,169492.50,86193.122500,116860.66498214444,0.7128,Comportamento esperado
208,220691,Diego Coronel,REPUBLICANOS,BA,Publicidade,Divulgação Da Atividade Parlamentar.,0,Sem indício cadastral crítico,FOUND,ATIVA,9,120,521500.00,317318.910361,328157.1355142384,0.6222,Comportamento esperado
561,204540,Maria Rosas,REPUBLICANOS,SP,Outros,"Serviço De Táxi, Pedágio E Estacionamento",0,Sem indício cadastral crítico,FOUND,ATIVA,1,29,30854.09,11967.060840,16796.655097373645,1.1245,Comportamento esperado
426,141464,José Airton Félix Cirilo,PT,CE,Viagens,Passagem Aérea - Reembolso,0,Sem indício cadastral crítico,FOUND,ATIVA,2,5,14764.04,12007.303200,17888.200103405623,0.1541,Comportamento esperado
875,178889,Zé Carlos,PT,MA,Outros,"Passagens Terrestres, Marítimas Ou Fluviais",0,Sem indício cadastral crítico,FOUND,ATIVA,1,4,48.00,2098.127143,3387.0696388112747,-0.6053,Comportamento esperado
328,115746,Gelson Azevedo,PL,RJ,Locomoção,Locação Ou Fretamento De Veículos Automotores,0,Sem indício cadastral crítico,FOUND,ATIVA,1,13,118160.00,162239.394390,163272.60476613723,-0.27,Comportamento esperado
41,178937,Altineu Côrtes,PL,RJ,Locomoção,Locação Ou Fretamento De Veículos Automotores,0,Sem indício cadastral crítico,FOUND,ATIVA,1,34,186700.00,162239.394390,163272.60476613723,0.1498,Comportamento esperado
495,74478,Luciano Bivar,UNIÃO,PE,Locomoção,Locação Ou Fretamento De Veículos Automotores,0,Sem indício cadastral crítico,FOUND,ATIVA,1,13,57475.85,220869.240392,185976.71020526288,-0.8786,Comportamento esperado
868,220564,Yandra Moura,UNIÃO,SE,Viagens,Passagem Aérea - Rpa,0,Sem indício cadastral crítico,FOUND,ATIVA,2,4,9514.43,13988.180000,15171.00483116322,-0.2949,Comportamento esperado
583,74428,Mendonça Filho,PL,PE,Outros,"Serviço De Táxi, Pedágio E Estacionamento",0,Sem indício cadastral crítico,FOUND,ATIVA,2,4,141.59,5084.056842,13620.11056577697,-0.3629,Comportamento esperado
218,204450,Doutor Luizinho,PP,RJ,Locomoção,Locação Ou Fretamento De Veículos Automotores,0,Sem indício cadastral crítico,FOUND,ATIVA,4,38,275560.00,162239.394390,163272.60476613723,0.6941,Comportamento esperado
288,74065,Fatima Pelaes,REPUBLICANOS,AP,Outros,Manutenção De Escritório De Apoio À Atividade Parlamentar,0,Sem indício cadastral crítico,FOUND,ATIVA,2,2,6743.88,30123.933200,30290.240248736845,-0.7719,Comportamento esperado
776,160635,Ruy Carneiro,PSC,PB,Viagens,Passagem Aérea - Reembolso,0,Sem indício cadastral crítico,FOUND,ATIVA,1,1,1845.54,14118.253125,32577.997530279183,-0.3767,Comportamento esperado
495,74478,Luciano Bivar,UNIÃO,PE,Combustível,Combustíveis E Lubrificantes.,0,Sem indício cadastral crítico,FOUND,ATIVA,14,29,6923.06,53506.291935,82942.380015203,-0.5616,Comportamento esperado
14,160527,Aguinaldo Ribeiro,PP,PB,Combustível,Combustíveis E Lubrificantes.,0,Sem indício cadastral crítico,FOUND,ATIVA,100,1079,189605.48,61582.608974,85760.8839439169,1.4928,Comportamento esperado
141,74537,Claudio Cajado,PP,BA,Viagens,Passagem Aérea - Rpa,0,Sem indício cadastral crítico,FOUND,ATIVA,3,243,177943.51,31763.658913,54219.86604798766,2.6961,Possível anomalia financeira
683,122158,Pedro Paulo,PSD,RJ,Viagens,Passagem Aérea - Sigepa,,,,,0,373,338615.27,213577.740357,175550.75566941444,0.7123,Comportamento esperado
702,220580,Professora Goreth,PDT,AP,Combustível,Combustíveis E Lubrificantes.,0,Sem indício cadastral crítico,FOUND,ATIVA,39,236,39909.32,24571.047667,39205.554475113444,0.3912,Comportamento esperado
59,204515,André Janones,AVANTE,MG,Combustível,Combustíveis E Lubrificantes.,0,Sem indício cadastral crítico,FOUND,ATIVA,74,194,45485.28,65306.104375,92314.0005265802,-0.2147,Comportamento esperado
614,204415,Nereu Crispim,PSD,RS,Outros,Manutenção De Escritório De Apoio À Atividade Parlamentar,0,Sem indício cadastral crítico,FOUND,ATIVA,10,91,28343.31,109428.142500,149558.61424927576,-0.5422,Comportamento esperado
180,62881,Danilo Forte,PP,CE,Combustível,Combustíveis E Lubrificantes.,0,Sem indício cadastral crítico,FOUND,ATIVA,145,369,79634.29,41977.960833,76764.60304100714,0.4905,Comportamento esperado
728,220543,Ricardo Ayres,REPUBLICANOS,TO,Publicidade,Divulgação Da Atividade Parlamentar.,0,Sem indício cadastral crítico,FOUND,ATIVA,19,247,718770.00,260231.601071,329408.0872597135,1.392,Comportamento esperado
745,220546,Rodolfo Nogueira,PL,MS,Outros,Manutenção De Escritório De Apoio À Atividade Parlamentar,0,Sem indício cadastral crítico,FOUND,ATIVA,12,116,127817.86,74966.746667,80602.5088063342,0.6557,Comportamento esperado
248,204421,Edna Henrique,REPUBLICANOS,PB,Viagens,Passagem Aérea - Sigepa,,,,,0,48,61143.71,168235.151250,151254.20824234045,-0.708,Comportamento esperado
302,204427,Fernando Rodolfo,PL,PE,Outros,Manutenção De Escritório De Apoio À Atividade Parlamentar,0,Documento não consultado por não ser CNPJ,NOT_APPLICABLE,,1,7,70000.00,90785.734524,140277.34198893898,-0.1482,Comportamento esperado
148,220595,Coronel Fernanda,PL,MT,Publicidade,Divulgação Da Atividade Parlamentar.,0,Sem indício cadastral crítico,FOUND,ATIVA,15,66,298001.08,167205.955714,207800.9242977291,0.6294,Comportamento esperado
73,160665,Augusto Coutinho,REPUBLICANOS,PE,Outros,"Serviço De Táxi, Pedágio E Estacionamento",0,Sem indício cadastral crítico,FOUND,ATIVA,10,84,2818.63,5084.056842,13620.11056577697,-0.1663,Comportamento esperado
104,204352,Camilo Capiberibe,PSB,AP,Publicidade,Divulgação Da Atividade Parlamentar.,1,Situação cadastral não ativa: BAIXADA,FOUND,BAIXADA,3,9,21600.00,282209.245429,388109.6753004129,-0.6715,Fornecedor com CNPJ suspeito
184,204511,David Soares,PODE,SP,Locomoção,Locação Ou Fretamento De Veículos Automotores,0,Sem indício cadastral crítico,FOUND,ATIVA,9,72,433288.72,147254.510948,139673.23431152088,2.0479,Possível anomalia financeira
73,160665,Augusto Coutinho,REPUBLICANOS,PE,Viagens,Passagem Aérea - Reembolso,0,Sem indício cadastral crítico,FOUND,ATIVA,5,12,24340.33,7471.163333,10016.291980131698,1.6842,Comportamento esperado
712,74084,Raimundo Santos,PSD,PA,Publicidade,Divulgação Da Atividade Parlamentar.,0,Sem indício cadastral crítico,FOUND,ATIVA,8,114,594355.00,319971.475333,323849.5425991789,0.8473,Comportamento esperado
384,160674,Hugo Motta,REPUBLICANOS,PB,Combustível,Combustíveis E Lubrificantes.,1,Situação cadastral não ativa: BAIXADA,FOUND,BAIXADA,3,5,1041.66,61582.608974,85760.8839439169,-0.7059,Fornecedor com CNPJ suspeito
2,204521,Abou Anni,UNIÃO,SP,Outros,Manutenção De Escritório De Apoio À Atividade Parlamentar,0,Sem indício cadastral crítico,FOUND,ATIVA,11,42,86344.54,98538.487659,143509.98800071477,-0.085,Comportamento esperado
147,204378,Coronel Chrisóstomo,PL,RO,Hotéis,"Hospedagem ,exceto Do Parlamentar No Distrito Federal.",1,Situação cadastral não ativa: BAIXADA,FOUND,BAIXADA,1,8,3768.40,15598.613913,18502.405565050612,-0.6394,Fornecedor com CNPJ suspeito
875,178889,Zé Carlos,PT,MA,Locomoção,Locação Ou Fretamento De Veículos Automotores,0,Sem indício cadastral crítico,FOUND,ATIVA,3,22,132097.20,122090.952683,112418.39663710551,0.089,Comportamento esperado
757,160651,Rogério Peninha Mendonça,MDB,SC,Hotéis,"Hospedagem ,exceto Do Parlamentar No Distrito Federal.",0,Sem indício cadastral crítico,FOUND,ATIVA,15,49,17594.35,36695.958649,43528.74004922331,-0.4388,Comportamento esperado
793,204437,Severino Pessoa,MDB,AL,Combustível,Combustíveis E Lubrificantes.,0,Sem indício cadastral crítico,FOUND,ATIVA,1,7,40605.48,41184.340741,54405.12179897842,-0.0106,Comportamento esperado
482,204405,Liziane Bayer,REPUBLICANOS,RS,Viagens,Passagem Aérea - Sigepa,,,,,0,28,44474.46,223297.576531,126627.95953182003,-1.4122,Comportamento esperado
564,204432,Marina Santos,REPUBLICANOS,PI,Serviços profissionais,"Consultorias, Pesquisas E Trabalhos Técnicos.",0,Sem indício cadastral crítico,FOUND,ATIVA,4,8,110000.00,59954.545455,42245.387053176906,1.1846,Comportamento esperado
519,178866,Luizianne Lins,REDE,CE,Locomoção,Locação Ou Fretamento De Aeronaves,0,Sem indício cadastral crítico,FOUND,ATIVA,2,2,44300.00,46678.600000,38881.59920573464,-0.0612,Comportamento esperado
128,73441,Celso Russomanno,REPUBLICANOS,SP,Hotéis,"Hospedagem ,exceto Do Parlamentar No Distrito Federal.",0,Sem indício cadastral crítico,FOUND,ATIVA,1,2,113.50,10014.789189,11435.329101648113,-0.8659,Comportamento esperado
276,220645,Erika Hilton,PSOL,SP,Outros,Serviço De Segurança Prestado Por Empresa Especializada.,0,Sem indício cadastral crítico,FOUND,ATIVA,3,30,261000.00,57471.443333,111341.01915358497,1.828,Comportamento esperado
316,204393,Frei Anastacio Ribeiro,PT,PB,Viagens,Passagem Aérea - Reembolso,0,Sem indício cadastral crítico,FOUND,ATIVA,1,2,5561.48,14118.253125,32577.997530279183,-0.2627,Comportamento esperado
561,204540,Maria Rosas,REPUBLICANOS,SP,Alimentação,Fornecimento De Alimentação Do Parlamentar,0,Sem indício cadastral crítico,FOUND,ATIVA,1,1,3.99,3366.001170,5609.697337170304,-0.5993,Comportamento esperado
250,204541,Eduardo Bismarck,PDT,CE,Combustível,Combustíveis E Lubrificantes.,1,Situação cadastral não ativa: BAIXADA,FOUND,BAIXADA,1,1,443.85,41977.960833,76764.60304100714,-0.5411,Fornecedor com CNPJ suspeito
536,204433,Marcelo Calero,PSD,RJ,Comunicação,Telefonia,0,Sem indício cadastral crítico,FOUND,ATIVA,4,11,2438.09,11897.719661,18918.17939394703,-0.5,Comportamento esperado
753,141533,Rodrigo Rollemberg,PSB,DF,Publicidade,Divulgação Da Atividade Parlamentar.,0,Sem indício cadastral crítico,FOUND,ATIVA,6,17,199290.60,274983.723704,375023.4293293225,-0.2018,Comportamento esperado
739,152610,Roberto Alves,REPUBLICANOS,SP,Combustível,Combustíveis E Lubrificantes.,0,Sem indício cadastral crítico,FOUND,ATIVA,67,137,34472.71,42192.750821,64034.19773844777,-0.1206,Comportamento esperado
835,157130,Túlio Gadêlha,REDE,PE,Combustível,Combustíveis E Lubrificantes.,0,Sem indício cadastral crítico,FOUND,ATIVA,82,166,26179.54,53506.291935,82942.380015203,-0.3295,Comportamento esperado
352,107283,Gleisi Hoffmann,PT,PR,Hotéis,"Hospedagem ,exceto Do Parlamentar No Distrito Federal.",0,Sem indício cadastral crítico,FOUND,ATIVA,27,67,44630.35,18419.328649,34024.43115299299,0.7704,Comportamento esperado
833,220684,Tião Medeiros,PP,PR,Publicidade,Divulgação Da Atividade Parlamentar.,0,Sem indício cadastral crítico,FOUND,ATIVA,11,121,480185.01,263664.052022,329972.5348930845,0.6562,Comportamento esperado
736,213274,Ricardo Silva,PSD,SP,Combustível,Combustíveis E Lubrificantes.,0,Sem indício cadastral crítico,FOUND,ATIVA,138,625,115053.79,42192.750821,64034.19773844777,1.1378,Comportamento esperado
685,160604,Pedro Uczai,PT,SC,Combustível,Combustíveis E Lubrificantes.,0,Sem indício cadastral crítico,FOUND,ATIVA,302,984,312564.26,63943.250339,85631.6159933909,2.9034,Possível anomalia financeira
646,160642,Pastor Eurico,PSDB,PE,Combustível,Combustíveis E Lubrificantes.,0,Sem indício cadastral crítico,FOUND,ATIVA,198,527,228200.43,53506.291935,82942.380015203,2.1062,Possível anomalia financeira
14,160527,Aguinaldo Ribeiro,PP,PB,Comunicação,Telefonia,0,Sem indício cadastral crítico,FOUND,ATIVA,3,86,37024.32,7288.602667,11193.533001502294,2.6565,Possível anomalia financeira
78,178975,Baleia Rossi,MDB,SP,Outros,Manutenção De Escritório De Apoio À Atividade Parlamentar,0,Sem indício cadastral crítico,FOUND,ATIVA,19,478,336213.49,98538.487659,143509.98800071477,1.6562,Comportamento esperado
347,160673,Giovani Cherini,PL,RS,Outros,Manutenção De Escritório De Apoio À Atividade Parlamentar,1,Situação cadastral não ativa: BAIXADA,FOUND,BAIXADA,3,112,105716.08,109428.142500,149558.61424927576,-0.0248,Fornecedor com CNPJ suspeito
166,74467,Damião Feliciano,UNIÃO,PB,Outros,Manutenção De Escritório De Apoio À Atividade Parlamentar,0,Sem indício cadastral crítico,FOUND,ATIVA,4,25,11128.50,40088.436364,59072.75761932022,-0.4902,Comportamento esperado
467,74856,Laura Carneiro,PSD,RJ,Comunicação,Telefonia,0,Sem indício cadastral crítico,FOUND,ATIVA,3,111,19622.35,11897.719661,18918.17939394703,0.4083,Comportamento esperado
764,178945,Rosangela Gomes,REPUBLICANOS,RJ,Combustível,Combustíveis E Lubrificantes.,0,Sem indício cadastral crítico,FOUND,ATIVA,29,80,16363.26,44023.319398,62812.667137756165,-0.4404,Comportamento esperado
314,204494,Fred Costa,PRD,MG,Publicidade,Divulgação Da Atividade Parlamentar.,0,Sem indício cadastral crítico,FOUND,ATIVA,8,67,209810.25,194891.353020,276881.75990132586,0.0539,Comportamento esperado
163,141411,Dagoberto Nogueira,PP,MS,Alimentação,Fornecimento De Alimentação Do Parlamentar,0,Sem indício cadastral crítico,FOUND,ATIVA,27,62,4944.14,1353.213333,1612.688595893516,2.2267,Possível anomalia financeira
555,220547,Marcos Pollon,PL,MS,Publicidade,Divulgação Da Atividade Parlamentar.,0,Sem indício cadastral crítico,FOUND,ATIVA,26,93,780907.76,244824.753226,352025.1744174792,1.5229,Comportamento esperado
889,,,,NA,Alimentação,Fornecimento De Alimentação Do Parlamentar,0,Sem indício cadastral crítico,FOUND,ATIVA,3,116,126073.95,76824.316875,122514.48277202321,0.402,Comportamento esperado
544,118594,Marcelo Squassoni,REPUBLICANOS,SP,Viagens,Passagem Aérea - Sigepa,,,,,0,35,64639.82,185430.171967,136227.76556134285,-0.8867,Comportamento esperado
569,220572,Marussa Boldrin,REPUBLICANOS,GO,Viagens,Passagem Aérea - Sigepa,,,,,0,9,10811.38,12997.291429,13545.423262596489,-0.1614,Comportamento esperado
76,74646,Aécio Neves,PSDB,MG,Hotéis,"Hospedagem ,exceto Do Parlamentar No Distrito Federal.",0,Sem indício cadastral crítico,FOUND,ATIVA,1,3,3947.00,17018.453084,26330.369533202334,-0.4964,Comportamento esperado
679,217330,Pedro Dalua,PSC,AP,Viagens,Passagem Aérea - Sigepa,,,,,0,22,46461.47,180390.483889,137999.8120825282,-0.9705,Comportamento esperado
166,74467,Damião Feliciano,UNIÃO,PB,Outros,Manutenção De Escritório De Apoio À Atividade Parlamentar,0,Documento não consultado por não ser CNPJ,NOT_APPLICABLE,,1,12,50400.00,40088.436364,59072.75761932022,0.1746,Comportamento esperado
47,220596,Amália Barros,PL,MT,Comunicação,Telefonia,0,Sem indício cadastral crítico,FOUND,ATIVA,2,21,11964.73,6682.953571,8863.976852355925,0.5959,Comportamento esperado
445,220640,Juliana Cardoso,PT,SP,Outros,Serviço De Segurança Prestado Por Empresa Especializada.,0,Sem indício cadastral crítico,FOUND,ATIVA,2,21,4532.01,57471.443333,111341.01915358497,-0.4755,Comportamento esperado
357,204513,Guiga Peixoto,PSC,SP,Outros,Manutenção De Escritório De Apoio À Atividade Parlamentar,1,Situação cadastral não ativa: BAIXADA,FOUND,BAIXADA,1,9,1161.00,98538.487659,143509.98800071477,-0.6785,Fornecedor com CNPJ suspeito
276,220645,Erika Hilton,PSOL,SP,Viagens,Passagem Aérea - Reembolso,0,Sem indício cadastral crítico,FOUND,ATIVA,1,4,12524.28,9758.571000,11443.414965885137,0.2417,Comportamento esperado
505,204448,Luiz Antonio Corrêa,PP,RJ,Outros,Manutenção De Escritório De Apoio À Atividade Parlamentar,0,Sem indício cadastral crítico,FOUND,ATIVA,2,5,975.10,80988.593819,134414.71100556676,-0.5953,Comportamento esperado
311,220551,Franciane Bayer,REPUBLICANOS,RS,Serviços profissionais,"Consultorias, Pesquisas E Trabalhos Técnicos.",0,Sem indício cadastral crítico,FOUND,ATIVA,1,1,7000.00,39996.666667,35707.577110401064,-0.9241,Comportamento esperado
711,204567,Raimundo Costa,PODE,BA,Hotéis,"Hospedagem ,exceto Do Parlamentar No Distrito Federal.",0,Sem indício cadastral crítico,FOUND,ATIVA,14,26,8247.00,14559.116889,26542.375379101115,-0.2378,Comportamento esperado
479,74299,Leônidas Cristino,PDT,CE,Alimentação,Fornecimento De Alimentação Do Parlamentar,0,Sem indício cadastral crítico,FOUND,ATIVA,13,427,29234.23,4778.337742,9185.089924635726,2.6626,Possível anomalia financeira
842,74376,Vander Loubet,PT,MS,Comunicação,Telefonia,0,Sem indício cadastral crítico,FOUND,ATIVA,1,16,2734.30,12463.390000,16925.10623218233,-0.5748,Comportamento esperado
398,220670,Iza Arruda,MDB,PE,Hotéis,"Hospedagem ,exceto Do Parlamentar No Distrito Federal.",0,Sem indício cadastral crítico,FOUND,ATIVA,14,30,19479.74,17089.374528,23447.97906027458,0.1019,Comportamento esperado
287,204368,Fabio Schiochet,UNIÃO,SC,Combustível,Combustíveis E Lubrificantes.,0,Sem indício cadastral crítico,FOUND,ATIVA,218,1287,315246.92,63943.250339,85631.6159933909,2.9347,Possível anomalia financeira
811,73808,Sérgio Brito,PSD,BA,Combustível,Combustíveis E Lubrificantes.,0,Sem indício cadastral crítico,FOUND,ATIVA,104,218,56522.17,76280.976842,110667.4963849575,-0.1785,Comportamento esperado
276,220645,Erika Hilton,PSOL,SP,Hotéis,"Hospedagem ,exceto Do Parlamentar No Distrito Federal.",0,Sem indício cadastral crítico,FOUND,ATIVA,18,28,19818.74,10014.789189,11435.329101648113,0.8573,Comportamento esperado
300,204445,Fernando Mineiro,PT,RN,Alimentação,Fornecimento De Alimentação Do Parlamentar,0,Sem indício cadastral crítico,FOUND,ATIVA,17,101,5708.53,3041.730000,4181.690443923367,0.6377,Comportamento esperado
652,74160,Patrus Ananias,PT,MG,Comunicação,Telefonia,0,Sem indício cadastral crítico,FOUND,ATIVA,1,50,16440.68,15607.667083,19082.29985422686,0.0437,Comportamento esperado
749,141531,Rodrigo De Castro,UNIÃO,MG,Locomoção,Locação Ou Fretamento De Veículos Automotores,0,Sem indício cadastral crítico,FOUND,ATIVA,5,132,561219.16,199358.988889,190617.58878325575,1.8984,Comportamento esperado
478,92102,Leur Lomanto Júnior,UNIÃO,BA,Viagens,Passagem Aérea - Reembolso,0,Sem indício cadastral crítico,FOUND,ATIVA,2,2,13496.15,6722.195000,9392.208684505544,0.7212,Comportamento esperado
303,204411,Filipe Barros,PL,PR,Outros,Manutenção De Escritório De Apoio À Atividade Parlamentar,0,Sem indício cadastral crítico,FOUND,ATIVA,18,295,613965.83,86193.122500,116860.66498214444,4.5163,Anomalia financeira extrema
122,164360,Carmen Zanotto,CIDADANIA,SC,Publicidade,Divulgação Da Atividade Parlamentar.,0,Sem indício cadastral crítico,FOUND,ATIVA,11,22,43992.40,148561.773265,217765.15459275612,-0.4802,Comportamento esperado
369,178964,Heitor Schuch,PSB,RS,Combustível,Combustíveis E Lubrificantes.,0,Sem indício cadastral crítico,FOUND,ATIVA,85,153,36179.88,60520.148547,97388.05968907535,-0.2499,Comportamento esperado
635,73692,Osmar Terra,PL,RS,Outros,Manutenção De Escritório De Apoio À Atividade Parlamentar,0,Sem indício cadastral crítico,FOUND,ATIVA,7,141,158048.37,109428.142500,149558.61424927576,0.3251,Comportamento esperado
629,74159,Odair Cunha,PT,MG,Hotéis,"Hospedagem ,exceto Do Parlamentar No Distrito Federal.",1,Erro na consulta pública de CNPJ,ERROR,,1,4,1653.90,17018.453084,26330.369533202334,-0.5835,Fornecedor com CNPJ suspeito
692,73486,Pompeo De Mattos,PDT,RS,Comunicação,Telefonia,0,Sem indício cadastral crítico,FOUND,ATIVA,5,210,39203.04,19321.830435,18898.364290143905,1.052,Comportamento esperado
754,165470,Rodrigo Valadares,PL,SE,Viagens,Passagem Aérea - Sigepa,,,,,0,262,204646.01,155702.681579,99733.68864426478,0.4907,Comportamento esperado
682,204395,Pedro Lupion,PP,PR,Viagens,Passagem Aérea - Rpa,0,Sem indício cadastral crítico,FOUND,ATIVA,3,29,30415.23,26722.504474,58025.433845182,0.0636,Comportamento esperado
443,220559,Julia Zanatta,PL,SC,Viagens,Passagem Aérea - Reembolso,0,Sem indício cadastral crítico,FOUND,ATIVA,3,3,3944.57,9023.088750,8047.509872572903,-0.6311,Comportamento esperado
557,220604,Marcos Tavares,PDT,RJ,Outros,Manutenção De Escritório De Apoio À Atividade Parlamentar,0,Sem indício cadastral crítico,FOUND,ATIVA,6,44,67375.58,80988.593819,134414.71100556676,-0.1013,Comportamento esperado
527,166402,Magda Mofatto,PL,GO,Hotéis,"Hospedagem ,exceto Do Parlamentar No Distrito Federal.",0,Sem indício cadastral crítico,FOUND,ATIVA,13,14,10030.42,7024.380500,8737.204954294128,0.3441,Comportamento esperado
421,209189,Joseildo Ramos,PT,BA,Combustível,Combustíveis E Lubrificantes.,1,CNPJ não encontrado na API pública,NOT_FOUND,,2,2,400.00,76280.976842,110667.4963849575,-0.6857,Fornecedor com CNPJ suspeito
450,204457,Juninho Do Pneu,PSDB,RJ,Outros,Manutenção De Escritório De Apoio À Atividade Parlamentar,0,Sem indício cadastral crítico,FOUND,ATIVA,7,83,250144.30,80988.593819,134414.71100556676,1.2585,Comportamento esperado
635,73692,Osmar Terra,PL,RS,Combustível,Combustíveis E Lubrificantes.,1,Situação cadastral não ativa: BAIXADA,FOUND,BAIXADA,8,11,1792.29,60520.148547,97388.05968907535,-0.603,Fornecedor com CNPJ suspeito
720,225386,Renan Ferreirinha,PSD,RJ,Viagens,Passagem Aérea - Reembolso,0,Sem indício cadastral crítico,FOUND,ATIVA,2,9,25891.31,9840.865893,10669.362639943789,1.5043,Comportamento esperado
354,74419,Gonzaga Patriota,PSB,PE,Outros,Manutenção De Escritório De Apoio À Atividade Parlamentar,0,Sem indício cadastral crítico,FOUND,ATIVA,3,22,10391.29,90785.734524,140277.34198893898,-0.5731,Comportamento esperado
384,160674,Hugo Motta,REPUBLICANOS,PB,Locomoção,Locação Ou Fretamento De Veículos Automotores,0,Sem indício cadastral crítico,FOUND,ATIVA,3,54,338329.22,197980.822174,165434.59936969794,0.8484,Comportamento esperado
858,91228,Waldemar Oliveira,AVANTE,PE,Comunicação,Telefonia,0,Sem indício cadastral crítico,FOUND,ATIVA,1,24,3901.03,10941.974167,12252.099914667077,-0.5747,Comportamento esperado
879,220558,Zé Trovão,PL,SC,Outros,Serviços Postais,0,Sem indício cadastral crítico,FOUND,ATIVA,1,1,66.70,1043.824167,1437.984649529007,-0.6795,Comportamento esperado
233,178830,Dr. Sinval Malheiros,PODE,SP,Outros,"Serviço De Táxi, Pedágio E Estacionamento",0,Sem indício cadastral crítico,FOUND,ATIVA,2,12,95.20,11967.060840,16796.655097373645,-0.7068,Comportamento esperado
451,204520,Junio Amaral,PL,MG,Combustível,Combustíveis E Lubrificantes.,0,Sem indício cadastral crítico,FOUND,ATIVA,388,889,217251.39,65306.104375,92314.0005265802,1.646,Comportamento esperado
10,141372,Aelton Freitas,PP,MG,Combustível,Combustíveis E Lubrificantes.,0,Sem indício cadastral crítico,FOUND,ATIVA,113,270,65853.09,65306.104375,92314.0005265802,0.0059,Comportamento esperado
179,160528,Danilo Cabral,PSB,PE,Combustível,Combustíveis E Lubrificantes.,0,Sem indício cadastral crítico,FOUND,ATIVA,53,125,34280.47,53506.291935,82942.380015203,-0.2318,Comportamento esperado
783,204387,Sargento Fahur,PSD,PR,Combustível,Combustíveis E Lubrificantes.,0,Sem indício cadastral crítico,FOUND,ATIVA,65,190,53530.16,57944.345500,82353.4495793919,-0.0536,Comportamento esperado
598,179001,Márcio Biolchi,MDB,RS,Publicidade,Divulgação Da Atividade Parlamentar.,0,Sem indício cadastral crítico,FOUND,ATIVA,26,129,359758.30,215724.063125,265101.600265673,0.5433,Comportamento esperado
745,220546,Rodolfo Nogueira,PL,MS,Combustível,Combustíveis E Lubrificantes.,0,Sem indício cadastral crítico,FOUND,ATIVA,71,296,210126.03,73790.692609,89494.27774679432,1.5234,Comportamento esperado
755,220695,Rogéria Santos,REPUBLICANOS,BA,Outros,Manutenção De Escritório De Apoio À Atividade Parlamentar,0,Sem indício cadastral crítico,FOUND,ATIVA,10,137,393977.70,98257.521290,134321.8726415135,2.2016,Possível anomalia financeira
545,179000,Marcelo Álvaro Antônio,PL,MG,Outros,Manutenção De Escritório De Apoio À Atividade Parlamentar,0,Sem indício cadastral crítico,FOUND,ATIVA,15,180,129018.59,123562.947566,162703.54342443834,0.0335,Comportamento esperado
184,204511,David Soares,PODE,SP,Hotéis,"Hospedagem ,exceto Do Parlamentar No Distrito Federal.",0,Sem indício cadastral crítico,FOUND,ATIVA,43,67,28341.16,10014.789189,11435.329101648113,1.6026,Comportamento esperado
744,204489,Robério Monteiro,PDT,CE,Outros,Manutenção De Escritório De Apoio À Atividade Parlamentar,0,Sem indício cadastral crítico,FOUND,ATIVA,2,7,3680.20,68348.775082,105244.60317209057,-0.6145,Comportamento esperado
37,178927,Aliel Machado,PV,PR,Publicidade,Divulgação Da Atividade Parlamentar.,1,Situação cadastral não ativa: BAIXADA,FOUND,BAIXADA,3,9,42666.67,263664.052022,329972.5348930845,-0.6697,Fornecedor com CNPJ suspeito
163,141411,Dagoberto Nogueira,PSDB,MS,Outros,Manutenção De Escritório De Apoio À Atividade Parlamentar,0,Sem indício cadastral crítico,FOUND,ATIVA,5,43,23924.63,74966.746667,80602.5088063342,-0.6333,Comportamento esperado
595,178997,Moses Rodrigues,UNIÃO,CE,Viagens,Passagem Aérea - Rpa,0,Sem indício cadastral crítico,FOUND,ATIVA,1,18,27937.86,32586.001200,51600.505956913454,-0.0901,Comportamento esperado
88,207176,Bia Cavassa,PSDB,MS,Publicidade,Divulgação Da Atividade Parlamentar.,1,Situação cadastral não ativa: INAPTA,FOUND,INAPTA,2,4,6200.00,244824.753226,352025.1744174792,-0.6779,Fornecedor com CNPJ suspeito
529,204458,Major Fabiana,PL,RJ,Outros,Manutenção De Escritório De Apoio À Atividade Parlamentar,0,Sem indício cadastral crítico,FOUND,ATIVA,1,12,1216.82,80988.593819,134414.71100556676,-0.5935,Comportamento esperado
190,204451,Delegado Antônio Furtado,UNIÃO,RJ,Locomoção,Locação Ou Fretamento De Veículos Automotores,0,Sem indício cadastral crítico,FOUND,ATIVA,4,24,80700.00,162239.394390,163272.60476613723,-0.4994,Comportamento esperado
205,220553,Denise Pessôa,PT,RS,Locomoção,Locação Ou Fretamento De Veículos Automotores,0,Sem indício cadastral crítico,FOUND,ATIVA,5,58,191103.90,182736.733051,177547.8783363845,0.0471,Comportamento esperado
394,204436,Isnaldo Bulhões Jr.,MDB,AL,Locomoção,Locação Ou Fretamento De Aeronaves,0,Sem indício cadastral crítico,FOUND,ATIVA,2,5,57300.00,57300.000000,,,Comportamento esperado
652,74160,Patrus Ananias,PT,MG,Outros,Manutenção De Escritório De Apoio À Atividade Parlamentar,1,Erro na consulta pública de CNPJ,ERROR,,1,3,2397.62,123562.947566,162703.54342443834,-0.7447,Fornecedor com CNPJ suspeito
181,160552,Danrlei De Deus Hinterholz,PSD,RS,Comunicação,Telefonia,0,Sem indício cadastral crítico,FOUND,ATIVA,4,27,7586.61,19321.830435,18898.364290143905,-0.621,Comportamento esperado
331,220611,General Pazuello,PL,RJ,Viagens,Passagem Aérea - Rpa,0,Sem indício cadastral crítico,FOUND,ATIVA,1,1,1572.37,24365.871064,36425.48190750471,-0.6258,Comportamento esperado
145,204376,Coronel Armando,PL,SC,Outros,Manutenção De Escritório De Apoio À Atividade Parlamentar,0,Sem indício cadastral crítico,FOUND,ATIVA,5,36,51682.41,70964.571200,106769.4367602354,-0.1806,Comportamento esperado
532,220648,Marangoni,PODE,SP,Comunicação,Telefonia,0,Sem indício cadastral crítico,FOUND,ATIVA,4,54,11969.45,19889.940211,25751.500071775903,-0.3076,Comportamento esperado
524,204547,Léo Motta,REPUBLICANOS,MG,Alimentação,Fornecimento De Alimentação Do Parlamentar,0,Sem indício cadastral crítico,FOUND,ATIVA,81,138,6477.11,3421.773553,6721.942950865462,0.4545,Comportamento esperado
534,146788,Marcelo Aro,PP,MG,Comunicação,Telefonia,0,Sem indício cadastral crítico,FOUND,ATIVA,1,21,8884.32,15607.667083,19082.29985422686,-0.3523,Comportamento esperado
213,220602,Dimas Gadelha,PT,RJ,Viagens,Passagem Aérea - Sigepa,,,,,0,144,201053.66,213577.740357,175550.75566941444,-0.0713,Comportamento esperado
270,161550,Emidinho Madeira,PL,MG,Viagens,Passagem Aérea - Rpa,0,Sem indício cadastral crítico,FOUND,ATIVA,1,39,60893.83,40253.940526,63478.97879162227,0.3251,Comportamento esperado
428,204472,José Medeiros,PL,MT,Comunicação,Telefonia,0,Sem indício cadastral crítico,FOUND,ATIVA,4,86,34957.32,6682.953571,8863.976852355925,3.1898,Anomalia financeira extrema
635,73692,Osmar Terra,MDB,RS,Viagens,Passagem Aérea - Reembolso,0,Sem indício cadastral crítico,FOUND,ATIVA,1,1,2633.23,7846.026333,10735.105702213965,-0.4856,Comportamento esperado
253,178977,Eduardo Cury,PSDB,SP,Publicidade,Assinatura De Publicações,0,Sem indício cadastral crítico,FOUND,ATIVA,4,5,1275.53,3369.241333,3418.330377283657,-0.6125,Comportamento esperado
132,204490,Charlles Evangelista,PP,MG,Viagens,Passagem Aérea - Rpa,0,Sem indício cadastral crítico,FOUND,ATIVA,3,84,128306.49,40253.940526,63478.97879162227,1.3871,Comportamento esperado
811,73808,Sérgio Brito,PSD,BA,Combustível,Combustíveis E Lubrificantes.,1,Situação cadastral não ativa: SUSPENSA,FOUND,SUSPENSA,1,1,200.00,76280.976842,110667.4963849575,-0.6875,Fornecedor com CNPJ suspeito
300,204445,Fernando Mineiro,PT,RN,Viagens,Passagem Aérea - Reembolso,0,Sem indício cadastral crítico,FOUND,ATIVA,3,4,9679.77,3706.697143,4352.996359037126,1.3722,Comportamento esperado
649,204553,Pastor Sargento Isidório,AVANTE,BA,Combustível,Combustíveis E Lubrificantes.,0,Sem indício cadastral crítico,FOUND,ATIVA,61,214,215269.38,76280.976842,110667.4963849575,1.2559,Comportamento esperado
612,204449,Nelson Barbudo,PODE,MT,Combustível,Combustíveis E Lubrificantes.,0,Sem indício cadastral crítico,FOUND,ATIVA,107,286,81353.50,34330.305532,57340.29977264771,0.8201,Comportamento esperado
462,162067,Kiko Celeguim,PT,SP,Comunicação,Telefonia,0,Sem indício cadastral crítico,FOUND,ATIVA,1,36,3051.33,19889.940211,25751.500071775903,-0.6539,Comportamento esperado
157,204499,Cássio Andrade,PSB,PA,Serviços profissionais,"Consultorias, Pesquisas E Trabalhos Técnicos.",0,Sem indício cadastral crítico,FOUND,ATIVA,1,5,120000.00,71687.224615,51239.3397316542,0.9429,Comportamento esperado
624,178986,Nilto Tatto,PT,SP,Publicidade,Divulgação Da Atividade Parlamentar.,1,Situação cadastral não ativa: BAIXADA,FOUND,BAIXADA,1,18,6918.17,243741.226243,313657.1515008437,-0.755,Fornecedor com CNPJ suspeito
634,73463,Osmar Serraglio,PP,PR,Outros,Serviços Postais,0,Sem indício cadastral crítico,FOUND,ATIVA,2,3,256.50,2362.262000,4411.055170390342,-0.4774,Comportamento esperado
298,220656,Fernanda Pessoa,PSD,CE,Outros,Manutenção De Escritório De Apoio À Atividade Parlamentar,1,Situação cadastral não ativa: BAIXADA,FOUND,BAIXADA,1,3,1257.50,68348.775082,105244.60317209057,-0.6375,Fornecedor com CNPJ suspeito
10,141372,Aelton Freitas,PP,MG,Outros,Manutenção De Escritório De Apoio À Atividade Parlamentar,0,Sem indício cadastral crítico,FOUND,ATIVA,6,20,4397.79,123562.947566,162703.54342443834,-0.7324,Comportamento esperado
581,220607,Max Lemos,PDT,RJ,Combustível,Combustíveis E Lubrificantes.,1,Situação cadastral não ativa: BAIXADA,FOUND,BAIXADA,1,1,259.10,44023.319398,62812.667137756165,-0.6967,Fornecedor com CNPJ suspeito
704,160641,Professora Marcivania,PCDOB,AP,Viagens,Passagem Aérea - Reembolso,0,Sem indício cadastral crítico,FOUND,ATIVA,1,2,4060.30,8586.811250,7146.613846186054,-0.6334,Comportamento esperado
423,74141,Josias Gomes,PT,BA,Publicidade,Divulgação Da Atividade Parlamentar.,1,Situação cadastral não ativa: BAIXADA,FOUND,BAIXADA,1,34,224000.00,317318.910361,328157.1355142384,-0.2844,Fornecedor com CNPJ suspeito
813,178947,Sóstenes Cavalcante,PL,RJ,Locomoção,Locação Ou Fretamento De Veículos Automotores,0,Sem indício cadastral crítico,FOUND,ATIVA,5,83,488337.27,162239.394390,163272.60476613723,1.9973,Comportamento esperado
712,74084,Raimundo Santos,PSD,PA,Outros,Manutenção De Escritório De Apoio À Atividade Parlamentar,0,Documento não consultado por não ser CNPJ,NOT_APPLICABLE,,1,38,270362.82,42888.542571,70113.4772677672,3.2444,Anomalia financeira extrema
482,204405,Liziane Bayer,REPUBLICANOS,RS,Publicidade,Assinatura De Publicações,0,Sem indício cadastral crítico,FOUND,ATIVA,1,11,298.90,4387.790000,5356.19612339018,-0.7634,Comportamento esperado
442,204474,Juarez Costa,REPUBLICANOS,MT,Outros,Serviços Postais,0,Sem indício cadastral crítico,FOUND,ATIVA,1,1,123.30,523.455000,916.2006105469843,-0.4368,Comportamento esperado
256,141422,Efraim Filho,UNIÃO,PB,Outros,Manutenção De Escritório De Apoio À Atividade Parlamentar,1,Situação cadastral não ativa: BAIXADA,FOUND,BAIXADA,1,1,359.80,40088.436364,59072.75761932022,-0.6725,Fornecedor com CNPJ suspeito
797,204360,Silvia Cristina,PP,RO,Hotéis,"Hospedagem ,exceto Do Parlamentar No Distrito Federal.",0,Sem indício cadastral crítico,FOUND,ATIVA,39,88,27018.76,15598.613913,18502.405565050612,0.6172,Comportamento esperado
704,160641,Professora Marcivania,PCDOB,AP,Viagens,Passagem Aérea - Sigepa,,,,,0,65,101312.44,180390.483889,137999.8120825282,-0.573,Comportamento esperado
461,220677,Keniston Braga,MDB,PA,Comunicação,Telefonia,0,Sem indício cadastral crítico,FOUND,ATIVA,2,28,16012.21,14410.800000,15329.862478744984,0.1045,Comportamento esperado
142,141408,Cleber Verde,REPUBLICANOS,MA,Viagens,Passagem Aérea - Sigepa,,,,,0,93,126378.89,132207.227045,122458.5508602934,-0.0476,Comportamento esperado
438,74550,João Leão,PP,BA,Alimentação,Fornecimento De Alimentação Do Parlamentar,0,Sem indício cadastral crítico,FOUND,ATIVA,18,29,2542.65,5334.958511,10548.888785765435,-0.2647,Comportamento esperado
8,204528,Adriana Ventura,NOVO,SP,Viagens,Passagem Aérea - Sigepa,,,,,0,270,118346.33,185430.171967,136227.76556134285,-0.4924,Comportamento esperado
648,220615,Pastor Henrique Vieira,PSOL,RJ,Publicidade,Assinatura De Publicações,0,Sem indício cadastral crítico,FOUND,ATIVA,5,9,7234.51,4317.763846,4399.037924691675,0.663,Comportamento esperado
844,141553,Vanderlei Macris,PSDB,SP,Publicidade,Divulgação Da Atividade Parlamentar.,0,Sem indício cadastral crítico,FOUND,ATIVA,10,28,130599.40,243741.226243,313657.1515008437,-0.3607,Comportamento esperado
461,220677,Keniston Braga,MDB,PA,Hotéis,"Hospedagem ,exceto Do Parlamentar No Distrito Federal.",1,Situação cadastral não ativa: BAIXADA,FOUND,BAIXADA,1,2,450.00,12723.705217,19811.362899516178,-0.6195,Fornecedor com CNPJ suspeito
372,204444,Helio Lopes,PL,RJ,Alimentação,Fornecimento De Alimentação Do Parlamentar,0,Sem indício cadastral crítico,FOUND,ATIVA,7,103,7741.19,5314.154545,11413.915891543053,0.2126,Comportamento esperado
569,220572,Marussa Boldrin,REPUBLICANOS,GO,Publicidade,Divulgação Da Atividade Parlamentar.,1,Situação cadastral não ativa: BAIXADA,FOUND,BAIXADA,3,13,97000.00,294423.402917,352090.0693215526,-0.5607,Fornecedor com CNPJ suspeito
53,178831,André Abdon,PP,AP,Outros,Manutenção De Escritório De Apoio À Atividade Parlamentar,0,Documento não consultado por não ser CNPJ,NOT_APPLICABLE,,1,12,42000.00,30123.933200,30290.240248736845,0.3921,Comportamento esperado
648,220615,Pastor Henrique Vieira,PSOL,RJ,Publicidade,Divulgação Da Atividade Parlamentar.,0,Sem indício cadastral crítico,FOUND,ATIVA,13,62,614800.40,226781.355120,259582.44863584734,1.4948,Comportamento esperado
466,98057,Lafayette De Andrada,REPUBLICANOS,MG,Comunicação,Telefonia,0,Sem indício cadastral crítico,FOUND,ATIVA,4,35,13252.67,15607.667083,19082.29985422686,-0.1234,Comportamento esperado
212,160599,Dimas Fabiano,PP,MG,Outros,Manutenção De Escritório De Apoio À Atividade Parlamentar,0,Sem indício cadastral crítico,FOUND,ATIVA,7,88,67837.89,123562.947566,162703.54342443834,-0.3425,Comportamento esperado
239,204434,Dra. Vanda Milani,PROS,AC,Hotéis,"Hospedagem ,exceto Do Parlamentar No Distrito Federal.",0,Sem indício cadastral crítico,FOUND,ATIVA,2,2,720.00,11165.562105,15437.148423150342,-0.6767,Comportamento esperado
432,204555,José Ricardo,PT,AM,Outros,"Serviço De Táxi, Pedágio E Estacionamento",1,Situação cadastral não ativa: BAIXADA,FOUND,BAIXADA,2,6,191.28,227.265000,277.6426341540506,-0.1296,Fornecedor com CNPJ suspeito
810,204535,Sâmia Bomfim,PSOL,SP,Viagens,Passagem Aérea - Reembolso,0,Sem indício cadastral crítico,FOUND,ATIVA,1,1,4157.04,9758.571000,11443.414965885137,-0.4895,Comportamento esperado
652,74160,Patrus Ananias,PT,MG,Combustível,Combustíveis E Lubrificantes.,0,Sem indício cadastral crítico,FOUND,ATIVA,206,1242,236717.59,65306.104375,92314.0005265802,1.8568,Comportamento esperado
738,220693,Roberta Roma,PL,BA,Outros,Manutenção De Escritório De Apoio À Atividade Parlamentar,0,Sem indício cadastral crítico,FOUND,ATIVA,5,103,143652.77,98257.521290,134321.8726415135,0.338,Comportamento esperado
602,81055,Márcio Jerry,PCDOB,MA,Publicidade,Divulgação Da Atividade Parlamentar.,1,Situação cadastral não ativa: BAIXADA,FOUND,BAIXADA,4,12,37240.00,299945.123175,386285.4495039867,-0.6801,Fornecedor com CNPJ suspeito
818,220682,Tadeu Veneri,PT,PR,Hotéis,"Hospedagem ,exceto Do Parlamentar No Distrito Federal.",0,Sem indício cadastral crítico,FOUND,ATIVA,57,181,48946.80,18419.328649,34024.43115299299,0.8972,Comportamento esperado
293,204398,Felipe Francischini,UNIÃO,PR,Outros,Manutenção De Escritório De Apoio À Atividade Parlamentar,0,Sem indício cadastral crítico,FOUND,ATIVA,3,8,1927.79,86193.122500,116860.66498214444,-0.7211,Comportamento esperado
835,157130,Túlio Gadêlha,PSD,PE,Outros,Manutenção De Escritório De Apoio À Atividade Parlamentar,0,Sem indício cadastral crítico,FOUND,ATIVA,16,310,521612.98,90785.734524,140277.34198893898,3.0713,Anomalia financeira extrema
865,74044,Wilson Santiago,REPUBLICANOS,PB,Viagens,Passagem Aérea - Reembolso,0,Sem indício cadastral crítico,FOUND,ATIVA,4,71,133500.23,14118.253125,32577.997530279183,3.6645,Anomalia financeira extrema
635,73692,Osmar Terra,PL,RS,Combustível,Combustíveis E Lubrificantes.,0,Sem indício cadastral crítico,FOUND,ATIVA,284,770,155068.17,60520.148547,97388.05968907535,0.9708,Comportamento esperado
98,210989,Bruno Farias,REPUBLICANOS,MG,Outros,"Passagens Terrestres, Marítimas Ou Fluviais",0,Sem indício cadastral crítico,FOUND,ATIVA,4,89,27347.51,3858.240000,6358.142634643256,3.6944,Anomalia financeira extrema
359,204531,Guilherme Derrite,PL,SP,Alimentação,Fornecimento De Alimentação Do Parlamentar,0,Sem indício cadastral crítico,FOUND,ATIVA,27,33,1522.56,3366.001170,5609.697337170304,-0.3286,Comportamento esperado
146,220594,Coronel Assis,PL,MT,Viagens,Passagem Aérea - Sigepa,,,,,0,175,203175.16,116334.207895,92091.32039496631,0.943,Comportamento esperado
847,204396,Vermelho,PL,PR,Alimentação,Fornecimento De Alimentação Do Parlamentar,0,Sem indício cadastral crítico,FOUND,ATIVA,11,19,1424.16,4173.948542,8441.04850518495,-0.3258,Comportamento esperado
732,204362,Ricardo Guidi,PSD,SC,Outros,Manutenção De Escritório De Apoio À Atividade Parlamentar,0,Sem indício cadastral crítico,FOUND,ATIVA,10,62,44993.58,70964.571200,106769.4367602354,-0.2432,Comportamento esperado
475,122195,Leonardo Gadelha,PSC,PB,Combustível,Combustíveis E Lubrificantes.,0,Sem indício cadastral crítico,FOUND,ATIVA,9,16,4850.66,61582.608974,85760.8839439169,-0.6615,Comportamento esperado
385,204373,Hélio Costa,PSD,SC,Locomoção,Locação Ou Fretamento De Veículos Automotores,0,Sem indício cadastral crítico,FOUND,ATIVA,2,35,111140.50,154711.621212,151032.92349497412,-0.2885,Comportamento esperado
574,220550,Mauricio Marcon,PL,RS,Locomoção,Locação Ou Fretamento De Veículos Automotores,0,Sem indício cadastral crítico,FOUND,ATIVA,8,48,286560.55,182736.733051,177547.8783363845,0.5848,Comportamento esperado
196,220701,Delegado Matheus Laiola,UNIÃO,PR,Outros,Manutenção De Escritório De Apoio À Atividade Parlamentar,0,Sem indício cadastral crítico,FOUND,ATIVA,5,41,244421.59,86193.122500,116860.66498214444,1.354,Comportamento esperado
378,204539,Hercílio Coelho Diniz,MDB,MG,Locomoção,Locação Ou Fretamento De Veículos Automotores,0,Sem indício cadastral crítico,FOUND,ATIVA,4,12,78700.71,199358.988889,190617.58878325575,-0.633,Comportamento esperado
483,204382,Loester Trutis,PL,MS,Locomoção,Locação Ou Fretamento De Veículos Automotores,0,Sem indício cadastral crítico,FOUND,ATIVA,3,13,71303.00,208841.042857,176263.8077260953,-0.7803,Comportamento esperado
667,74574,Paulo Magalhães,PSD,BA,Comunicação,Telefonia,0,Sem indício cadastral crítico,FOUND,ATIVA,8,223,40426.59,23153.030698,23468.568952979214,0.736,Comportamento esperado
312,204392,Francisco Jr.,PSD,GO,Outros,Manutenção De Escritório De Apoio À Atividade Parlamentar,0,Sem indício cadastral crítico,FOUND,ATIVA,7,51,23380.98,100447.486545,162486.21407041358,-0.4743,Comportamento esperado
348,178996,Giovani Feltes,MDB,RS,Outros,"Serviço De Táxi, Pedágio E Estacionamento",0,Sem indício cadastral crítico,FOUND,ATIVA,1,2,12.80,10192.084923,16137.89190584743,-0.6308,Comportamento esperado
368,204548,Heitor Freire,UNIÃO,CE,Serviços profissionais,"Consultorias, Pesquisas E Trabalhos Técnicos.",0,Sem indício cadastral crítico,FOUND,ATIVA,6,23,262053.03,67459.660000,60466.2251856053,3.2182,Anomalia financeira extrema
453,178886,Juscelino Filho,PSDB,MA,Outros,Manutenção De Escritório De Apoio À Atividade Parlamentar,0,Sem indício cadastral crítico,FOUND,ATIVA,1,3,1633.00,64195.130784,109861.24089764054,-0.5695,Comportamento esperado
309,160598,Flávia Morais,PDT,GO,Serviços profissionais,"Consultorias, Pesquisas E Trabalhos Técnicos.",0,Sem indício cadastral crítico,FOUND,ATIVA,1,8,96400.00,99247.891538,60067.72576039702,-0.0474,Comportamento esperado
256,141422,Efraim Filho,UNIÃO,PB,Publicidade,Divulgação Da Atividade Parlamentar.,1,Situação cadastral não ativa: INAPTA,FOUND,INAPTA,2,6,5547.00,324815.111538,407718.48875224456,-0.7831,Fornecedor com CNPJ suspeito
390,204508,Igor Timo,UNIÃO,MG,Viagens,Passagem Aérea - Reembolso,0,Sem indício cadastral crítico,FOUND,ATIVA,1,1,564.90,7020.191961,10297.188894597206,-0.6269,Comportamento esperado
542,160161,Marcelo Queiroz,PSDB,RJ,Outros,"Serviço De Táxi, Pedágio E Estacionamento",0,Sem indício cadastral crítico,FOUND,ATIVA,1,12,4086.62,8455.730411,14321.838989715481,-0.3051,Comportamento esperado
736,213274,Ricardo Silva,PSD,SP,Alimentação,Fornecimento De Alimentação Do Parlamentar,1,Situação cadastral não ativa: INAPTA,FOUND,INAPTA,1,6,143.00,3366.001170,5609.697337170304,-0.5745,Fornecedor com CNPJ suspeito
140,220665,Clarissa Tércio,PP,PE,Comunicação,Telefonia,0,Sem indício cadastral crítico,FOUND,ATIVA,1,32,9846.56,10941.974167,12252.099914667077,-0.0894,Comportamento esperado
566,220655,Mario Frias,PL,SP,Combustível,Combustíveis E Lubrificantes.,0,Sem indício cadastral crítico,FOUND,ATIVA,130,553,145110.17,42192.750821,64034.19773844777,1.6072,Comportamento esperado
717,220606,Reimont,PT,RJ,Combustível,Combustíveis E Lubrificantes.,0,Sem indício cadastral crítico,FOUND,ATIVA,52,171,32469.94,44023.319398,62812.667137756165,-0.1839,Comportamento esperado
84,204358,Beto Pereira,REPUBLICANOS,MS,Publicidade,Divulgação Da Atividade Parlamentar.,0,Sem indício cadastral crítico,FOUND,ATIVA,10,97,836817.20,244824.753226,352025.1744174792,1.6817,Comportamento esperado
166,74467,Damião Feliciano,UNIÃO,PB,Publicidade,Divulgação Da Atividade Parlamentar.,0,Sem indício cadastral crítico,FOUND,ATIVA,4,54,1045991.30,324815.111538,407718.48875224456,1.7688,Comportamento esperado
345,220526,Gilvan Da Federal,PL,ES,Viagens,Passagem Aérea - Sigepa,,,,,0,218,213643.79,159760.155882,99464.81207952778,0.5417,Comportamento esperado
13,178835,Afonso Motta,PDT,RS,Alimentação,Fornecimento De Alimentação Do Parlamentar,1,Erro na consulta pública de CNPJ,ERROR,,1,24,3764.46,7368.085075,13657.337051272762,-0.2639,Fornecedor com CNPJ suspeito
804,104552,Socorro Neri,PP,AC,Combustível,Combustíveis E Lubrificantes.,0,Sem indício cadastral crítico,FOUND,ATIVA,48,216,133359.68,74559.202308,89345.09325877228,0.6581,Comportamento esperado
141,74537,Claudio Cajado,PP,BA,Alimentação,Fornecimento De Alimentação Do Parlamentar,0,Sem indício cadastral crítico,FOUND,ATIVA,85,357,22886.57,5334.958511,10548.888785765435,1.6638,Comportamento esperado
857,215044,Vivi Reis,PSOL,PA,Viagens,Passagem Aérea - Sigepa,,,,,0,117,176392.56,266111.307931,195578.09309190325,-0.4587,Comportamento esperado
536,204433,Marcelo Calero,PSD,RJ,Alimentação,Fornecimento De Alimentação Do Parlamentar,1,Erro na consulta pública de CNPJ,ERROR,,1,8,2594.70,5314.154545,11413.915891543053,-0.2383,Fornecedor com CNPJ suspeito
522,141480,Lázaro Botelho,PP,TO,Viagens,Passagem Aérea - Sigepa,,,,,0,169,186058.73,76378.544118,54414.42672468753,2.0156,Possível anomalia financeira
304,220545,Filipe Martins,PL,TO,Hotéis,"Hospedagem ,exceto Do Parlamentar No Distrito Federal.",0,Sem indício cadastral crítico,FOUND,ATIVA,22,43,23525.23,12387.293158,19170.891927221925,0.581,Comportamento esperado
255,220589,Eduardo Velloso,SOLIDARIEDADE,AC,Locomoção,Locação Ou Fretamento De Veículos Automotores,0,Sem indício cadastral crítico,FOUND,ATIVA,5,55,222296.38,136825.250667,132327.06516765346,0.6459,Comportamento esperado
715,74161,Reginaldo Lopes,PT,MG,Comunicação,Telefonia,0,Sem indício cadastral crítico,FOUND,ATIVA,2,35,14723.30,15607.667083,19082.29985422686,-0.0463,Comportamento esperado
151,222142,Coronel Telhada,PP,SP,Publicidade,Divulgação Da Atividade Parlamentar.,0,Sem indício cadastral crítico,FOUND,ATIVA,8,46,453984.60,243741.226243,313657.1515008437,0.6703,Comportamento esperado
378,204539,Hercílio Coelho Diniz,MDB,MG,Hotéis,"Hospedagem ,exceto Do Parlamentar No Distrito Federal.",0,Sem indício cadastral crítico,FOUND,ATIVA,26,57,28303.57,17018.453084,26330.369533202334,0.4286,Comportamento esperado
119,74262,Carlos Sampaio,PSDB,SP,Locomoção,Locação Ou Fretamento De Veículos Automotores,0,Sem indício cadastral crítico,FOUND,ATIVA,1,12,54206.56,147254.510948,139673.23431152088,-0.6662,Comportamento esperado
185,220659,Dayany Bittencourt,UNIÃO,CE,Locomoção,Locação Ou Fretamento De Veículos Automotores,0,Sem indício cadastral crítico,FOUND,ATIVA,2,44,200802.00,139651.247778,143531.8586124825,0.426,Comportamento esperado
881,74090,Átila Lins,PSD,AM,Comunicação,Telefonia,0,Sem indício cadastral crítico,FOUND,ATIVA,1,93,85230.06,25580.348889,29955.895435557606,1.9913,Comportamento esperado
226,204518,Dr. Frederico,PATRIOTA,MG,Publicidade,Divulgação Da Atividade Parlamentar.,1,Situação cadastral não ativa: BAIXADA,FOUND,BAIXADA,4,16,16800.00,194891.353020,276881.75990132586,-0.6432,Fornecedor com CNPJ suspeito
358,220639,Guilherme Boulos,PSOL,SP,Outros,Manutenção De Escritório De Apoio À Atividade Parlamentar,0,Sem indício cadastral crítico,FOUND,ATIVA,4,66,55250.82,98538.487659,143509.98800071477,-0.3016,Comportamento esperado
112,213762,Carla Dickson,PL,RN,Viagens,Passagem Aérea - Sigepa,,,,,0,22,40714.22,162797.373750,139730.51949096413,-0.8737,Comportamento esperado
241,220686,Duarte Jr.,AVANTE,MA,Locomoção,Locação Ou Fretamento De Veículos Automotores,0,Sem indício cadastral crítico,FOUND,ATIVA,1,34,408000.00,122090.952683,112418.39663710551,2.5433,Possível anomalia financeira
482,204405,Liziane Bayer,REPUBLICANOS,RS,Combustível,Combustíveis E Lubrificantes.,0,Sem indício cadastral crítico,FOUND,ATIVA,66,100,25238.90,60520.148547,97388.05968907535,-0.3623,Comportamento esperado
867,74439,Wolney Queiroz,PDT,PE,Locomoção,Locação Ou Fretamento De Veículos Automotores,0,Sem indício cadastral crítico,FOUND,ATIVA,1,10,60000.00,220869.240392,185976.71020526288,-0.865,Comportamento esperado
158,206018,Célia Xakriabá,PSOL,MG,Outros,Serviço De Segurança Prestado Por Empresa Especializada.,0,Sem indício cadastral crítico,FOUND,ATIVA,1,5,2605.00,6910.803333,5568.322882362166,-0.7733,Comportamento esperado
879,220558,Zé Trovão,PL,SC,Outros,"Serviço De Táxi, Pedágio E Estacionamento",0,Sem indício cadastral crítico,FOUND,ATIVA,4,39,8491.87,2658.067742,3431.982973130558,1.6998,Comportamento esperado
264,220008,Eliza Virgínia,PP,PB,Hotéis,"Hospedagem ,exceto Do Parlamentar No Distrito Federal.",0,Sem indício cadastral crítico,FOUND,ATIVA,4,4,1322.00,9643.162222,20671.000404330745,-0.4026,Comportamento esperado
490,204404,Lucas Redecker,PSDB,RS,Combustível,Combustíveis E Lubrificantes.,1,Situação cadastral não ativa: BAIXADA,FOUND,BAIXADA,4,4,829.01,60520.148547,97388.05968907535,-0.6129,Fornecedor com CNPJ suspeito
576,204486,Mauro Benevides Filho,PDT,CE,Viagens,Passagem Aérea - Rpa,0,Sem indício cadastral crítico,FOUND,ATIVA,2,5,8384.35,32586.001200,51600.505956913454,-0.469,Comportamento esperado
704,160641,Professora Marcivania,PCDOB,AP,Outros,Manutenção De Escritório De Apoio À Atividade Parlamentar,0,Sem indício cadastral crítico,FOUND,ATIVA,1,1,680.00,30123.933200,30290.240248736845,-0.9721,Comportamento esperado
418,178857,Jorge Solla,PT,BA,Hotéis,"Hospedagem ,exceto Do Parlamentar No Distrito Federal.",1,Situação cadastral não ativa: BAIXADA,FOUND,BAIXADA,1,8,2102.50,14559.116889,26542.375379101115,-0.4693,Fornecedor com CNPJ suspeito
656,141516,Paulo Abi-ackel,PSDB,MG,Publicidade,Divulgação Da Atividade Parlamentar.,1,Situação cadastral não ativa: BAIXADA,FOUND,BAIXADA,2,12,31866.67,194891.353020,276881.75990132586,-0.5888,Fornecedor com CNPJ suspeito
479,74299,Leônidas Cristino,PDT,CE,Combustível,Combustíveis E Lubrificantes.,0,Sem indício cadastral crítico,FOUND,ATIVA,109,578,154528.74,41977.960833,76764.60304100714,1.4662,Comportamento esperado
106,220690,Capitão Alden,PL,BA,Combustível,Combustíveis E Lubrificantes.,0,Sem indício cadastral crítico,FOUND,ATIVA,129,299,74539.71,76280.976842,110667.4963849575,-0.0157,Comportamento esperado
104,204352,Camilo Capiberibe,PSB,AP,Combustível,Combustíveis E Lubrificantes.,0,Sem indício cadastral crítico,FOUND,ATIVA,11,55,32160.24,24571.047667,39205.554475113444,0.1936,Comportamento esperado
363,73460,Gustavo Fruet,PDT,PR,Publicidade,Divulgação Da Atividade Parlamentar.,0,Sem indício cadastral crítico,FOUND,ATIVA,4,23,305765.62,263664.052022,329972.5348930845,0.1276,Comportamento esperado
20,220538,Albuquerque,REPUBLICANOS,RR,Combustível,Combustíveis E Lubrificantes.,0,Sem indício cadastral crítico,FOUND,ATIVA,72,303,107536.21,70971.916364,102686.34049821323,0.3561,Comportamento esperado
324,160666,Félix Mendonça Júnior,PDT,BA,Viagens,Passagem Aérea - Rpa,0,Sem indício cadastral crítico,FOUND,ATIVA,2,147,117596.65,31763.658913,54219.86604798766,1.5831,Comportamento esperado
560,74398,Maria Do Rosário,PT,RS,Comunicação,Telefonia,0,Sem indício cadastral crítico,FOUND,ATIVA,3,140,62918.96,19321.830435,18898.364290143905,2.3069,Possível anomalia financeira
270,161550,Emidinho Madeira,PL,MG,Publicidade,Divulgação Da Atividade Parlamentar.,0,Sem indício cadastral crítico,FOUND,ATIVA,50,492,712030.71,194891.353020,276881.75990132586,1.8677,Comportamento esperado
690,204524,Pinheirinho,PP,MG,Publicidade,Divulgação Da Atividade Parlamentar.,0,Sem indício cadastral crítico,FOUND,ATIVA,7,91,468632.49,194891.353020,276881.75990132586,0.9887,Comportamento esperado
807,178946,Soraya Santos,PL,RJ,Comunicação,Telefonia,0,Sem indício cadastral crítico,FOUND,ATIVA,2,65,68546.79,11897.719661,18918.17939394703,2.9944,Possível anomalia financeira
434,74366,João Campos,REPUBLICANOS,GO,Combustível,Combustíveis E Lubrificantes.,0,Sem indício cadastral crítico,FOUND,ATIVA,18,37,58356.48,65044.277593,95738.05404592726,-0.0699,Comportamento esperado
692,73486,Pompeo De Mattos,PDT,RS,Publicidade,Divulgação Da Atividade Parlamentar.,1,Situação cadastral não ativa: BAIXADA,FOUND,BAIXADA,6,59,470300.00,215724.063125,265101.600265673,0.9603,Fornecedor com CNPJ suspeito
543,204556,Marcelo Ramos,PSD,AM,Combustível,Combustíveis E Lubrificantes.,0,Sem indício cadastral crítico,FOUND,ATIVA,6,18,24075.13,27982.215263,36043.55549981074,-0.1084,Comportamento esperado
478,92102,Leur Lomanto Júnior,UNIÃO,BA,Viagens,Passagem Aérea - Rpa,0,Sem indício cadastral crítico,FOUND,ATIVA,1,9,7022.01,31763.658913,54219.86604798766,-0.4563,Comportamento esperado
322,220653,Fábio Teruel,MDB,SP,Locomoção,Locação Ou Fretamento De Veículos Automotores,0,Sem indício cadastral crítico,FOUND,ATIVA,4,56,332495.00,147254.510948,139673.23431152088,1.3262,Comportamento esperado
835,157130,Túlio Gadêlha,PSD,PE,Comunicação,Telefonia,0,Sem indício cadastral crítico,FOUND,ATIVA,4,189,34556.51,10941.974167,12252.099914667077,1.9274,Comportamento esperado
640,204573,Otto Alencar Filho,PSD,BA,Hotéis,"Hospedagem ,exceto Do Parlamentar No Distrito Federal.",0,Sem indício cadastral crítico,FOUND,ATIVA,8,14,8441.90,14559.116889,26542.375379101115,-0.2305,Comportamento esperado
701,160639,Professora Dorinha Seabra Rezende,UNIÃO,TO,Viagens,Passagem Aérea - Rpa,0,Sem indício cadastral crítico,FOUND,ATIVA,1,22,2533.90,21219.852500,34392.862425376974,-0.5433,Comportamento esperado
599,226410,Márcio Correa,MDB,GO,Publicidade,Divulgação Da Atividade Parlamentar.,0,Sem indício cadastral crítico,FOUND,ATIVA,2,5,127999.90,294423.402917,352090.0693215526,-0.4727,Comportamento esperado
49,220556,Ana Paula Lima,PT,SC,Outros,"Passagens Terrestres, Marítimas Ou Fluviais",0,Sem indício cadastral crítico,FOUND,ATIVA,3,8,890.03,472.404167,456.3108967371486,0.9152,Comportamento esperado
276,220645,Erika Hilton,PSOL,SP,Combustível,Combustíveis E Lubrificantes.,1,CNPJ não encontrado na API pública,NOT_FOUND,,1,1,100.00,42192.750821,64034.19773844777,-0.6573,Fornecedor com CNPJ suspeito
828,219568,Tiago Andrino,PSB,TO,Combustível,Combustíveis E Lubrificantes.,0,Sem indício cadastral crítico,FOUND,ATIVA,13,22,10041.00,73777.441071,109277.9364585353,-0.5833,Comportamento esperado
77,69871,Bacelar,PV,BA,Publicidade,Divulgação Da Atividade Parlamentar.,0,Sem indício cadastral crítico,FOUND,ATIVA,12,63,664963.09,317318.910361,328157.1355142384,1.0594,Comportamento esperado
332,204484,General Peternelli,UNIÃO,SP,Outros,Serviço De Segurança Prestado Por Empresa Especializada.,1,Situação cadastral não ativa: INAPTA,FOUND,INAPTA,1,12,3600.00,57471.443333,111341.01915358497,-0.4838,Fornecedor com CNPJ suspeito
684,229259,Pedro Tourinho,PT,SP,Publicidade,Divulgação Da Atividade Parlamentar.,1,Situação cadastral não ativa: BAIXADA,FOUND,BAIXADA,1,1,13500.00,243741.226243,313657.1515008437,-0.7341,Fornecedor com CNPJ suspeito
359,204531,Guilherme Derrite,PL,SP,Publicidade,Assinatura De Publicações,0,Sem indício cadastral crítico,FOUND,ATIVA,1,1,503.97,3369.241333,3418.330377283657,-0.8382,Comportamento esperado
258,154919,Eleuses Paiva,PSD,SP,Locomoção,Locação Ou Fretamento De Veículos Automotores,0,Sem indício cadastral crítico,FOUND,ATIVA,1,2,9953.52,147254.510948,139673.23431152088,-0.983,Comportamento esperado
711,204567,Raimundo Costa,PODE,BA,Combustível,Combustíveis E Lubrificantes.,1,Situação cadastral não ativa: BAIXADA,FOUND,BAIXADA,3,27,8516.52,76280.976842,110667.4963849575,-0.6123,Fornecedor com CNPJ suspeito
716,221378,Reginete Bispo,PT,RS,Alimentação,Fornecimento De Alimentação Do Parlamentar,1,Situação cadastral não ativa: BAIXADA,FOUND,BAIXADA,3,3,121.60,7368.085075,13657.337051272762,-0.5306,Fornecedor com CNPJ suspeito
763,204525,Rosana Valle,PL,SP,Publicidade,Divulgação Da Atividade Parlamentar.,1,Situação cadastral não ativa: BAIXADA,FOUND,BAIXADA,2,8,16154.20,243741.226243,313657.1515008437,-0.7256,Fornecedor com CNPJ suspeito
417,214694,Jorge Goetten,REPUBLICANOS,SC,Viagens,Passagem Aérea - Reembolso,1,Erro na consulta pública de CNPJ,ERROR,,1,1,3821.49,9023.088750,8047.509872572903,-0.6464,Fornecedor com CNPJ suspeito
763,204525,Rosana Valle,PL,SP,Viagens,Passagem Aérea - Sigepa,,,,,0,189,235772.64,185430.171967,136227.76556134285,0.3695,Comportamento esperado
365,204408,Gustinho Ribeiro,REPUBLICANOS,SE,Viagens,Passagem Aérea - Rpa,0,Sem indício cadastral crítico,FOUND,ATIVA,1,15,15984.11,13988.180000,15171.00483116322,0.1316,Comportamento esperado
333,204527,Geninho Zuliani,UNIÃO,SP,Viagens,Passagem Aérea - Rpa,0,Sem indício cadastral crítico,FOUND,ATIVA,3,60,57659.75,24943.515352,36157.13967829913,0.9048,Comportamento esperado
716,221378,Reginete Bispo,PT,RS,Publicidade,Divulgação Da Atividade Parlamentar.,0,Sem indício cadastral crítico,FOUND,ATIVA,23,91,350334.61,215724.063125,265101.600265673,0.5078,Comportamento esperado
807,178946,Soraya Santos,PL,RJ,Publicidade,Divulgação Da Atividade Parlamentar.,0,Sem indício cadastral crítico,FOUND,ATIVA,9,53,494011.00,226781.355120,259582.44863584734,1.0295,Comportamento esperado
394,204436,Isnaldo Bulhões Jr.,MDB,AL,Comunicação,Telefonia,0,Sem indício cadastral crítico,FOUND,ATIVA,2,34,7502.99,4087.430000,3910.7833872298947,0.8734,Comportamento esperado
63,220638,Antonio Carlos Rodrigues,PL,SP,Comunicação,Telefonia,0,Sem indício cadastral crítico,FOUND,ATIVA,1,37,17867.50,19889.940211,25751.500071775903,-0.0785,Comportamento esperado
813,178947,Sóstenes Cavalcante,PL,RJ,Outros,"Serviço De Táxi, Pedágio E Estacionamento",0,Sem indício cadastral crítico,FOUND,ATIVA,15,130,12940.20,8455.730411,14321.838989715481,0.3131,Comportamento esperado
540,133810,Marcelo Moraes,PL,RS,Locomoção,Locação Ou Fretamento De Veículos Automotores,0,Sem indício cadastral crítico,FOUND,ATIVA,5,88,450615.87,182736.733051,177547.8783363845,1.5088,Comportamento esperado
275,220663,Eriberto Medeiros,PSB,PE,Viagens,Passagem Aérea - Sigepa,,,,,0,159,186447.52,221741.150682,163177.94412569836,-0.2163,Comportamento esperado
466,98057,Lafayette De Andrada,REPUBLICANOS,MG,Outros,Manutenção De Escritório De Apoio À Atividade Parlamentar,0,Sem indício cadastral crítico,FOUND,ATIVA,15,133,176393.24,123562.947566,162703.54342443834,0.3247,Comportamento esperado
369,178964,Heitor Schuch,PSD,RS,Alimentação,Fornecimento De Alimentação Do Parlamentar,1,Erro na consulta pública de CNPJ,ERROR,,1,34,4636.75,7368.085075,13657.337051272762,-0.2,Fornecedor com CNPJ suspeito
671,141488,Paulo Teixeira,PT,SP,Outros,Manutenção De Escritório De Apoio À Atividade Parlamentar,0,Sem indício cadastral crítico,FOUND,ATIVA,5,57,40158.48,98538.487659,143509.98800071477,-0.4068,Comportamento esperado
835,157130,Túlio Gadêlha,REDE,PE,Viagens,Passagem Aérea - Sigepa,,,,,0,84,101231.46,221741.150682,163177.94412569836,-0.7385,Comportamento esperado
429,204391,José Nelto,PP,GO,Outros,Manutenção De Escritório De Apoio À Atividade Parlamentar,0,Sem indício cadastral crítico,FOUND,ATIVA,1,9,4050.00,100447.486545,162486.21407041358,-0.5933,Comportamento esperado
18,73579,Alberto Fraga,PL,DF,Publicidade,Divulgação Da Atividade Parlamentar.,0,Sem indício cadastral crítico,FOUND,ATIVA,8,65,1106200.00,274983.723704,375023.4293293225,2.2164,Possível anomalia financeira
452,204574,Junior Lourenço,MDB,MA,Outros,Serviço De Segurança Prestado Por Empresa Especializada.,0,Sem indício cadastral crítico,FOUND,ATIVA,1,22,185867.00,53298.125000,58691.938342592795,2.2587,Possível anomalia financeira
423,74141,Josias Gomes,PT,BA,Outros,Manutenção De Escritório De Apoio À Atividade Parlamentar,0,Documento não consultado por não ser CNPJ,NOT_APPLICABLE,,1,42,154047.57,98257.521290,134321.8726415135,0.4153,Comportamento esperado
823,204466,Tereza Nelma,PSD,AL,Publicidade,Divulgação Da Atividade Parlamentar.,1,Situação cadastral não ativa: BAIXADA,FOUND,BAIXADA,2,3,16860.00,358459.172381,402499.84210100886,-0.8487,Fornecedor com CNPJ suspeito
255,220589,Eduardo Velloso,SOLIDARIEDADE,AC,Viagens,Passagem Aérea - Reembolso,1,Erro na consulta pública de CNPJ,ERROR,,1,4,10579.69,9056.415455,5089.4459464667925,0.2993,Fornecedor com CNPJ suspeito
79,220605,Bandeira De Mello,PV,RJ,Outros,Manutenção De Escritório De Apoio À Atividade Parlamentar,0,Sem indício cadastral crítico,FOUND,ATIVA,9,149,302023.21,80988.593819,134414.71100556676,1.6444,Comportamento esperado
436,230957,João Cury,MDB,SP,Viagens,Passagem Aérea - Sigepa,,,,,0,37,34236.82,185430.171967,136227.76556134285,-1.1099,Comportamento esperado
579,220609,Maurício Carvalho,UNIÃO,RO,Comunicação,Telefonia,0,Sem indício cadastral crítico,FOUND,ATIVA,1,38,44573.46,15683.564000,17340.40119270922,1.666,Comportamento esperado
57,133439,André Figueiredo,PDT,CE,Hotéis,"Hospedagem ,exceto Do Parlamentar No Distrito Federal.",0,Sem indício cadastral crítico,FOUND,ATIVA,13,77,18673.68,14861.399063,17345.750222182687,0.2198,Comportamento esperado
180,62881,Danilo Forte,PP,CE,Hotéis,"Hospedagem ,exceto Do Parlamentar No Distrito Federal.",0,Sem indício cadastral crítico,FOUND,ATIVA,27,72,69603.21,14861.399063,17345.750222182687,3.1559,Anomalia financeira extrema
152,220590,Coronel Ulysses,UNIÃO,AC,Hotéis,"Hospedagem ,exceto Do Parlamentar No Distrito Federal.",0,Sem indício cadastral crítico,FOUND,ATIVA,17,37,27208.19,11165.562105,15437.148423150342,1.0392,Comportamento esperado
178,220557,Daniela Reinehr,PL,SC,Combustível,Combustíveis E Lubrificantes.,1,Situação cadastral não ativa: BAIXADA,FOUND,BAIXADA,5,12,2716.51,63943.250339,85631.6159933909,-0.715,Fornecedor com CNPJ suspeito
250,204541,Eduardo Bismarck,PV,CE,Combustível,Combustíveis E Lubrificantes.,1,Situação cadastral não ativa: BAIXADA,FOUND,BAIXADA,2,2,591.67,41977.960833,76764.60304100714,-0.5391,Fornecedor com CNPJ suspeito
84,204358,Beto Pereira,PSDB,MS,Viagens,Passagem Aérea - Rpa,0,Sem indício cadastral crítico,FOUND,ATIVA,1,4,2117.70,17942.155000,19044.285855017733,-0.8309,Comportamento esperado
455,74317,Júlio Cesar,PSD,PI,Serviços profissionais,"Consultorias, Pesquisas E Trabalhos Técnicos.",0,Sem indício cadastral crítico,FOUND,ATIVA,1,8,52000.00,59954.545455,42245.387053176906,-0.1883,Comportamento esperado
523,204359,Léo Moraes,PODE,RO,Combustível,Combustíveis E Lubrificantes.,1,Situação cadastral não ativa: BAIXADA,FOUND,BAIXADA,2,2,829.62,64922.175357,86632.41303886044,-0.7398,Fornecedor com CNPJ suspeito
648,220615,Pastor Henrique Vieira,PSOL,RJ,Outros,Manutenção De Escritório De Apoio À Atividade Parlamentar,1,Erro na consulta pública de CNPJ,ERROR,,1,1,680.99,80988.593819,134414.71100556676,-0.5975,Fornecedor com CNPJ suspeito
473,178825,Leo De Brito,PT,AC,Outros,Manutenção De Escritório De Apoio À Atividade Parlamentar,1,Situação cadastral não ativa: BAIXADA,FOUND,BAIXADA,1,10,55590.00,29735.132000,50394.769544197494,0.513,Fornecedor com CNPJ suspeito
533,156190,Marcel Van Hattem,NOVO,RS,Outros,"Serviço De Táxi, Pedágio E Estacionamento",0,Documento não consultado por não ser CNPJ,NOT_APPLICABLE,,2,2,117.60,10192.084923,16137.89190584743,-0.6243,Comportamento esperado
785,220618,Sargento Portugal,PODE,RJ,Outros,"Serviço De Táxi, Pedágio E Estacionamento",0,Sem indício cadastral crítico,FOUND,ATIVA,5,28,1185.11,8455.730411,14321.838989715481,-0.5077,Comportamento esperado
638,204441,Otoni De Paula,PSD,RJ,Combustível,Combustíveis E Lubrificantes.,0,Sem indício cadastral crítico,FOUND,ATIVA,86,653,166050.65,44023.319398,62812.667137756165,1.9427,Comportamento esperado
476,74156,Leonardo Monteiro,PT,MG,Comunicação,Telefonia,0,Sem indício cadastral crítico,FOUND,ATIVA,4,203,15391.55,15607.667083,19082.29985422686,-0.0113,Comportamento esperado
63,220638,Antonio Carlos Rodrigues,PL,SP,Outros,Manutenção De Escritório De Apoio À Atividade Parlamentar,0,Sem indício cadastral crítico,FOUND,ATIVA,8,53,38062.20,98538.487659,143509.98800071477,-0.4214,Comportamento esperado
728,220543,Ricardo Ayres,REPUBLICANOS,TO,Viagens,Passagem Aérea - Sigepa,,,,,0,179,191511.69,76378.544118,54414.42672468753,2.1159,Possível anomalia financeira
706,220586,Rafael Brito,MDB,AL,Outros,"Serviço De Táxi, Pedágio E Estacionamento",1,Erro na consulta pública de CNPJ,ERROR,,1,5,580.51,1936.338000,1628.915374572909,-0.8324,Fornecedor com CNPJ suspeito
183,205548,David Miranda,PDT,RJ,Viagens,Passagem Aérea - Sigepa,,,,,0,60,82798.08,213577.740357,175550.75566941444,-0.745,Comportamento esperado
852,141555,Vinicius Carvalho,PL,SP,Publicidade,Divulgação Da Atividade Parlamentar.,0,Sem indício cadastral crítico,FOUND,ATIVA,20,89,185511.41,243741.226243,313657.1515008437,-0.1856,Comportamento esperado
309,160598,Flávia Morais,PDT,GO,Outros,Manutenção De Escritório De Apoio À Atividade Parlamentar,0,Documento não consultado por não ser CNPJ,NOT_APPLICABLE,,1,12,46000.00,100447.486545,162486.21407041358,-0.3351,Comportamento esperado
99,220635,Bruno Ganem,PODE,SP,Publicidade,Divulgação Da Atividade Parlamentar.,0,Sem indício cadastral crítico,FOUND,ATIVA,1,34,932212.30,243741.226243,313657.1515008437,2.195,Possível anomalia financeira
850,178888,Victor Mendes,MDB,MA,Viagens,Passagem Aérea - Reembolso,0,Sem indício cadastral crítico,FOUND,ATIVA,2,11,13357.34,10441.916667,13512.988376850404,0.2157,Comportamento esperado
60,73696,Angela Amin,PP,SC,Outros,Manutenção De Escritório De Apoio À Atividade Parlamentar,0,Sem indício cadastral crítico,FOUND,ATIVA,11,87,68846.53,70964.571200,106769.4367602354,-0.0198,Comportamento esperado
430,160619,José Nunes,PSD,BA,Outros,Manutenção De Escritório De Apoio À Atividade Parlamentar,0,Sem indício cadastral crítico,FOUND,ATIVA,5,22,22793.51,98257.521290,134321.8726415135,-0.5618,Comportamento esperado
10,141372,Aelton Freitas,PP,MG,Viagens,Passagem Aérea - Sigepa,,,,,0,11,11458.27,195216.599630,167832.49260588933,-1.0949,Comportamento esperado
825,220560,Thiago De Joaldo,REPUBLICANOS,SE,Hotéis,"Hospedagem ,exceto Do Parlamentar No Distrito Federal.",0,Sem indício cadastral crítico,FOUND,ATIVA,4,5,3648.60,13543.401111,21569.307793305772,-0.4587,Comportamento esperado
716,221378,Reginete Bispo,PT,RS,Alimentação,Fornecimento De Alimentação Do Parlamentar,0,Sem indício cadastral crítico,FOUND,ATIVA,48,75,4437.76,7368.085075,13657.337051272762,-0.2146,Comportamento esperado
800,204425,Silvio Costa Filho,REPUBLICANOS,PE,Publicidade,Divulgação Da Atividade Parlamentar.,0,Sem indício cadastral crítico,FOUND,ATIVA,2,21,119650.00,241972.708182,301628.5621101344,-0.4055,Comportamento esperado
549,219585,Marco Brasil,PP,PR,Alimentação,Fornecimento De Alimentação Do Parlamentar,0,Sem indício cadastral crítico,FOUND,ATIVA,22,43,3356.73,4173.948542,8441.04850518495,-0.0968,Comportamento esperado
342,74270,Gilberto Nascimento,PODE,SP,Combustível,Combustíveis E Lubrificantes.,0,Sem indício cadastral crítico,FOUND,ATIVA,7,79,217055.31,42192.750821,64034.19773844777,2.7308,Possível anomalia financeira
171,220582,Daniel Barbosa,PP,AL,Hotéis,"Hospedagem ,exceto Do Parlamentar No Distrito Federal.",0,Sem indício cadastral crítico,FOUND,ATIVA,9,20,28109.61,10355.987000,9952.54062426837,1.7838,Comportamento esperado
238,81297,Dra. Soraya Manato,PTB,ES,Viagens,Passagem Aérea - Sigepa,,,,,0,43,58355.81,159760.155882,99464.81207952778,-1.0195,Comportamento esperado
495,74478,Luciano Bivar,MDB,PE,Alimentação,Fornecimento De Alimentação Do Parlamentar,0,Sem indício cadastral crítico,FOUND,ATIVA,5,8,1267.24,3487.092941,8073.709935566787,-0.2749,Comportamento esperado
174,228941,Daniel José,PODE,SP,Viagens,Passagem Aérea - Sigepa,,,,,0,44,46414.69,185430.171967,136227.76556134285,-1.0205,Comportamento esperado
10,141372,Aelton Freitas,PP,MG,Outros,Manutenção De Escritório De Apoio À Atividade Parlamentar,0,Documento não consultado por não ser CNPJ,NOT_APPLICABLE,,1,10,11000.00,123562.947566,162703.54342443834,-0.6918,Comportamento esperado
339,74383,Giacobo,PSD,PR,Locomoção,Locação Ou Fretamento De Aeronaves,0,Sem indício cadastral crítico,FOUND,ATIVA,2,7,82100.00,93050.000000,15485.63850798539,-0.7071,Comportamento esperado
267,218086,Ely Santos,REPUBLICANOS,SP,Outros,"Serviço De Táxi, Pedágio E Estacionamento",0,Sem indício cadastral crítico,FOUND,ATIVA,1,15,6373.33,11967.060840,16796.655097373645,-0.333,Comportamento esperado
313,204510,Franco Cartafina,PP,MG,Publicidade,Divulgação Da Atividade Parlamentar.,0,Sem indício cadastral crítico,FOUND,ATIVA,23,56,81808.46,194891.353020,276881.75990132586,-0.4084,Comportamento esperado
516,162332,Luiz Nishimori,PSD,PR,Viagens,Passagem Aérea - Rpa,0,Sem indício cadastral crítico,FOUND,ATIVA,3,315,258158.84,26722.504474,58025.433845182,3.9885,Anomalia financeira extrema
602,81055,Márcio Jerry,PCDOB,MA,Outros,"Serviço De Táxi, Pedágio E Estacionamento",1,Situação cadastral não ativa: BAIXADA,FOUND,BAIXADA,1,61,780.87,3095.474615,4475.3830763031065,-0.5172,Fornecedor com CNPJ suspeito
347,160673,Giovani Cherini,PL,RS,Viagens,Passagem Aérea - Sigepa,,,,,0,136,160497.99,223297.576531,126627.95953182003,-0.4959,Comportamento esperado
371,220537,Helena Lima,PSD,RR,Publicidade,Divulgação Da Atividade Parlamentar.,1,Situação cadastral não ativa: BAIXADA,FOUND,BAIXADA,7,58,322132.00,302008.159333,364968.0243701814,0.0551,Fornecedor com CNPJ suspeito
158,206018,Célia Xakriabá,PSOL,MG,Combustível,Combustíveis E Lubrificantes.,0,Sem indício cadastral crítico,FOUND,ATIVA,181,401,184550.44,65306.104375,92314.0005265802,1.2917,Comportamento esperado
236,220674,Dra. Alessandra Haber,PODE,PA,Outros,Manutenção De Escritório De Apoio À Atividade Parlamentar,0,Sem indício cadastral crítico,FOUND,ATIVA,2,34,23492.70,42888.542571,70113.4772677672,-0.2766,Comportamento esperado
22,204413,Alcides Rodrigues,PATRIOTA,GO,Outros,Manutenção De Escritório De Apoio À Atividade Parlamentar,0,Sem indício cadastral crítico,FOUND,ATIVA,5,26,82820.87,100447.486545,162486.21407041358,-0.1085,Comportamento esperado
42,178881,Aluisio Mendes,REPUBLICANOS,MA,Viagens,Passagem Aérea - Sigepa,,,,,0,344,398501.90,132207.227045,122458.5508602934,2.1746,Possível anomalia financeira
266,178854,Elmar Nascimento,UNIÃO,BA,Alimentação,Fornecimento De Alimentação Do Parlamentar,0,Sem indício cadastral crítico,FOUND,ATIVA,1,3,428.93,5334.958511,10548.888785765435,-0.4651,Comportamento esperado
700,204565,Professora Dayane Pimentel,UNIÃO,BA,Combustível,Combustíveis E Lubrificantes.,0,Sem indício cadastral crítico,FOUND,ATIVA,22,57,18345.15,76280.976842,110667.4963849575,-0.5235,Comportamento esperado
527,166402,Magda Mofatto,PL,GO,Locomoção,Locação Ou Fretamento De Veículos Automotores,0,Sem indício cadastral crítico,FOUND,ATIVA,2,30,174283.33,189142.637500,142661.57624064668,-0.1042,Comportamento esperado
686,178844,Pedro Vilela,PSDB,AL,Serviços profissionais,"Consultorias, Pesquisas E Trabalhos Técnicos.",0,Sem indício cadastral crítico,FOUND,ATIVA,3,16,217000.00,120762.828571,125631.35489202412,0.766,Comportamento esperado
274,204537,Enrico Misasi,MDB,SP,Outros,"Passagens Terrestres, Marítimas Ou Fluviais",0,Sem indício cadastral crítico,FOUND,ATIVA,1,1,351.99,996.486667,1138.3419633085512,-0.5662,Comportamento esperado
381,178884,Hildo Rocha,MDB,MA,Hotéis,"Hospedagem ,exceto Do Parlamentar No Distrito Federal.",0,Sem indício cadastral crítico,FOUND,ATIVA,24,94,77146.28,16546.215714,24945.906621691578,2.4293,Possível anomalia financeira
197,204569,Delegado Pablo,UNIÃO,AM,Publicidade,Divulgação Da Atividade Parlamentar.,0,Sem indício cadastral crítico,FOUND,ATIVA,3,3,4455.00,309286.770000,323174.1425425514,-0.9432,Comportamento esperado
718,205865,Reinhold Stephanes,PSD,PR,Comunicação,Telefonia,0,Sem indício cadastral crítico,FOUND,ATIVA,2,4,996.33,10984.091277,13121.60062975809,-0.7612,Comportamento esperado
556,178943,Marcos Soares,UNIÃO,RJ,Combustível,Combustíveis E Lubrificantes.,1,Situação cadastral não ativa: BAIXADA,FOUND,BAIXADA,1,1,322.79,44023.319398,62812.667137756165,-0.6957,Fornecedor com CNPJ suspeito
466,98057,Lafayette De Andrada,PL,MG,Comunicação,Telefonia,0,Sem indício cadastral crítico,FOUND,ATIVA,3,66,36591.96,15607.667083,19082.29985422686,1.0997,Comportamento esperado
551,160535,Marcon,PT,RS,Outros,Serviços Postais,0,Sem indício cadastral crítico,FOUND,ATIVA,1,3,200.70,862.238182,1333.8726370935917,-0.496,Comportamento esperado
84,204358,Beto Pereira,REPUBLICANOS,MS,Outros,Serviço De Segurança Prestado Por Empresa Especializada.,0,Sem indício cadastral crítico,FOUND,ATIVA,1,34,10878.38,13983.610000,12361.52440764892,-0.2512,Comportamento esperado
520,204418,Luizão Goulart,SOLIDARIEDADE,PR,Outros,Manutenção De Escritório De Apoio À Atividade Parlamentar,0,Documento não consultado por não ser CNPJ,NOT_APPLICABLE,,1,12,66000.00,86193.122500,116860.66498214444,-0.1728,Comportamento esperado
295,227370,Felipe Saliba,PRD,MG,Viagens,Passagem Aérea - Sigepa,,,,,0,20,16805.28,195216.599630,167832.49260588933,-1.063,Comportamento esperado
665,233592,Paulo Lemos,PT,AP,Combustível,Combustíveis E Lubrificantes.,0,Sem indício cadastral crítico,FOUND,ATIVA,4,11,4518.78,24571.047667,39205.554475113444,-0.5115,Comportamento esperado
797,204360,Silvia Cristina,PP,RO,Viagens,Passagem Aérea - Reembolso,0,Sem indício cadastral crítico,FOUND,ATIVA,2,2,6977.28,7101.265556,5024.360135719054,-0.0247,Comportamento esperado
12,136811,Afonso Hamm,PP,RS,Outros,"Serviço De Táxi, Pedágio E Estacionamento",0,Documento não consultado por não ser CNPJ,NOT_APPLICABLE,,1,22,1707.00,10192.084923,16137.89190584743,-0.5258,Comportamento esperado
546,221147,Marcia Scherer,MDB,RS,Alimentação,Fornecimento De Alimentação Do Parlamentar,0,Sem indício cadastral crítico,FOUND,ATIVA,5,11,548.54,7368.085075,13657.337051272762,-0.4993,Comportamento esperado
394,204436,Isnaldo Bulhões Jr.,MDB,AL,Combustível,Combustíveis E Lubrificantes.,1,Situação cadastral não ativa: INAPTA,FOUND,INAPTA,1,1,150.00,41184.340741,54405.12179897842,-0.7542,Fornecedor com CNPJ suspeito
796,74356,Silas Câmara,REPUBLICANOS,AM,Viagens,Passagem Aérea - Reembolso,0,Sem indício cadastral crítico,FOUND,ATIVA,3,9,35783.10,38248.147500,44487.57276603875,-0.0554,Comportamento esperado
674,220630,Pedro Aihara,PP,MG,Alimentação,Fornecimento De Alimentação Do Parlamentar,0,Sem indício cadastral crítico,FOUND,ATIVA,160,289,19939.96,3421.773553,6721.942950865462,2.4574,Possível anomalia financeira
372,204444,Helio Lopes,PL,RJ,Outros,"Serviço De Táxi, Pedágio E Estacionamento",0,Sem indício cadastral crítico,FOUND,ATIVA,20,159,3695.64,8455.730411,14321.838989715481,-0.3324,Comportamento esperado
797,204360,Silvia Cristina,PP,RO,Combustível,Combustíveis E Lubrificantes.,0,Sem indício cadastral crítico,FOUND,ATIVA,68,659,216369.33,64922.175357,86632.41303886044,1.7482,Comportamento esperado
834,178934,Toninho Wandscheer,PP,PR,Combustível,Combustíveis E Lubrificantes.,0,Sem indício cadastral crítico,FOUND,ATIVA,72,251,92143.18,57944.345500,82353.4495793919,0.4153,Comportamento esperado
519,178866,Luizianne Lins,REDE,CE,Viagens,Passagem Aérea - Sigepa,,,,,0,217,284114.30,190828.457826,170630.5409255439,0.5467,Comportamento esperado
193,220649,Delegado Da Cunha,UNIÃO,SP,Locomoção,Locação Ou Fretamento De Veículos Automotores,0,Sem indício cadastral crítico,FOUND,ATIVA,5,53,189216.25,147254.510948,139673.23431152088,0.3004,Comportamento esperado
348,178996,Giovani Feltes,MDB,RS,Serviços profissionais,"Consultorias, Pesquisas E Trabalhos Técnicos.",0,Sem indício cadastral crítico,FOUND,ATIVA,2,3,22000.00,39996.666667,35707.577110401064,-0.504,Comportamento esperado
674,220630,Pedro Aihara,PP,MG,Outros,Manutenção De Escritório De Apoio À Atividade Parlamentar,0,Sem indício cadastral crítico,FOUND,ATIVA,25,174,442627.36,123562.947566,162703.54342443834,1.961,Comportamento esperado
204,204542,Denis Bezerra,PSB,CE,Publicidade,Divulgação Da Atividade Parlamentar.,1,Situação cadastral não ativa: INAPTA,FOUND,INAPTA,2,9,44000.00,263931.285395,366906.3702021798,-0.5994,Fornecedor com CNPJ suspeito
496,178931,Luciano Ducci,PSB,PR,Combustível,Combustíveis E Lubrificantes.,1,Situação cadastral não ativa: BAIXADA,FOUND,BAIXADA,6,91,17860.75,57944.345500,82353.4495793919,-0.4867,Fornecedor com CNPJ suspeito
143,88256,Clodoaldo Magalhães,PV,PE,Viagens,Passagem Aérea - Sigepa,,,,,0,139,177759.35,221741.150682,163177.94412569836,-0.2695,Comportamento esperado
735,220633,Ricardo Salles,NOVO,SP,Hotéis,"Hospedagem ,exceto Do Parlamentar No Distrito Federal.",0,Sem indício cadastral crítico,FOUND,ATIVA,11,12,7088.02,10014.789189,11435.329101648113,-0.2559,Comportamento esperado
741,220588,Roberto Duarte,REPUBLICANOS,AC,Outros,Manutenção De Escritório De Apoio À Atividade Parlamentar,1,Situação cadastral não ativa: BAIXADA,FOUND,BAIXADA,1,10,3071.40,29735.132000,50394.769544197494,-0.5291,Fornecedor com CNPJ suspeito
312,204392,Francisco Jr.,PSD,GO,Viagens,Passagem Aérea - Sigepa,,,,,0,3,3678.17,12997.291429,13545.423262596489,-0.688,Comportamento esperado
655,220627,Paulinho Freire,UNIÃO,RN,Publicidade,Divulgação Da Atividade Parlamentar.,0,Sem indício cadastral crítico,FOUND,ATIVA,9,35,242520.00,246483.533462,299233.5953313259,-0.0132,Comportamento esperado
301,92699,Fernando Monteiro,PP,PE,Viagens,Passagem Aérea - Sigepa,,,,,0,132,164402.62,221741.150682,163177.94412569836,-0.3514,Comportamento esperado
692,73486,Pompeo De Mattos,PDT,RS,Hotéis,"Hospedagem ,exceto Do Parlamentar No Distrito Federal.",1,Erro na consulta pública de CNPJ,ERROR,,1,8,5214.91,21826.986437,35658.661568585754,-0.4659,Fornecedor com CNPJ suspeito
26,204571,Alex Santana,REPUBLICANOS,BA,Outros,Manutenção De Escritório De Apoio À Atividade Parlamentar,0,Sem indício cadastral crítico,FOUND,ATIVA,2,8,1952.61,98257.521290,134321.8726415135,-0.717,Comportamento esperado
209,178929,Diego Garcia,UNIÃO,PR,Viagens,Passagem Aérea - Rpa,0,Sem indício cadastral crítico,FOUND,ATIVA,3,4,4758.75,26722.504474,58025.433845182,-0.3785,Comportamento esperado
703,221338,Professora Luciene Cavalcante,PSOL,SP,Hotéis,"Hospedagem ,exceto Do Parlamentar No Distrito Federal.",0,Sem indício cadastral crítico,FOUND,ATIVA,16,28,19089.80,10014.789189,11435.329101648113,0.7936,Comportamento esperado
703,221338,Professora Luciene Cavalcante,PSOL,SP,Outros,Manutenção De Escritório De Apoio À Atividade Parlamentar,0,Sem indício cadastral crítico,FOUND,ATIVA,5,39,152804.31,98538.487659,143509.98800071477,0.3781,Comportamento esperado
556,178943,Marcos Soares,PSDB,RJ,Locomoção,Locação Ou Fretamento De Veículos Automotores,1,Situação cadastral não ativa: BAIXADA,FOUND,BAIXADA,2,2,1060.84,162239.394390,163272.60476613723,-0.9872,Fornecedor com CNPJ suspeito
878,160632,Zé Silva,SOLIDARIEDADE,MG,Locomoção,Locação Ou Fretamento De Veículos Automotores,0,Sem indício cadastral crítico,FOUND,ATIVA,3,22,49850.35,199358.988889,190617.58878325575,-0.7843,Comportamento esperado
1,220593,Abilio Brunini,PL,MT,Outros,"Passagens Terrestres, Marítimas Ou Fluviais",0,Sem indício cadastral crítico,FOUND,ATIVA,2,2,498.00,342.182500,259.3180178165137,0.6009,Comportamento esperado
475,122195,Leonardo Gadelha,PODE,PB,Viagens,Passagem Aérea - Sigepa,,,,,0,5,4193.28,168235.151250,151254.20824234045,-1.0845,Comportamento esperado
237,230088,Dra. Mayra Pinheiro,PL,CE,Outros,Serviço De Segurança Prestado Por Empresa Especializada.,0,Sem indício cadastral crítico,FOUND,ATIVA,1,1,2000.00,24802.087143,26671.121457335783,-0.8549,Comportamento esperado
243,220623,Duda Salabert,PSOL,MG,Hotéis,"Hospedagem ,exceto Do Parlamentar No Distrito Federal.",0,Sem indício cadastral crítico,FOUND,ATIVA,12,13,12005.61,17018.453084,26330.369533202334,-0.1904,Comportamento esperado
635,73692,Osmar Terra,MDB,RS,Hotéis,"Hospedagem ,exceto Do Parlamentar No Distrito Federal.",1,Situação cadastral não ativa: BAIXADA,FOUND,BAIXADA,1,3,897.00,21826.986437,35658.661568585754,-0.587,Fornecedor com CNPJ suspeito
644,230762,Pastor Claudio Mariano,UNIÃO,PA,Comunicação,Telefonia,0,Sem indício cadastral crítico,FOUND,ATIVA,1,8,3885.36,14410.800000,15329.862478744984,-0.6866,Comportamento esperado
470,220600,Lebrão,UNIÃO,RO,Alimentação,Fornecimento De Alimentação Do Parlamentar,0,Sem indício cadastral crítico,FOUND,ATIVA,30,111,9024.61,3332.884500,5228.833199412531,1.0885,Comportamento esperado
90,204388,Bibo Nunes,PL,RS,Viagens,Passagem Aérea - Sigepa,,,,,0,298,248143.50,223297.576531,126627.95953182003,0.1962,Comportamento esperado
820,220598,Tarcísio Motta,PSOL,RJ,Outros,Manutenção De Escritório De Apoio À Atividade Parlamentar,0,Sem indício cadastral crítico,FOUND,ATIVA,10,251,319064.88,80988.593819,134414.71100556676,1.7712,Comportamento esperado
750,223128,Rodrigo Estacho,PSD,PR,Outros,"Passagens Terrestres, Marítimas Ou Fluviais",0,Sem indício cadastral crítico,FOUND,ATIVA,4,19,3171.07,1895.154815,2124.8795888027494,0.6005,Comportamento esperado
251,92346,Eduardo Bolsonaro,PL,SP,Combustível,Combustíveis E Lubrificantes.,1,Situação cadastral não ativa: BAIXADA,FOUND,BAIXADA,4,4,1002.14,42192.750821,64034.19773844777,-0.6433,Fornecedor com CNPJ suspeito
187,220565,Delegada Adriana Accorsi,PT,GO,Combustível,Combustíveis E Lubrificantes.,0,Sem indício cadastral crítico,FOUND,ATIVA,35,139,187147.37,65044.277593,95738.05404592726,1.2754,Comportamento esperado
451,204520,Junio Amaral,PL,MG,Outros,"Serviço De Táxi, Pedágio E Estacionamento",0,Sem indício cadastral crítico,FOUND,ATIVA,22,317,13545.99,5572.245385,10370.293242628488,0.7689,Comportamento esperado
701,160639,Professora Dorinha Seabra Rezende,UNIÃO,TO,Hotéis,"Hospedagem ,exceto Do Parlamentar No Distrito Federal.",0,Sem indício cadastral crítico,FOUND,ATIVA,1,2,607.75,12387.293158,19170.891927221925,-0.6144,Comportamento esperado
492,138286,Luciano Alves,PSD,PR,Hotéis,"Hospedagem ,exceto Do Parlamentar No Distrito Federal.",0,Sem indício cadastral crítico,FOUND,ATIVA,43,62,23399.53,18419.328649,34024.43115299299,0.1464,Comportamento esperado
210,73768,Dilceu Sperafico,PP,PR,Alimentação,Fornecimento De Alimentação Do Parlamentar,0,Sem indício cadastral crítico,FOUND,ATIVA,2,7,499.95,4173.948542,8441.04850518495,-0.4353,Comportamento esperado
426,141464,José Airton Félix Cirilo,PT,CE,Publicidade,Divulgação Da Atividade Parlamentar.,0,Sem indício cadastral crítico,FOUND,ATIVA,13,119,521943.58,263931.285395,366906.3702021798,0.7032,Comportamento esperado
163,141411,Dagoberto Nogueira,PSDB,MS,Comunicação,Telefonia,0,Sem indício cadastral crítico,FOUND,ATIVA,2,49,20997.98,12463.390000,16925.10623218233,0.5043,Comportamento esperado
485,196358,Lourival Gomes,PP,RJ,Comunicação,Telefonia,0,Sem indício cadastral crítico,FOUND,ATIVA,2,22,2513.29,11897.719661,18918.17939394703,-0.4961,Comportamento esperado
95,204551,Bosco Saraiva,SOLIDARIEDADE,AM,Publicidade,Divulgação Da Atividade Parlamentar.,0,Sem indício cadastral crítico,FOUND,ATIVA,3,9,57400.00,309286.770000,323174.1425425514,-0.7794,Comportamento esperado
4,204379,Acácio Favacho,MDB,AP,Locomoção,Locação Ou Fretamento De Veículos Automotores,0,Sem indício cadastral crítico,FOUND,ATIVA,4,40,338440.00,118873.802381,121389.286590239,1.8088,Comportamento esperado
235,204412,Dr. Zacharias Calil,MDB,GO,Alimentação,Fornecimento De Alimentação Do Parlamentar,1,Situação cadastral não ativa: BAIXADA,FOUND,BAIXADA,1,2,19.29,3293.239000,7032.529544734017,-0.4655,Fornecedor com CNPJ suspeito
766,204357,Rose Modesto,UNIÃO,MS,Comunicação,Telefonia,0,Sem indício cadastral crítico,FOUND,ATIVA,3,31,5651.82,12463.390000,16925.10623218233,-0.4025,Comportamento esperado
900,,,,NA,Combustível,Combustíveis E Lubrificantes.,1,Situação cadastral não ativa: BAIXADA,FOUND,BAIXADA,1,1,100.00,20989.039000,33381.70257372158,-0.6258,Fornecedor com CNPJ suspeito
777,178990,Samuel Moreira,PSDB,SP,Hotéis,"Hospedagem ,exceto Do Parlamentar No Distrito Federal.",0,Sem indício cadastral crítico,FOUND,ATIVA,13,48,9886.96,10014.789189,11435.329101648113,-0.0112,Comportamento esperado
381,178884,Hildo Rocha,MDB,MA,Serviços profissionais,"Consultorias, Pesquisas E Trabalhos Técnicos.",1,Situação cadastral não ativa: BAIXADA,FOUND,BAIXADA,2,3,51000.00,73247.500000,60193.25778602398,-0.3696,Fornecedor com CNPJ suspeito
55,220657,André Fernandes,PL,CE,Outros,Serviço De Segurança Prestado Por Empresa Especializada.,0,Sem indício cadastral crítico,FOUND,ATIVA,1,8,69600.00,24802.087143,26671.121457335783,1.6796,Comportamento esperado
257,74075,Elcione Barbalho,MDB,PA,Locomoção,Locação Ou Fretamento De Veículos Automotores,1,Situação cadastral não ativa: BAIXADA,FOUND,BAIXADA,1,1,5144.00,121907.551481,147158.0353457022,-0.7935,Fornecedor com CNPJ suspeito
367,204465,Haroldo Cathedral,PSD,RR,Combustível,Combustíveis E Lubrificantes.,0,Sem indício cadastral crítico,FOUND,ATIVA,4,20,5307.02,70971.916364,102686.34049821323,-0.6395,Comportamento esperado
834,178934,Toninho Wandscheer,PP,PR,Outros,"Passagens Terrestres, Marítimas Ou Fluviais",0,Sem indício cadastral crítico,FOUND,ATIVA,4,11,1323.86,1895.154815,2124.8795888027494,-0.2689,Comportamento esperado
849,137070,Vicentinho Júnior,PP,TO,Publicidade,Divulgação Da Atividade Parlamentar.,0,Sem indício cadastral crítico,FOUND,ATIVA,3,6,67000.00,260231.601071,329408.0872597135,-0.5866,Comportamento esperado
383,141450,Hugo Leal,PSD,RJ,Serviços profissionais,"Consultorias, Pesquisas E Trabalhos Técnicos.",1,Situação cadastral não ativa: BAIXADA,FOUND,BAIXADA,1,3,8419.35,51555.638000,51954.41216850247,-0.8303,Fornecedor com CNPJ suspeito
383,141450,Hugo Leal,PSD,RJ,Outros,"Serviço De Táxi, Pedágio E Estacionamento",0,Sem indício cadastral crítico,FOUND,ATIVA,9,159,17380.42,8455.730411,14321.838989715481,0.6232,Comportamento esperado
176,204409,Daniel Trzeciak,PSDB,RS,Combustível,Combustíveis E Lubrificantes.,0,Sem indício cadastral crítico,FOUND,ATIVA,241,714,370312.24,60520.148547,97388.05968907535,3.181,Anomalia financeira extrema
21,160559,Alceu Moreira,MDB,RS,Outros,Manutenção De Escritório De Apoio À Atividade Parlamentar,0,Sem indício cadastral crítico,FOUND,ATIVA,16,355,97837.47,109428.142500,149558.61424927576,-0.0775,Comportamento esperado
751,220641,Rodrigo Gambale,PODE,SP,Comunicação,Telefonia,0,Sem indício cadastral crítico,FOUND,ATIVA,1,10,1071.49,19889.940211,25751.500071775903,-0.7308,Comportamento esperado
158,206018,Célia Xakriabá,PSOL,MG,Outros,"Serviço De Táxi, Pedágio E Estacionamento",0,Sem indício cadastral crítico,FOUND,ATIVA,21,1230,26693.72,5572.245385,10370.293242628488,2.0367,Possível anomalia financeira
117,178993,Carlos Henrique Gaguim,UNIÃO,TO,Publicidade,Divulgação Da Atividade Parlamentar.,0,Sem indício cadastral crítico,FOUND,ATIVA,23,234,379399.99,260231.601071,329408.0872597135,0.3618,Comportamento esperado
386,178909,Hélio Leite,UNIÃO,PA,Viagens,Passagem Aérea - Sigepa,,,,,0,214,272005.80,266111.307931,195578.09309190325,0.0301,Comportamento esperado
366,204456,Gutemberg Reis,MDB,RJ,Viagens,Passagem Aérea - Rpa,0,Sem indício cadastral crítico,FOUND,ATIVA,2,13,31253.39,24365.871064,36425.48190750471,0.1891,Comportamento esperado
188,220625,Delegada Ione,AVANTE,MG,Outros,"Serviço De Táxi, Pedágio E Estacionamento",0,Sem indício cadastral crítico,FOUND,ATIVA,18,260,15655.57,5572.245385,10370.293242628488,0.9723,Comportamento esperado
505,204448,Luiz Antonio Corrêa,PP,RJ,Viagens,Passagem Aérea - Sigepa,,,,,0,68,98074.61,213577.740357,175550.75566941444,-0.6579,Comportamento esperado
455,74317,Júlio Cesar,PSD,PI,Combustível,Combustíveis E Lubrificantes.,0,Sem indício cadastral crítico,FOUND,ATIVA,5,43,256866.05,73929.545357,101552.42380940972,1.8014,Comportamento esperado
543,204556,Marcelo Ramos,PSD,AM,Hotéis,"Hospedagem ,exceto Do Parlamentar No Distrito Federal.",0,Sem indício cadastral crítico,FOUND,ATIVA,3,3,7622.68,3767.283750,3036.5104204941636,1.2697,Comportamento esperado
677,220667,Pedro Campos,PSB,PE,Comunicação,Telefonia,0,Sem indício cadastral crítico,FOUND,ATIVA,1,6,2079.95,10941.974167,12252.099914667077,-0.7233,Comportamento esperado
128,73441,Celso Russomanno,REPUBLICANOS,SP,Outros,"Serviço De Táxi, Pedágio E Estacionamento",0,Sem indício cadastral crítico,FOUND,ATIVA,1,24,21014.89,11967.060840,16796.655097373645,0.5387,Comportamento esperado
755,220695,Rogéria Santos,REPUBLICANOS,BA,Publicidade,Divulgação Da Atividade Parlamentar.,0,Sem indício cadastral crítico,FOUND,ATIVA,5,48,447504.35,317318.910361,328157.1355142384,0.3967,Comportamento esperado
146,220594,Coronel Assis,PL,MT,Outros,Manutenção De Escritório De Apoio À Atividade Parlamentar,0,Sem indício cadastral crítico,FOUND,ATIVA,8,70,29666.29,55063.669706,75019.05976556618,-0.3385,Comportamento esperado
683,122158,Pedro Paulo,PSD,RJ,Publicidade,Divulgação Da Atividade Parlamentar.,0,Sem indício cadastral crítico,FOUND,ATIVA,5,9,68958.53,226781.355120,259582.44863584734,-0.608,Comportamento esperado
899,,,,NA,Outros,Manutenção De Escritório De Apoio À Atividade Parlamentar,1,Situação cadastral não ativa: INAPTA,FOUND,INAPTA,1,12,5246.00,15500.143182,23430.81961523477,-0.4376,Fornecedor com CNPJ suspeito
154,220608,Cristiane Lopes,PODE,RO,Comunicação,Telefonia,0,Sem indício cadastral crítico,FOUND,ATIVA,5,77,19776.53,15683.564000,17340.40119270922,0.236,Comportamento esperado
393,98615,Ismael,PL,SC,Combustível,Combustíveis E Lubrificantes.,1,Situação cadastral não ativa: BAIXADA,FOUND,BAIXADA,2,2,493.67,63943.250339,85631.6159933909,-0.741,Fornecedor com CNPJ suspeito
208,220691,Diego Coronel,REPUBLICANOS,BA,Comunicação,Telefonia,0,Sem indício cadastral crítico,FOUND,ATIVA,4,68,9712.59,23153.030698,23468.568952979214,-0.5727,Comportamento esperado
833,220684,Tião Medeiros,PP,PR,Locomoção,Locação Ou Fretamento De Veículos Automotores,0,Sem indício cadastral crítico,FOUND,ATIVA,4,19,51505.00,113439.957419,130977.93601797776,-0.4729,Comportamento esperado
700,204565,Professora Dayane Pimentel,UNIÃO,BA,Comunicação,Telefonia,0,Sem indício cadastral crítico,FOUND,ATIVA,1,6,254.24,23153.030698,23468.568952979214,-0.9757,Comportamento esperado
569,220572,Marussa Boldrin,REPUBLICANOS,GO,Comunicação,Telefonia,0,Sem indício cadastral crítico,FOUND,ATIVA,1,5,851.20,16840.076000,26049.85234640615,-0.6138,Comportamento esperado
35,220576,Alfredo Gaspar,PL,AL,Combustível,Combustíveis E Lubrificantes.,1,Situação cadastral não ativa: BAIXADA,FOUND,BAIXADA,3,5,1201.95,41184.340741,54405.12179897842,-0.7349,Fornecedor com CNPJ suspeito
63,220638,Antonio Carlos Rodrigues,PL,SP,Outros,Manutenção De Escritório De Apoio À Atividade Parlamentar,0,Documento não consultado por não ser CNPJ,NOT_APPLICABLE,,1,10,20000.00,98538.487659,143509.98800071477,-0.5473,Comportamento esperado
108,178924,Capitão Fábio Abreu,PSD,PI,Comunicação,Telefonia,0,Sem indício cadastral crítico,FOUND,ATIVA,2,11,3430.98,15912.685455,14251.787111607697,-0.8758,Comportamento esperado
211,220671,Dilvanda Faro,PT,PA,Publicidade,Divulgação Da Atividade Parlamentar.,0,Sem indício cadastral crítico,FOUND,ATIVA,14,102,1177038.00,319971.475333,323849.5425991789,2.6465,Possível anomalia financeira
621,204479,Nicoletti,UNIÃO,RR,Comunicação,Telefonia,0,Sem indício cadastral crítico,FOUND,ATIVA,5,22,5615.83,7507.576000,8511.707827192691,-0.2223,Comportamento esperado
175,204454,Daniel Silveira,PTB,RJ,Viagens,Passagem Aérea - Rpa,0,Sem indício cadastral crítico,FOUND,ATIVA,3,135,219242.55,24365.871064,36425.48190750471,5.35,Anomalia financeira extrema
290,66828,Fausto Pinato,UNIÃO,SP,Viagens,Passagem Aérea - Sigepa,,,,,0,127,165811.34,185430.171967,136227.76556134285,-0.144,Comportamento esperado
577,74749,Mauro Lopes,PP,MG,Combustível,Combustíveis E Lubrificantes.,0,Sem indício cadastral crítico,FOUND,ATIVA,5,36,63896.48,65306.104375,92314.0005265802,-0.0153,Comportamento esperado
22,204413,Alcides Rodrigues,PATRIOTA,GO,Outros,"Serviço De Táxi, Pedágio E Estacionamento",0,Sem indício cadastral crítico,FOUND,ATIVA,8,113,1794.76,4054.328571,5832.390128543895,-0.3874,Comportamento esperado
476,74156,Leonardo Monteiro,PT,MG,Outros,Manutenção De Escritório De Apoio À Atividade Parlamentar,0,Sem indício cadastral crítico,FOUND,ATIVA,9,199,102779.36,123562.947566,162703.54342443834,-0.1277,Comportamento esperado
89,204374,Bia Kicis,PL,DF,Viagens,Passagem Aérea - Sigepa,,,,,0,25,28546.55,35467.657000,44918.944493537856,-0.1541,Comportamento esperado
129,204496,Celso Sabino,PDT,PA,Locomoção,Locação Ou Fretamento De Veículos Automotores,1,Situação cadastral não ativa: BAIXADA,FOUND,BAIXADA,1,1,609.06,121907.551481,147158.0353457022,-0.8243,Fornecedor com CNPJ suspeito
589,171786,Miguel Ângelo,PT,MG,Alimentação,Fornecimento De Alimentação Do Parlamentar,0,Sem indício cadastral crítico,FOUND,ATIVA,30,73,3738.43,3421.773553,6721.942950865462,0.0471,Comportamento esperado
462,162067,Kiko Celeguim,PT,SP,Locomoção,Locação Ou Fretamento De Veículos Automotores,0,Sem indício cadastral crítico,FOUND,ATIVA,3,75,335779.66,147254.510948,139673.23431152088,1.3498,Comportamento esperado
503,160510,Luis Tibé,AVANTE,MG,Outros,Manutenção De Escritório De Apoio À Atividade Parlamentar,0,Sem indício cadastral crítico,FOUND,ATIVA,4,126,113643.94,123562.947566,162703.54342443834,-0.061,Comportamento esperado
119,74262,Carlos Sampaio,PSDB,SP,Publicidade,Divulgação Da Atividade Parlamentar.,1,Situação cadastral não ativa: BAIXADA,FOUND,BAIXADA,1,9,113230.00,243741.226243,313657.1515008437,-0.4161,Fornecedor com CNPJ suspeito
653,74095,Pauderney Avelino,UNIÃO,AM,Hotéis,"Hospedagem ,exceto Do Parlamentar No Distrito Federal.",0,Sem indício cadastral crítico,FOUND,ATIVA,1,5,4199.00,3767.283750,3036.5104204941636,0.1422,Comportamento esperado
563,227275,Mariana Carvalho,REPUBLICANOS,MA,Combustível,Combustíveis E Lubrificantes.,0,Sem indício cadastral crítico,FOUND,ATIVA,13,26,4871.52,34895.172615,52384.05405357016,-0.5731,Comportamento esperado
303,204411,Filipe Barros,PL,PR,Outros,"Passagens Terrestres, Marítimas Ou Fluviais",0,Sem indício cadastral crítico,FOUND,ATIVA,5,11,3937.25,1895.154815,2124.8795888027494,0.961,Comportamento esperado
106,220690,Capitão Alden,PL,BA,Viagens,Passagem Aérea - Reembolso,0,Sem indício cadastral crítico,FOUND,ATIVA,1,2,2750.05,6722.195000,9392.208684505544,-0.4229,Comportamento esperado
37,178927,Aliel Machado,PV,PR,Combustível,Combustíveis E Lubrificantes.,1,Situação cadastral não ativa: BAIXADA,FOUND,BAIXADA,5,11,2238.33,57944.345500,82353.4495793919,-0.6764,Fornecedor com CNPJ suspeito
78,178975,Baleia Rossi,MDB,SP,Publicidade,Divulgação Da Atividade Parlamentar.,1,Situação cadastral não ativa: BAIXADA,FOUND,BAIXADA,1,9,18000.00,243741.226243,313657.1515008437,-0.7197,Fornecedor com CNPJ suspeito
841,141552,Valtenir Pereira,MDB,MT,Locomoção,Locação Ou Fretamento De Veículos Automotores,0,Sem indício cadastral crítico,FOUND,ATIVA,1,2,19800.00,134358.602609,119146.49353274485,-0.9615,Comportamento esperado
537,220599,Marcelo Crivella,REPUBLICANOS,RJ,Locomoção,Locação Ou Fretamento De Veículos Automotores,0,Sem indício cadastral crítico,FOUND,ATIVA,4,40,148410.55,162239.394390,163272.60476613723,-0.0847,Comportamento esperado
23,204501,Alencar Santana,PT,SP,Viagens,Passagem Aérea - Reembolso,0,Sem indício cadastral crítico,FOUND,ATIVA,2,3,7770.45,9758.571000,11443.414965885137,-0.1737,Comportamento esperado
499,178954,Lucio Mosquini,PL,RO,Comunicação,Telefonia,0,Sem indício cadastral crítico,FOUND,ATIVA,3,42,49614.18,15683.564000,17340.40119270922,1.9567,Comportamento esperado
85,220698,Beto Preto,PSD,PR,Viagens,Passagem Aérea - Reembolso,0,Sem indício cadastral crítico,FOUND,ATIVA,4,5,12663.28,17801.644063,39455.64199846602,-0.1302,Comportamento esperado
118,204460,Carlos Jordy,PL,RJ,Viagens,Passagem Aérea - Reembolso,0,Sem indício cadastral crítico,FOUND,ATIVA,1,1,1506.58,9840.865893,10669.362639943789,-0.7811,Comportamento esperado
618,229939,Newton Bonin,UNIÃO,PR,Locomoção,Locação Ou Fretamento De Veículos Automotores,0,Sem indício cadastral crítico,FOUND,ATIVA,1,4,21811.67,113439.957419,130977.93601797776,-0.6996,Comportamento esperado
543,204556,Marcelo Ramos,PSD,AM,Locomoção,Locação Ou Fretamento De Aeronaves,0,Sem indício cadastral crítico,FOUND,ATIVA,2,4,87790.30,399154.866667,405851.79112272314,-0.7672,Comportamento esperado
531,204471,Mara Rocha,MDB,AC,Locomoção,Locação Ou Fretamento De Veículos Automotores,0,Sem indício cadastral crítico,FOUND,ATIVA,1,13,72560.00,136825.250667,132327.06516765346,-0.4857,Comportamento esperado
394,204436,Isnaldo Bulhões Jr.,MDB,AL,Viagens,Passagem Aérea - Reembolso,0,Sem indício cadastral crítico,FOUND,ATIVA,3,3,9056.59,18884.774286,28705.906260652384,-0.3424,Comportamento esperado
788,178921,Sebastião Oliveira,AVANTE,PE,Combustível,Combustíveis E Lubrificantes.,0,Sem indício cadastral crítico,FOUND,ATIVA,90,195,51173.01,53506.291935,82942.380015203,-0.0281,Comportamento esperado
143,88256,Clodoaldo Magalhães,PV,PE,Publicidade,Divulgação Da Atividade Parlamentar.,0,Sem indício cadastral crítico,FOUND,ATIVA,21,62,846634.05,241972.708182,301628.5621101344,2.0047,Possível anomalia financeira
225,220688,Dr. Francisco,PT,PI,Viagens,Passagem Aérea - Sigepa,,,,,0,80,83503.59,155026.570000,94704.85142824263,-0.7552,Comportamento esperado
780,204416,Sanderson,PL,RS,Hotéis,"Hospedagem ,exceto Do Parlamentar No Distrito Federal.",0,Sem indício cadastral crítico,FOUND,ATIVA,87,351,161529.14,21826.986437,35658.661568585754,3.9178,Anomalia financeira extrema
895,,,,NA,Alimentação,Fornecimento De Alimentação Do Parlamentar,1,Situação cadastral não ativa: BAIXADA,FOUND,BAIXADA,1,73,90119.00,76824.316875,122514.48277202321,0.1085,Fornecedor com CNPJ suspeito
589,171786,Miguel Ângelo,PT,MG,Combustível,Combustíveis E Lubrificantes.,0,Sem indício cadastral crítico,FOUND,ATIVA,312,815,151417.33,65306.104375,92314.0005265802,0.9328,Comportamento esperado
526,139285,Lídice Da Mata,PSB,BA,Comunicação,Telefonia,0,Sem indício cadastral crítico,FOUND,ATIVA,2,129,70199.73,23153.030698,23468.568952979214,2.0047,Possível anomalia financeira
615,146307,Neri Geller,PP,MT,Outros,Manutenção De Escritório De Apoio À Atividade Parlamentar,0,Documento não consultado por não ser CNPJ,NOT_APPLICABLE,,1,12,45300.00,55063.669706,75019.05976556618,-0.1301,Comportamento esperado
150,204514,Coronel Tadeu,PL,SP,Viagens,Passagem Aérea - Sigepa,,,,,0,76,81601.68,185430.171967,136227.76556134285,-0.7622,Comportamento esperado
281,178871,Evair Vieira De Melo,REPUBLICANOS,ES,Outros,Manutenção De Escritório De Apoio À Atividade Parlamentar,0,Sem indício cadastral crítico,FOUND,ATIVA,9,76,37330.25,101936.796563,164857.25422120074,-0.3919,Comportamento esperado
743,220624,Robinson Faria,PP,RN,Locomoção,Locação Ou Fretamento De Veículos Automotores,0,Sem indício cadastral crítico,FOUND,ATIVA,2,44,330226.00,157542.546842,185025.17121572056,0.9333,Comportamento esperado
674,220630,Pedro Aihara,PP,MG,Locomoção,Locação Ou Fretamento De Veículos Automotores,0,Sem indício cadastral crítico,FOUND,ATIVA,5,47,313698.20,199358.988889,190617.58878325575,0.5998,Comportamento esperado
17,178836,Alan Rick,UNIÃO,AC,Serviços profissionais,"Consultorias, Pesquisas E Trabalhos Técnicos.",0,Sem indício cadastral crítico,FOUND,ATIVA,1,10,70616.67,77762.496250,58254.79744380198,-0.1227,Comportamento esperado
133,74171,Chico Alencar,PSOL,RJ,Viagens,Passagem Aérea - Reembolso,0,Sem indício cadastral crítico,FOUND,ATIVA,1,1,1907.97,9840.865893,10669.362639943789,-0.7435,Comportamento esperado
104,204352,Camilo Capiberibe,PSB,AP,Locomoção,Locação Ou Fretamento De Veículos Automotores,0,Sem indício cadastral crítico,FOUND,ATIVA,2,17,84580.49,118873.802381,121389.286590239,-0.2825,Comportamento esperado
739,152610,Roberto Alves,REPUBLICANOS,SP,Serviços profissionais,"Consultorias, Pesquisas E Trabalhos Técnicos.",0,Sem indício cadastral crítico,FOUND,ATIVA,1,9,45000.00,42478.291429,47664.49520078613,0.0529,Comportamento esperado
589,171786,Miguel Ângelo,PT,MG,Publicidade,Divulgação Da Atividade Parlamentar.,1,Situação cadastral não ativa: BAIXADA,FOUND,BAIXADA,1,13,135000.00,194891.353020,276881.75990132586,-0.2163,Fornecedor com CNPJ suspeito
401,74848,Jandira Feghali,PCDOB,RJ,Locomoção,Locação Ou Fretamento De Veículos Automotores,0,Sem indício cadastral crítico,FOUND,ATIVA,2,58,227413.00,162239.394390,163272.60476613723,0.3992,Comportamento esperado
147,204378,Coronel Chrisóstomo,PL,RO,Outros,Manutenção De Escritório De Apoio À Atividade Parlamentar,0,Documento não consultado por não ser CNPJ,NOT_APPLICABLE,,2,44,239179.90,40149.183103,63678.43736701476,3.1256,Anomalia financeira extrema
724,73801,Renildo Calheiros,PCDOB,PE,Locomoção,Locação Ou Fretamento De Veículos Automotores,0,Sem indício cadastral crítico,FOUND,ATIVA,2,71,511741.00,220869.240392,185976.71020526288,1.564,Comportamento esperado
451,204520,Junio Amaral,PL,MG,Outros,Serviços Postais,0,Sem indício cadastral crítico,FOUND,ATIVA,8,29,1670.49,2049.065200,4121.470694655126,-0.0919,Comportamento esperado
786,220713,Saullo Vianna,MDB,AM,Comunicação,Telefonia,0,Sem indício cadastral crítico,FOUND,ATIVA,1,20,31912.37,25580.348889,29955.895435557606,0.2114,Comportamento esperado
646,160642,Pastor Eurico,PSDB,PE,Alimentação,Fornecimento De Alimentação Do Parlamentar,1,Situação cadastral não ativa: SUSPENSA,FOUND,SUSPENSA,2,6,623.80,3487.092941,8073.709935566787,-0.3546,Fornecedor com CNPJ suspeito
670,133968,Paulo Ramos,PDT,RJ,Locomoção,Locação Ou Fretamento De Veículos Automotores,0,Sem indício cadastral crítico,FOUND,ATIVA,1,33,114532.63,162239.394390,163272.60476613723,-0.2922,Comportamento esperado
294,204371,Felipe Rigoni,UNIÃO,ES,Combustível,Combustíveis E Lubrificantes.,1,Situação cadastral não ativa: BAIXADA,FOUND,BAIXADA,3,5,1163.87,49148.417879,67749.62213949014,-0.7083,Fornecedor com CNPJ suspeito
230,204439,Dr. Leonardo,REPUBLICANOS,MT,Hotéis,"Hospedagem ,exceto Do Parlamentar No Distrito Federal.",1,Situação cadastral não ativa: BAIXADA,FOUND,BAIXADA,1,1,433.00,20380.542308,35609.06873470771,-0.5602,Fornecedor com CNPJ suspeito
726,235088,Ribeiro Neto,SOLIDARIEDADE,MA,Combustível,Combustíveis E Lubrificantes.,0,Sem indício cadastral crítico,FOUND,ATIVA,17,18,5595.17,34895.172615,52384.05405357016,-0.5593,Comportamento esperado
590,92172,Milton Coelho,PSB,PE,Comunicação,Telefonia,0,Sem indício cadastral crítico,FOUND,ATIVA,1,10,5222.93,10941.974167,12252.099914667077,-0.4668,Comportamento esperado
641,220706,Padovani,PP,PR,Alimentação,Fornecimento De Alimentação Do Parlamentar,0,Sem indício cadastral crítico,FOUND,ATIVA,123,352,35237.81,4173.948542,8441.04850518495,3.6801,Anomalia financeira extrema
561,204540,Maria Rosas,REPUBLICANOS,SP,Viagens,Passagem Aérea - Sigepa,,,,,0,300,264816.88,185430.171967,136227.76556134285,0.5827,Comportamento esperado
368,204548,Heitor Freire,UNIÃO,CE,Combustível,Combustíveis E Lubrificantes.,0,Sem indício cadastral crítico,FOUND,ATIVA,48,101,46779.17,41977.960833,76764.60304100714,0.0625,Comportamento esperado
314,204494,Fred Costa,PRD,MG,Outros,"Passagens Terrestres, Marítimas Ou Fluviais",0,Sem indício cadastral crítico,FOUND,ATIVA,4,5,1145.38,3858.240000,6358.142634643256,-0.4267,Comportamento esperado
68,73433,Arlindo Chinaglia,PT,SP,Viagens,Passagem Aérea - Rpa,0,Sem indício cadastral crítico,FOUND,ATIVA,3,43,79847.16,24943.515352,36157.13967829913,1.5185,Comportamento esperado
561,204540,Maria Rosas,REPUBLICANOS,SP,Comunicação,Telefonia,0,Sem indício cadastral crítico,FOUND,ATIVA,4,64,11379.19,19889.940211,25751.500071775903,-0.3305,Comportamento esperado
129,204496,Celso Sabino,PDT,PA,Publicidade,Divulgação Da Atividade Parlamentar.,1,Situação cadastral não ativa: BAIXADA,FOUND,BAIXADA,1,3,15000.00,319971.475333,323849.5425991789,-0.9417,Fornecedor com CNPJ suspeito
466,98057,Lafayette De Andrada,PL,MG,Locomoção,Locação Ou Fretamento De Veículos Automotores,0,Sem indício cadastral crítico,FOUND,ATIVA,10,82,402564.66,199358.988889,190617.58878325575,1.066,Comportamento esperado
699,204446,Professor Joziel,PATRIOTA,RJ,Viagens,Passagem Aérea - Sigepa,,,,,0,64,96419.83,213577.740357,175550.75566941444,-0.6674,Comportamento esperado
183,205548,David Miranda,PDT,RJ,Outros,Manutenção De Escritório De Apoio À Atividade Parlamentar,0,Sem indício cadastral crítico,FOUND,ATIVA,6,13,7497.16,80988.593819,134414.71100556676,-0.5468,Comportamento esperado
864,224333,Welter,PT,PR,Publicidade,Divulgação Da Atividade Parlamentar.,0,Sem indício cadastral crítico,FOUND,ATIVA,31,116,690979.09,263664.052022,329972.5348930845,1.295,Comportamento esperado
266,178854,Elmar Nascimento,UNIÃO,BA,Combustível,Combustíveis E Lubrificantes.,0,Sem indício cadastral crítico,FOUND,ATIVA,21,116,104793.85,76280.976842,110667.4963849575,0.2576,Comportamento esperado
161,204488,Célio Studart,PSD,CE,Publicidade,Divulgação Da Atividade Parlamentar.,1,Situação cadastral não ativa: BAIXADA,FOUND,BAIXADA,4,20,70770.10,263931.285395,366906.3702021798,-0.5265,Fornecedor com CNPJ suspeito
667,74574,Paulo Magalhães,PSD,BA,Publicidade,Divulgação Da Atividade Parlamentar.,0,Sem indício cadastral crítico,FOUND,ATIVA,8,117,403100.00,317318.910361,328157.1355142384,0.2614,Comportamento esperado
494,103758,Luciano Azevedo,PSD,RS,Combustível,Combustíveis E Lubrificantes.,1,Situação cadastral não ativa: BAIXADA,FOUND,BAIXADA,4,9,1959.28,60520.148547,97388.05968907535,-0.6013,Fornecedor com CNPJ suspeito
378,204539,Hercílio Coelho Diniz,MDB,MG,Outros,Manutenção De Escritório De Apoio À Atividade Parlamentar,0,Documento não consultado por não ser CNPJ,NOT_APPLICABLE,,1,16,14541.52,123562.947566,162703.54342443834,-0.6701,Comportamento esperado
472,231911,Lenir De Assis,PT,PR,Alimentação,Fornecimento De Alimentação Do Parlamentar,0,Sem indício cadastral crítico,FOUND,ATIVA,71,139,6121.41,4173.948542,8441.04850518495,0.2307,Comportamento esperado
173,204367,Daniel Freitas,PL,SC,Comunicação,Telefonia,0,Sem indício cadastral crítico,FOUND,ATIVA,2,28,1989.99,7776.667391,7284.093764458291,-0.7944,Comportamento esperado
716,221378,Reginete Bispo,PT,RS,Publicidade,Assinatura De Publicações,0,Sem indício cadastral crítico,FOUND,ATIVA,1,8,439.60,4387.790000,5356.19612339018,-0.7371,Comportamento esperado
34,221148,Alfredinho,PT,SP,Hotéis,"Hospedagem ,exceto Do Parlamentar No Distrito Federal.",0,Sem indício cadastral crítico,FOUND,ATIVA,10,11,3678.70,10014.789189,11435.329101648113,-0.5541,Comportamento esperado
122,164360,Carmen Zanotto,CIDADANIA,SC,Viagens,Passagem Aérea - Reembolso,0,Sem indício cadastral crítico,FOUND,ATIVA,2,4,10659.59,9023.088750,8047.509872572903,0.2034,Comportamento esperado
765,220644,Rosangela Moro,PL,SP,Viagens,Passagem Aérea - Reembolso,0,Sem indício cadastral crítico,FOUND,ATIVA,1,7,15908.12,9758.571000,11443.414965885137,0.5374,Comportamento esperado
504,204410,Luisa Canziani,PSD,PR,Comunicação,Telefonia,0,Sem indício cadastral crítico,FOUND,ATIVA,3,40,11862.90,10984.091277,13121.60062975809,0.067,Comportamento esperado
209,178929,Diego Garcia,UNIÃO,PR,Alimentação,Fornecimento De Alimentação Do Parlamentar,1,CNPJ não encontrado na API pública,NOT_FOUND,,1,1,75.69,4173.948542,8441.04850518495,-0.4855,Fornecedor com CNPJ suspeito
398,220670,Iza Arruda,MDB,PE,Locomoção,Locação Ou Fretamento De Veículos Automotores,0,Sem indício cadastral crítico,FOUND,ATIVA,4,40,473480.00,220869.240392,185976.71020526288,1.3583,Comportamento esperado
707,233594,Rafael Fera,PODE,RO,Hotéis,"Hospedagem ,exceto Do Parlamentar No Distrito Federal.",0,Sem indício cadastral crítico,FOUND,ATIVA,7,12,5327.25,15598.613913,18502.405565050612,-0.5551,Comportamento esperado
304,220545,Filipe Martins,PL,TO,Outros,Manutenção De Escritório De Apoio À Atividade Parlamentar,1,Erro na consulta pública de CNPJ,ERROR,,1,1,470.00,60332.404118,100110.53801139936,-0.598,Fornecedor com CNPJ suspeito
250,204541,Eduardo Bismarck,PDT,CE,Comunicação,Telefonia,0,Sem indício cadastral crítico,FOUND,ATIVA,1,8,1880.48,11707.711071,16858.211643996754,-0.5829,Comportamento esperado
670,133968,Paulo Ramos,PDT,RJ,Combustível,Combustíveis E Lubrificantes.,0,Sem indício cadastral crítico,FOUND,ATIVA,74,178,46553.82,44023.319398,62812.667137756165,0.0403,Comportamento esperado
12,136811,Afonso Hamm,PP,RS,Outros,Manutenção De Escritório De Apoio À Atividade Parlamentar,0,Sem indício cadastral crítico,FOUND,ATIVA,14,382,328104.91,109428.142500,149558.61424927576,1.4621,Comportamento esperado
72,160600,Arthur Oliveira Maia,UNIÃO,BA,Hotéis,"Hospedagem ,exceto Do Parlamentar No Distrito Federal.",0,Sem indício cadastral crítico,FOUND,ATIVA,72,374,169551.65,14559.116889,26542.375379101115,5.8394,Anomalia financeira extrema
198,220652,Delegado Palumbo,PODE,SP,Outros,Serviço De Segurança Prestado Por Empresa Especializada.,0,Sem indício cadastral crítico,FOUND,ATIVA,1,14,85900.80,57471.443333,111341.01915358497,0.2553,Comportamento esperado
228,220570,Dr. Ismael Alexandrino,PSD,GO,Combustível,Combustíveis E Lubrificantes.,0,Sem indício cadastral crítico,FOUND,ATIVA,123,386,105271.96,65044.277593,95738.05404592726,0.4202,Comportamento esperado
596,220617,Murillo Gouvea,PSDB,RJ,Viagens,Passagem Aérea - Sigepa,,,,,0,419,312663.15,213577.740357,175550.75566941444,0.5644,Comportamento esperado
17,178836,Alan Rick,UNIÃO,AC,Locomoção,Locação Ou Fretamento De Veículos Automotores,0,Sem indício cadastral crítico,FOUND,ATIVA,1,10,54842.48,136825.250667,132327.06516765346,-0.6195,Comportamento esperado
861,220601,Washington Quaquá,PT,RJ,Viagens,Passagem Aérea - Sigepa,,,,,0,181,297414.83,213577.740357,175550.75566941444,0.4776,Comportamento esperado
119,74262,Carlos Sampaio,PSD,SP,Viagens,Passagem Aérea - Rpa,0,Sem indício cadastral crítico,FOUND,ATIVA,3,164,76227.21,24943.515352,36157.13967829913,1.4184,Comportamento esperado
130,204504,Cezinha De Madureira,PSD,SP,Combustível,Combustíveis E Lubrificantes.,0,Sem indício cadastral crítico,FOUND,ATIVA,25,125,36447.66,42192.750821,64034.19773844777,-0.0897,Comportamento esperado
29,220542,Alexandre Guimarães,MDB,TO,Hotéis,"Hospedagem ,exceto Do Parlamentar No Distrito Federal.",0,Sem indício cadastral crítico,FOUND,ATIVA,19,65,36269.09,12387.293158,19170.891927221925,1.2457,Comportamento esperado
142,141408,Cleber Verde,REPUBLICANOS,MA,Serviços profissionais,"Consultorias, Pesquisas E Trabalhos Técnicos.",0,Sem indício cadastral crítico,FOUND,ATIVA,2,5,136000.00,73247.500000,60193.25778602398,1.0425,Comportamento esperado
711,204567,Raimundo Costa,PSD,BA,Hotéis,"Hospedagem ,exceto Do Parlamentar No Distrito Federal.",0,Sem indício cadastral crítico,FOUND,ATIVA,29,73,24655.33,14559.116889,26542.375379101115,0.3804,Comportamento esperado
188,220625,Delegada Ione,AVANTE,MG,Comunicação,Telefonia,0,Sem indício cadastral crítico,FOUND,ATIVA,4,41,5992.24,15607.667083,19082.29985422686,-0.5039,Comportamento esperado
809,177282,Subtenente Gonzaga,PSD,MG,Publicidade,Divulgação Da Atividade Parlamentar.,0,Sem indício cadastral crítico,FOUND,ATIVA,4,12,41579.20,194891.353020,276881.75990132586,-0.5537,Comportamento esperado
201,164359,Delegado Waldir,UNIÃO,GO,Locomoção,Locação Ou Fretamento De Veículos Automotores,0,Sem indício cadastral crítico,FOUND,ATIVA,2,18,137333.33,189142.637500,142661.57624064668,-0.3632,Comportamento esperado
105,204572,Capitão Alberto Neto,PL,AM,Publicidade,Divulgação Da Atividade Parlamentar.,0,Sem indício cadastral crítico,FOUND,ATIVA,9,46,489588.00,309286.770000,323174.1425425514,0.5579,Comportamento esperado
865,74044,Wilson Santiago,REPUBLICANOS,PB,Publicidade,Divulgação Da Atividade Parlamentar.,1,Situação cadastral não ativa: BAIXADA,FOUND,BAIXADA,2,21,160561.30,324815.111538,407718.48875224456,-0.4029,Fornecedor com CNPJ suspeito
42,178881,Aluisio Mendes,REPUBLICANOS,MA,Combustível,Combustíveis E Lubrificantes.,1,Situação cadastral não ativa: SUSPENSA,FOUND,SUSPENSA,1,1,100.00,34895.172615,52384.05405357016,-0.6642,Fornecedor com CNPJ suspeito
630,204498,Olival Marques,PODE,PA,Publicidade,Divulgação Da Atividade Parlamentar.,0,Sem indício cadastral crítico,FOUND,ATIVA,3,28,672200.00,319971.475333,323849.5425991789,1.0876,Comportamento esperado
400,220697,Jadyel Alencar,REPUBLICANOS,PI,Publicidade,Divulgação Da Atividade Parlamentar.,1,Situação cadastral não ativa: BAIXADA,FOUND,BAIXADA,2,3,3116.00,255170.175556,326071.87108703476,-0.773,Fornecedor com CNPJ suspeito
595,178997,Moses Rodrigues,UNIÃO,CE,Outros,Manutenção De Escritório De Apoio À Atividade Parlamentar,0,Sem indício cadastral crítico,FOUND,ATIVA,1,5,3337.20,68348.775082,105244.60317209057,-0.6177,Comportamento esperado
369,178964,Heitor Schuch,PSB,RS,Viagens,Passagem Aérea - Rpa,0,Sem indício cadastral crítico,FOUND,ATIVA,3,7,8365.87,23263.014545,27193.710295909314,-0.5478,Comportamento esperado
259,204364,Eli Borges,REPUBLICANOS,TO,Locomoção,Locação Ou Fretamento De Veículos Automotores,0,Sem indício cadastral crítico,FOUND,ATIVA,4,42,295465.12,117209.676500,159137.4356385456,1.1201,Comportamento esperado
480,74585,Lincoln Portela,PL,MG,Outros,"Serviço De Táxi, Pedágio E Estacionamento",1,Situação cadastral não ativa: BAIXADA,FOUND,BAIXADA,1,2,320.00,5572.245385,10370.293242628488,-0.5065,Fornecedor com CNPJ suspeito
751,220641,Rodrigo Gambale,PODE,SP,Combustível,Combustíveis E Lubrificantes.,1,Situação cadastral não ativa: BAIXADA,FOUND,BAIXADA,4,8,1736.44,42192.750821,64034.19773844777,-0.6318,Fornecedor com CNPJ suspeito
259,204364,Eli Borges,REPUBLICANOS,TO,Alimentação,Fornecimento De Alimentação Do Parlamentar,0,Sem indício cadastral crítico,FOUND,ATIVA,6,12,791.95,977.828571,1259.2622814625577,-0.1476,Comportamento esperado
615,146307,Neri Geller,PP,MT,Comunicação,Telefonia,0,Sem indício cadastral crítico,FOUND,ATIVA,1,11,2412.43,6682.953571,8863.976852355925,-0.4818,Comportamento esperado
43,204545,Alê Silva,REPUBLICANOS,MG,Alimentação,Fornecimento De Alimentação Do Parlamentar,0,Sem indício cadastral crítico,FOUND,ATIVA,1,1,59.00,3421.773553,6721.942950865462,-0.5003,Comportamento esperado
283,234388,Fabiano Cazeca,PRD,MG,Outros,Manutenção De Escritório De Apoio À Atividade Parlamentar,0,Sem indício cadastral crítico,FOUND,ATIVA,3,11,47994.59,123562.947566,162703.54342443834,-0.4645,Comportamento esperado
293,204398,Felipe Francischini,PODE,PR,Comunicação,Telefonia,0,Sem indício cadastral crítico,FOUND,ATIVA,4,69,11511.10,10984.091277,13121.60062975809,0.0402,Comportamento esperado
443,220559,Julia Zanatta,PL,SC,Alimentação,Fornecimento De Alimentação Do Parlamentar,0,Sem indício cadastral crítico,FOUND,ATIVA,103,278,19170.00,5345.501750,9873.801589562949,1.4001,Comportamento esperado
814,204534,Tabata Amaral,PSB,SP,Combustível,Combustíveis E Lubrificantes.,0,Sem indício cadastral crítico,FOUND,ATIVA,118,530,121641.29,42192.750821,64034.19773844777,1.2407,Comportamento esperado
858,91228,Waldemar Oliveira,AVANTE,PE,Locomoção,Locação Ou Fretamento De Veículos Automotores,0,Sem indício cadastral crítico,FOUND,ATIVA,3,50,389190.00,220869.240392,185976.71020526288,0.9051,Comportamento esperado
1,220593,Abilio Brunini,PL,MT,Viagens,Passagem Aérea - Sigepa,,,,,0,126,144175.51,116334.207895,92091.32039496631,0.3023,Comportamento esperado
338,204394,Gervásio Maia,PSB,PB,Outros,"Serviço De Táxi, Pedágio E Estacionamento",0,Sem indício cadastral crítico,FOUND,ATIVA,2,225,15773.87,3622.532000,6817.7985828616265,1.7823,Comportamento esperado
743,220624,Robinson Faria,PP,RN,Outros,Manutenção De Escritório De Apoio À Atividade Parlamentar,0,Sem indício cadastral crítico,FOUND,ATIVA,9,221,188523.34,114159.151154,175330.5134804051,0.4241,Comportamento esperado
286,171623,Fabio Reis,PSD,SE,Publicidade,Divulgação Da Atividade Parlamentar.,0,Sem indício cadastral crítico,FOUND,ATIVA,12,59,326830.00,230946.483077,301200.1033422071,0.3183,Comportamento esperado
659,204538,Paulo Bengtson,PTB,PA,Viagens,Passagem Aérea - Rpa,0,Sem indício cadastral crítico,FOUND,ATIVA,2,7,4888.45,40638.794706,54559.71826891466,-0.6553,Comportamento esperado
641,220706,Padovani,PP,PR,Outros,Manutenção De Escritório De Apoio À Atividade Parlamentar,0,Sem indício cadastral crítico,FOUND,ATIVA,2,30,17489.70,86193.122500,116860.66498214444,-0.5879,Comportamento esperado
507,141485,Luiz Carlos Busato,UNIÃO,RS,Outros,"Serviço De Táxi, Pedágio E Estacionamento",0,Sem indício cadastral crítico,FOUND,ATIVA,13,143,16367.91,10192.084923,16137.89190584743,0.3827,Comportamento esperado
298,220656,Fernanda Pessoa,PSD,CE,Locomoção,Locação Ou Fretamento De Veículos Automotores,0,Sem indício cadastral crítico,FOUND,ATIVA,4,26,203845.50,139651.247778,143531.8586124825,0.4472,Comportamento esperado
374,220672,Henderson Pinto,UNIÃO,PA,Outros,Manutenção De Escritório De Apoio À Atividade Parlamentar,0,Documento não consultado por não ser CNPJ,NOT_APPLICABLE,,1,32,80000.00,42888.542571,70113.4772677672,0.5293,Comportamento esperado
527,166402,Magda Mofatto,PL,GO,Comunicação,Telefonia,0,Sem indício cadastral crítico,FOUND,ATIVA,3,64,49004.78,16840.076000,26049.85234640615,1.2347,Comportamento esperado
383,141450,Hugo Leal,PSD,RJ,Combustível,Combustíveis E Lubrificantes.,1,Situação cadastral não ativa: BAIXADA,FOUND,BAIXADA,3,5,1210.01,44023.319398,62812.667137756165,-0.6816,Fornecedor com CNPJ suspeito
435,141458,João Carlos Bacelar,PL,BA,Comunicação,Telefonia,0,Sem indício cadastral crítico,FOUND,ATIVA,3,65,16746.49,23153.030698,23468.568952979214,-0.273,Comportamento esperado
705,204467,Professora Rosa Neide,PT,MT,Viagens,Passagem Aérea - Sigepa,,,,,0,111,117226.38,116334.207895,92091.32039496631,0.0097,Comportamento esperado
235,204412,Dr. Zacharias Calil,UNIÃO,GO,Combustível,Combustíveis E Lubrificantes.,0,Sem indício cadastral crítico,FOUND,ATIVA,15,124,29423.94,65044.277593,95738.05404592726,-0.3721,Comportamento esperado
635,73692,Osmar Terra,MDB,RS,Publicidade,Divulgação Da Atividade Parlamentar.,0,Sem indício cadastral crítico,FOUND,ATIVA,6,8,48594.99,215724.063125,265101.600265673,-0.6304,Comportamento esperado
418,178857,Jorge Solla,PT,BA,Outros,"Passagens Terrestres, Marítimas Ou Fluviais",0,Sem indício cadastral crítico,FOUND,ATIVA,13,89,12071.69,3634.349545,9001.916528866017,0.9373,Comportamento esperado
235,204412,Dr. Zacharias Calil,MDB,GO,Outros,"Serviço De Táxi, Pedágio E Estacionamento",0,Sem indício cadastral crítico,FOUND,ATIVA,6,78,5997.47,4054.328571,5832.390128543895,0.3332,Comportamento esperado
230,204439,Dr. Leonardo,REPUBLICANOS,MT,Combustível,Combustíveis E Lubrificantes.,1,Situação cadastral não ativa: BAIXADA,FOUND,BAIXADA,5,5,1054.80,34330.305532,57340.29977264771,-0.5803,Fornecedor com CNPJ suspeito
545,179000,Marcelo Álvaro Antônio,PL,MG,Publicidade,Divulgação Da Atividade Parlamentar.,0,Sem indício cadastral crítico,FOUND,ATIVA,5,24,127640.00,194891.353020,276881.75990132586,-0.2429,Comportamento esperado
493,220581,Luciano Amaral,PSD,AL,Publicidade,Divulgação Da Atividade Parlamentar.,0,Sem indício cadastral crítico,FOUND,ATIVA,5,45,733130.00,358459.172381,402499.84210100886,0.9309,Comportamento esperado
48,107970,Ana Paula Leão,PP,MG,Publicidade,Assinatura De Publicações,0,Sem indício cadastral crítico,FOUND,ATIVA,2,2,208.30,1596.091765,1698.0009011232714,-0.8173,Comportamento esperado
664,204492,Paulo Guedes,PT,MG,Publicidade,Divulgação Da Atividade Parlamentar.,1,Situação cadastral não ativa: INAPTA,FOUND,INAPTA,1,6,12000.00,194891.353020,276881.75990132586,-0.6605,Fornecedor com CNPJ suspeito
122,164360,Carmen Zanotto,CIDADANIA,SC,Viagens,Passagem Aérea - Reembolso,1,Erro na consulta pública de CNPJ,ERROR,,1,1,30820.50,9023.088750,8047.509872572903,2.7086,Possível anomalia com fornecedor suspeito
551,160535,Marcon,PT,RS,Hotéis,"Hospedagem ,exceto Do Parlamentar No Distrito Federal.",1,Erro na consulta pública de CNPJ,ERROR,,1,1,898.16,21826.986437,35658.661568585754,-0.5869,Fornecedor com CNPJ suspeito
606,74158,Mário Heringer,PDT,MG,Outros,Manutenção De Escritório De Apoio À Atividade Parlamentar,0,Documento não consultado por não ser CNPJ,NOT_APPLICABLE,,1,39,195000.00,123562.947566,162703.54342443834,0.4391,Comportamento esperado
292,72442,Felipe Carreras,PSB,PE,Viagens,Passagem Aérea - Rpa,0,Sem indício cadastral crítico,FOUND,ATIVA,2,2,5124.16,15238.795000,22485.76149111043,-0.4498,Comportamento esperado
562,178956,Mariana Carvalho,REPUBLICANOS,RO,Outros,Manutenção De Escritório De Apoio À Atividade Parlamentar,0,Sem indício cadastral crítico,FOUND,ATIVA,1,9,5491.00,40149.183103,63678.43736701476,-0.5443,Comportamento esperado
1,220593,Abilio Brunini,PL,MT,Outros,Manutenção De Escritório De Apoio À Atividade Parlamentar,0,Documento não consultado por não ser CNPJ,NOT_APPLICABLE,,1,9,63000.00,55063.669706,75019.05976556618,0.1058,Comportamento esperado
392,67138,Iracema Portella,PP,PI,Comunicação,Telefonia,0,Sem indício cadastral crítico,FOUND,ATIVA,2,4,2559.66,15912.685455,14251.787111607697,-0.9369,Comportamento esperado
692,73486,Pompeo De Mattos,PDT,RS,Outros,Manutenção De Escritório De Apoio À Atividade Parlamentar,1,Situação cadastral não ativa: BAIXADA,FOUND,BAIXADA,1,6,4320.00,109428.142500,149558.61424927576,-0.7028,Fornecedor com CNPJ suspeito
671,141488,Paulo Teixeira,PT,SP,Serviços profissionais,"Consultorias, Pesquisas E Trabalhos Técnicos.",0,Sem indício cadastral crítico,FOUND,ATIVA,1,1,193.00,42478.291429,47664.49520078613,-0.8871,Comportamento esperado
876,220536,Zé Haroldo Cathedral,UNIÃO,RR,Outros,Manutenção De Escritório De Apoio À Atividade Parlamentar,0,Sem indício cadastral crítico,FOUND,ATIVA,8,95,44367.21,80921.562903,170825.55022261123,-0.214,Comportamento esperado
572,220661,Matheus Noronha,PL,CE,Publicidade,Divulgação Da Atividade Parlamentar.,0,Sem indício cadastral crítico,FOUND,ATIVA,6,168,649047.10,263931.285395,366906.3702021798,1.0496,Comportamento esperado
505,204448,Luiz Antonio Corrêa,PP,RJ,Combustível,Combustíveis E Lubrificantes.,0,Sem indício cadastral crítico,FOUND,ATIVA,59,387,84825.69,44023.319398,62812.667137756165,0.6496,Comportamento esperado
293,204398,Felipe Francischini,PODE,PR,Combustível,Combustíveis E Lubrificantes.,0,Sem indício cadastral crítico,FOUND,ATIVA,292,729,164841.50,57944.345500,82353.4495793919,1.298,Comportamento esperado
432,204555,José Ricardo,PT,AM,Hotéis,"Hospedagem ,exceto Do Parlamentar No Distrito Federal.",0,Sem indício cadastral crítico,FOUND,ATIVA,15,18,5955.00,3767.283750,3036.5104204941636,0.7205,Comportamento esperado
104,204352,Camilo Capiberibe,PSB,AP,Viagens,Passagem Aérea - Rpa,0,Sem indício cadastral crítico,FOUND,ATIVA,2,11,9144.16,4617.490000,4023.3855612682983,1.1251,Comportamento esperado
379,73772,Hermes Parcianello,MDB,PR,Viagens,Passagem Aérea - Sigepa,,,,,0,30,40942.76,173223.575536,125997.34942419773,-1.0499,Comportamento esperado
216,220573,Dorinaldo Malafaia,PDT,AP,Viagens,Passagem Aérea - Sigepa,,,,,0,227,296289.59,180390.483889,137999.8120825282,0.8398,Comportamento esperado
163,141411,Dagoberto Nogueira,PSDB,MS,Hotéis,"Hospedagem ,exceto Do Parlamentar No Distrito Federal.",0,Sem indício cadastral crítico,FOUND,ATIVA,2,3,708.70,14950.264286,18538.468264889183,-0.7682,Comportamento esperado
326,220708,Gabriel Nunes,PSD,BA,Hotéis,"Hospedagem ,exceto Do Parlamentar No Distrito Federal.",1,Situação cadastral não ativa: BAIXADA,FOUND,BAIXADA,1,4,760.00,14559.116889,26542.375379101115,-0.5199,Fornecedor com CNPJ suspeito
150,204514,Coronel Tadeu,PL,SP,Publicidade,Divulgação Da Atividade Parlamentar.,0,Sem indício cadastral crítico,FOUND,ATIVA,11,30,259548.92,243741.226243,313657.1515008437,0.0504,Comportamento esperado
607,178858,Mário Negromonte Jr.,PSB,BA,Comunicação,Telefonia,0,Sem indício cadastral crítico,FOUND,ATIVA,1,33,27753.57,23153.030698,23468.568952979214,0.196,Comportamento esperado
514,204455,Luiz Lima,PL,RJ,Viagens,Passagem Aérea - Sigepa,,,,,0,56,82331.05,213577.740357,175550.75566941444,-0.7476,Comportamento esperado
7,204560,Adolfo Viana,PSDB,BA,Outros,Manutenção De Escritório De Apoio À Atividade Parlamentar,1,Situação cadastral não ativa: INAPTA,FOUND,INAPTA,1,21,17597.00,98257.521290,134321.8726415135,-0.6005,Fornecedor com CNPJ suspeito
598,179001,Márcio Biolchi,MDB,RS,Alimentação,Fornecimento De Alimentação Do Parlamentar,1,Situação cadastral não ativa: BAIXADA,FOUND,BAIXADA,16,48,2806.40,7368.085075,13657.337051272762,-0.334,Fornecedor com CNPJ suspeito
605,150418,Márcio Marinho,REPUBLICANOS,BA,Hotéis,"Hospedagem ,exceto Do Parlamentar No Distrito Federal.",0,Sem indício cadastral crítico,FOUND,ATIVA,23,33,17421.02,14559.116889,26542.375379101115,0.1078,Comportamento esperado
96,204502,Bozzella,UNIÃO,SP,Outros,Manutenção De Escritório De Apoio À Atividade Parlamentar,0,Documento não consultado por não ser CNPJ,NOT_APPLICABLE,,1,10,70000.00,98538.487659,143509.98800071477,-0.1989,Comportamento esperado
218,204450,Doutor Luizinho,PP,RJ,Outros,"Serviço De Táxi, Pedágio E Estacionamento",0,Sem indício cadastral crítico,FOUND,ATIVA,1,39,20504.45,8455.730411,14321.838989715481,0.8413,Comportamento esperado
248,204421,Edna Henrique,REPUBLICANOS,PB,Outros,Manutenção De Escritório De Apoio À Atividade Parlamentar,0,Sem indício cadastral crítico,FOUND,ATIVA,1,2,284.00,40088.436364,59072.75761932022,-0.6738,Comportamento esperado
273,132504,Enio Verri,PT,PR,Viagens,Passagem Aérea - Rpa,0,Sem indício cadastral crítico,FOUND,ATIVA,3,21,24225.68,26722.504474,58025.433845182,-0.043,Comportamento esperado
32,204503,Alexandre Padilha,PT,SP,Serviços profissionais,"Consultorias, Pesquisas E Trabalhos Técnicos.",0,Sem indício cadastral crítico,FOUND,ATIVA,1,8,63200.00,42478.291429,47664.49520078613,0.4347,Comportamento esperado
47,220596,Amália Barros,PL,MT,Locomoção,Locação Ou Fretamento De Veículos Automotores,1,Situação cadastral não ativa: BAIXADA,FOUND,BAIXADA,1,2,9716.92,134358.602609,119146.49353274485,-1.0461,Fornecedor com CNPJ suspeito
209,178929,Diego Garcia,REPUBLICANOS,PR,Viagens,Passagem Aérea - Rpa,0,Sem indício cadastral crítico,FOUND,ATIVA,2,2,2473.56,26722.504474,58025.433845182,-0.4179,Comportamento esperado
384,160674,Hugo Motta,REPUBLICANOS,PB,Outros,Serviços Postais,0,Sem indício cadastral crítico,FOUND,ATIVA,1,4,886.30,401.850000,419.7359199544399,1.1542,Comportamento esperado
455,74317,Júlio Cesar,PSD,PI,Comunicação,Telefonia,1,Situação cadastral não ativa: BAIXADA,FOUND,BAIXADA,1,8,1521.60,15912.685455,14251.787111607697,-1.0098,Fornecedor com CNPJ suspeito
422,220578,Josenildo,PDT,AP,Viagens,Passagem Aérea - Sigepa,,,,,0,171,205421.81,180390.483889,137999.8120825282,0.1814,Comportamento esperado
212,160599,Dimas Fabiano,PP,MG,Viagens,Passagem Aérea - Sigepa,,,,,0,169,247206.28,195216.599630,167832.49260588933,0.3098,Comportamento esperado
480,74585,Lincoln Portela,PL,MG,Viagens,Passagem Aérea - Rpa,0,Sem indício cadastral crítico,FOUND,ATIVA,1,349,285508.25,40253.940526,63478.97879162227,3.8636,Anomalia financeira extrema
340,204575,Gil Cutrim,REPUBLICANOS,MA,Combustível,Combustíveis E Lubrificantes.,0,Sem indício cadastral crítico,FOUND,ATIVA,13,34,9881.18,34895.172615,52384.05405357016,-0.4775,Comportamento esperado
459,204550,Júnior Mano,PSB,CE,Publicidade,Divulgação Da Atividade Parlamentar.,0,Sem indício cadastral crítico,FOUND,ATIVA,13,102,777814.29,263931.285395,366906.3702021798,1.4006,Comportamento esperado
690,204524,Pinheirinho,PP,MG,Combustível,Combustíveis E Lubrificantes.,1,Situação cadastral não ativa: BAIXADA,FOUND,BAIXADA,3,7,1701.19,65306.104375,92314.0005265802,-0.689,Fornecedor com CNPJ suspeito
386,178909,Hélio Leite,UNIÃO,PA,Locomoção,Locação Ou Fretamento De Veículos Automotores,0,Sem indício cadastral crítico,FOUND,ATIVA,4,13,50909.56,121907.551481,147158.0353457022,-0.4825,Comportamento esperado
884,204509,Áurea Carolina,PSOL,MG,Comunicação,Telefonia,0,Sem indício cadastral crítico,FOUND,ATIVA,3,28,4141.52,15607.667083,19082.29985422686,-0.6009,Comportamento esperado
429,204391,José Nelto,PP,GO,Publicidade,Divulgação Da Atividade Parlamentar.,1,Situação cadastral não ativa: BAIXADA,FOUND,BAIXADA,6,18,50776.99,294423.402917,352090.0693215526,-0.692,Fornecedor com CNPJ suspeito
771,73466,Rubens Bueno,CIDADANIA,PR,Locomoção,Locação Ou Fretamento De Veículos Automotores,1,Situação cadastral não ativa: BAIXADA,FOUND,BAIXADA,1,3,1645.03,113439.957419,130977.93601797776,-0.8535,Fornecedor com CNPJ suspeito
390,204508,Igor Timo,UNIÃO,MG,Comunicação,Telefonia,0,Sem indício cadastral crítico,FOUND,ATIVA,3,79,18024.56,15607.667083,19082.29985422686,0.1267,Comportamento esperado
405,160570,Jerônimo Goergen,PP,RS,Outros,"Serviço De Táxi, Pedágio E Estacionamento",0,Sem indício cadastral crítico,FOUND,ATIVA,16,184,2826.56,10192.084923,16137.89190584743,-0.4564,Comportamento esperado
856,178992,Vitor Lippi,PSDB,SP,Outros,Serviços Postais,0,Sem indício cadastral crítico,FOUND,ATIVA,4,21,747.41,1015.584878,1403.5425598127083,-0.1911,Comportamento esperado
606,74158,Mário Heringer,PDT,MG,Outros,Manutenção De Escritório De Apoio À Atividade Parlamentar,1,Situação cadastral não ativa: BAIXADA,FOUND,BAIXADA,1,6,12552.10,123562.947566,162703.54342443834,-0.6823,Fornecedor com CNPJ suspeito
840,160610,Valmir Assunção,PT,BA,Hotéis,"Hospedagem ,exceto Do Parlamentar No Distrito Federal.",0,Sem indício cadastral crítico,FOUND,ATIVA,10,11,6031.81,14559.116889,26542.375379101115,-0.3213,Comportamento esperado
84,204358,Beto Pereira,PSDB,MS,Combustível,Combustíveis E Lubrificantes.,0,Sem indício cadastral crítico,FOUND,ATIVA,2,17,68540.70,73790.692609,89494.27774679432,-0.0587,Comportamento esperado
270,161550,Emidinho Madeira,PL,MG,Comunicação,Telefonia,0,Sem indício cadastral crítico,FOUND,ATIVA,2,51,16041.85,15607.667083,19082.29985422686,0.0228,Comportamento esperado
873,220552,Zucco,PL,RS,Locomoção,Locação Ou Fretamento De Veículos Automotores,0,Sem indício cadastral crítico,FOUND,ATIVA,1,27,105586.48,182736.733051,177547.8783363845,-0.4345,Comportamento esperado
683,122158,Pedro Paulo,PSD,RJ,Hotéis,"Hospedagem ,exceto Do Parlamentar No Distrito Federal.",0,Sem indício cadastral crítico,FOUND,ATIVA,2,4,2054.38,13016.628636,21468.959145470457,-0.5106,Comportamento esperado
466,98057,Lafayette De Andrada,PL,MG,Publicidade,Divulgação Da Atividade Parlamentar.,0,Sem indício cadastral crítico,FOUND,ATIVA,4,14,77833.18,194891.353020,276881.75990132586,-0.4228,Comportamento esperado
417,214694,Jorge Goetten,REPUBLICANOS,SC,Publicidade,Divulgação Da Atividade Parlamentar.,1,Situação cadastral não ativa: BAIXADA,FOUND,BAIXADA,2,2,9000.00,148561.773265,217765.15459275612,-0.6409,Fornecedor com CNPJ suspeito
9,121948,Adriano Do Baldy,PP,GO,Publicidade,Divulgação Da Atividade Parlamentar.,1,Situação cadastral não ativa: BAIXADA,FOUND,BAIXADA,3,22,25480.00,294423.402917,352090.0693215526,-0.7638,Fornecedor com CNPJ suspeito
880,204517,Zé Vitor,PL,MG,Combustível,Combustíveis E Lubrificantes.,1,Situação cadastral não ativa: SUSPENSA,FOUND,SUSPENSA,1,1,150.00,65306.104375,92314.0005265802,-0.7058,Fornecedor com CNPJ suspeito
497,227323,Luciano Galego,PL,MA,Viagens,Passagem Aérea - Sigepa,,,,,0,3,4218.62,132207.227045,122458.5508602934,-1.0452,Comportamento esperado
226,204518,Dr. Frederico,PATRIOTA,MG,Outros,Serviço De Segurança Prestado Por Empresa Especializada.,0,Sem indício cadastral crítico,FOUND,ATIVA,1,8,1112.80,6910.803333,5568.322882362166,-1.0412,Comportamento esperado
191,220642,Delegado Bruno Lima,PODE,SP,Outros,Manutenção De Escritório De Apoio À Atividade Parlamentar,1,Situação cadastral não ativa: BAIXADA,FOUND,BAIXADA,1,2,827.25,98538.487659,143509.98800071477,-0.6809,Fornecedor com CNPJ suspeito
731,234310,Ricardo Galvão,REDE,SP,Outros,Manutenção De Escritório De Apoio À Atividade Parlamentar,0,Sem indício cadastral crítico,FOUND,ATIVA,2,7,15467.60,98538.487659,143509.98800071477,-0.5789,Comportamento esperado
39,204400,Aline Sleutjes,PROS,PR,Combustível,Combustíveis E Lubrificantes.,0,Sem indício cadastral crítico,FOUND,ATIVA,122,217,48162.27,57944.345500,82353.4495793919,-0.1188,Comportamento esperado
516,162332,Luiz Nishimori,PSD,PR,Outros,Manutenção De Escritório De Apoio À Atividade Parlamentar,0,Sem indício cadastral crítico,FOUND,ATIVA,9,151,248449.63,86193.122500,116860.66498214444,1.3885,Comportamento esperado
154,220608,Cristiane Lopes,PODE,RO,Outros,"Serviço De Táxi, Pedágio E Estacionamento",0,Sem indício cadastral crítico,FOUND,ATIVA,1,10,346.08,1932.761250,3462.107549787877,-0.4583,Comportamento esperado
89,204374,Bia Kicis,PL,DF,Outros,Manutenção De Escritório De Apoio À Atividade Parlamentar,0,Sem indício cadastral crítico,FOUND,ATIVA,18,413,485889.83,95246.480000,164390.52276665662,2.3763,Possível anomalia financeira
847,204396,Vermelho,PL,PR,Hotéis,"Hospedagem ,exceto Do Parlamentar No Distrito Federal.",0,Sem indício cadastral crítico,FOUND,ATIVA,16,29,16908.26,18419.328649,34024.43115299299,-0.0444,Comportamento esperado
291,220646,Felipe Becari,PODE,SP,Locomoção,Locação Ou Fretamento De Veículos Automotores,0,Sem indício cadastral crítico,FOUND,ATIVA,2,53,220337.87,147254.510948,139673.23431152088,0.5232,Comportamento esperado
653,74095,Pauderney Avelino,UNIÃO,AM,Combustível,Combustíveis E Lubrificantes.,0,Sem indício cadastral crítico,FOUND,ATIVA,42,180,48174.15,27982.215263,36043.55549981074,0.5602,Comportamento esperado
140,220665,Clarissa Tércio,PP,PE,Outros,Manutenção De Escritório De Apoio À Atividade Parlamentar,0,Documento não consultado por não ser CNPJ,NOT_APPLICABLE,,2,27,197500.00,90785.734524,140277.34198893898,0.7607,Comportamento esperado
509,204485,Luiz Carlos Motta,PL,SP,Outros,Manutenção De Escritório De Apoio À Atividade Parlamentar,0,Sem indício cadastral crítico,FOUND,ATIVA,5,95,142707.60,98538.487659,143509.98800071477,0.3078,Comportamento esperado
286,171623,Fabio Reis,PSD,SE,Comunicação,Telefonia,0,Sem indício cadastral crítico,FOUND,ATIVA,5,112,52999.76,10940.770000,16435.398849269677,2.559,Possível anomalia financeira
141,74537,Claudio Cajado,PP,BA,Hotéis,"Hospedagem ,exceto Do Parlamentar No Distrito Federal.",0,Sem indício cadastral crítico,FOUND,ATIVA,41,105,42677.75,14559.116889,26542.375379101115,1.0594,Comportamento esperado
479,74299,Leônidas Cristino,PDT,CE,Outros,Manutenção De Escritório De Apoio À Atividade Parlamentar,0,Sem indício cadastral crítico,FOUND,ATIVA,8,93,105401.57,68348.775082,105244.60317209057,0.3521,Comportamento esperado
539,220634,Marcelo Lima,PSB,SP,Outros,"Serviço De Táxi, Pedágio E Estacionamento",0,Documento não consultado por não ser CNPJ,NOT_APPLICABLE,,1,8,842.00,11967.060840,16796.655097373645,-0.6623,Comportamento esperado
867,74439,Wolney Queiroz,PDT,PE,Publicidade,Divulgação Da Atividade Parlamentar.,0,Sem indício cadastral crítico,FOUND,ATIVA,6,15,169365.90,241972.708182,301628.5621101344,-0.2407,Comportamento esperado
881,74090,Átila Lins,PSD,AM,Viagens,Passagem Aérea - Reembolso,0,Sem indício cadastral crítico,FOUND,ATIVA,6,30,125106.51,38248.147500,44487.57276603875,1.9524,Comportamento esperado
490,204404,Lucas Redecker,PSD,RS,Locomoção,Locação Ou Fretamento De Veículos Automotores,1,Situação cadastral não ativa: BAIXADA,FOUND,BAIXADA,1,9,53949.26,182736.733051,177547.8783363845,-0.7254,Fornecedor com CNPJ suspeito
13,178835,Afonso Motta,PDT,RS,Outros,Manutenção De Escritório De Apoio À Atividade Parlamentar,0,Documento não consultado por não ser CNPJ,NOT_APPLICABLE,,1,51,261805.84,109428.142500,149558.61424927576,1.0188,Comportamento esperado
666,220685,Paulo Litro,UNIÃO,PR,Viagens,Passagem Aérea - Reembolso,1,Erro na consulta pública de CNPJ,ERROR,,1,1,2505.13,17801.644063,39455.64199846602,-0.3877,Fornecedor com CNPJ suspeito
127,141405,Celso Maldaner,MDB,SC,Publicidade,Divulgação Da Atividade Parlamentar.,0,Sem indício cadastral crítico,FOUND,ATIVA,7,10,30374.00,148561.773265,217765.15459275612,-0.5427,Comportamento esperado
255,220589,Eduardo Velloso,SOLIDARIEDADE,AC,Alimentação,Fornecimento De Alimentação Do Parlamentar,0,Sem indício cadastral crítico,FOUND,ATIVA,4,4,418.82,3506.161818,10352.10370735419,-0.2982,Comportamento esperado
472,231911,Lenir De Assis,PT,PR,Combustível,Combustíveis E Lubrificantes.,0,Sem indício cadastral crítico,FOUND,ATIVA,67,162,33661.84,57944.345500,82353.4495793919,-0.2949,Comportamento esperado
359,204531,Guilherme Derrite,PP,SP,Viagens,Passagem Aérea - Sigepa,,,,,0,1,1392.20,185430.171967,136227.76556134285,-1.351,Comportamento esperado
228,220570,Dr. Ismael Alexandrino,PSD,GO,Outros,Manutenção De Escritório De Apoio À Atividade Parlamentar,0,Documento não consultado por não ser CNPJ,NOT_APPLICABLE,,1,13,73233.60,100447.486545,162486.21407041358,-0.1675,Comportamento esperado
237,230088,Dra. Mayra Pinheiro,PL,CE,Locomoção,Locação Ou Fretamento De Veículos Automotores,0,Sem indício cadastral crítico,FOUND,ATIVA,1,2,8400.00,139651.247778,143531.8586124825,-0.9144,Comportamento esperado
617,74165,Neucimar Fraga,PP,ES,Serviços profissionais,"Consultorias, Pesquisas E Trabalhos Técnicos.",1,Situação cadastral não ativa: SUSPENSA,FOUND,SUSPENSA,1,3,32000.00,58062.500000,47700.19279685506,-0.5464,Fornecedor com CNPJ suspeito
364,220568,Gustavo Gayer,PL,GO,Alimentação,Fornecimento De Alimentação Do Parlamentar,1,Situação cadastral não ativa: INAPTA,FOUND,INAPTA,1,1,48.90,3293.239000,7032.529544734017,-0.4613,Fornecedor com CNPJ suspeito
15,204495,Airton Faleiro,PT,PA,Locomoção,Locação Ou Fretamento De Aeronaves,0,Sem indício cadastral crítico,FOUND,ATIVA,1,1,5000.00,174153.634444,279835.95128643257,-0.6045,Comportamento esperado
432,204555,José Ricardo,PT,AM,Alimentação,Fornecimento De Alimentação Do Parlamentar,0,Sem indício cadastral crítico,FOUND,ATIVA,6,18,795.68,383.060000,363.5203031468806,1.1351,Comportamento esperado
66,220549,Any Ortiz,PP,RS,Viagens,Passagem Aérea - Sigepa,,,,,0,227,279833.61,223297.576531,126627.95953182003,0.4465,Comportamento esperado
20,220538,Albuquerque,REPUBLICANOS,RR,Alimentação,Fornecimento De Alimentação Do Parlamentar,0,Sem indício cadastral crítico,FOUND,ATIVA,9,77,3961.51,1122.687500,1895.5969672792617,1.4976,Comportamento esperado
98,210989,Bruno Farias,REPUBLICANOS,MG,Outros,Manutenção De Escritório De Apoio À Atividade Parlamentar,0,Sem indício cadastral crítico,FOUND,ATIVA,12,168,189082.69,123562.947566,162703.54342443834,0.4027,Comportamento esperado
144,98148,Cobalchini,MDB,SC,Combustível,Combustíveis E Lubrificantes.,0,Sem indício cadastral crítico,FOUND,ATIVA,216,737,153602.53,63943.250339,85631.6159933909,1.047,Comportamento esperado
343,220529,Gilson Daniel,PODE,ES,Publicidade,Divulgação Da Atividade Parlamentar.,0,Sem indício cadastral crítico,FOUND,ATIVA,19,120,799790.00,254942.876552,301625.34822291706,1.8064,Comportamento esperado
765,220644,Rosangela Moro,PL,SP,Alimentação,Fornecimento De Alimentação Do Parlamentar,0,Sem indício cadastral crítico,FOUND,ATIVA,9,62,5312.39,3366.001170,5609.697337170304,0.347,Comportamento esperado
209,178929,Diego Garcia,UNIÃO,PR,Outros,Manutenção De Escritório De Apoio À Atividade Parlamentar,0,Sem indício cadastral crítico,FOUND,ATIVA,25,233,270461.06,86193.122500,116860.66498214444,1.5768,Comportamento esperado
388,204533,Idilvan Alencar,PSB,CE,Publicidade,Divulgação Da Atividade Parlamentar.,0,Sem indício cadastral crítico,FOUND,ATIVA,8,52,331696.19,263931.285395,366906.3702021798,0.1847,Comportamento esperado
343,220529,Gilson Daniel,PODE,ES,Viagens,Passagem Aérea - Sigepa,,,,,0,160,157894.18,159760.155882,99464.81207952778,-0.0188,Comportamento esperado
194,220583,Delegado Fabio Costa,PP,AL,Hotéis,"Hospedagem ,exceto Do Parlamentar No Distrito Federal.",0,Sem indício cadastral crítico,FOUND,ATIVA,8,11,6915.61,10355.987000,9952.54062426837,-0.3457,Comportamento esperado
438,74550,João Leão,PP,BA,Outros,Manutenção De Escritório De Apoio À Atividade Parlamentar,0,Documento não consultado por não ser CNPJ,NOT_APPLICABLE,,1,38,190000.00,98257.521290,134321.8726415135,0.683,Comportamento esperado
390,204508,Igor Timo,PODE,MG,Hotéis,"Hospedagem ,exceto Do Parlamentar No Distrito Federal.",0,Sem indício cadastral crítico,FOUND,ATIVA,44,183,44349.65,17018.453084,26330.369533202334,1.038,Comportamento esperado
225,220688,Dr. Francisco,PT,PI,Hotéis,"Hospedagem ,exceto Do Parlamentar No Distrito Federal.",0,Sem indício cadastral crítico,FOUND,ATIVA,3,12,6301.00,7549.470769,12134.625273294365,-0.1029,Comportamento esperado
211,220671,Dilvanda Faro,PT,PA,Combustível,Combustíveis E Lubrificantes.,0,Sem indício cadastral crítico,FOUND,ATIVA,4,38,306894.11,39488.928400,62234.56368268833,4.2967,Anomalia financeira extrema
370,178873,Helder Salomão,PT,ES,Locomoção,Locação Ou Fretamento De Veículos Automotores,0,Sem indício cadastral crítico,FOUND,ATIVA,1,100,264111.28,171214.090476,129265.73835992759,0.7187,Comportamento esperado
353,229333,Gláucia Santiago,PL,MG,Outros,"Serviço De Táxi, Pedágio E Estacionamento",0,Sem indício cadastral crítico,FOUND,ATIVA,2,3,304.00,5572.245385,10370.293242628488,-0.508,Comportamento esperado
472,231911,Lenir De Assis,PT,PR,Viagens,Passagem Aérea - Sigepa,,,,,0,31,43291.35,173223.575536,125997.34942419773,-1.0312,Comportamento esperado
159,204370,Célio Moura,PT,TO,Outros,Manutenção De Escritório De Apoio À Atividade Parlamentar,1,Situação cadastral não ativa: BAIXADA,FOUND,BAIXADA,1,1,422.80,60332.404118,100110.53801139936,-0.5984,Fornecedor com CNPJ suspeito
768,178935,Rossoni,PSDB,PR,Outros,"Serviço De Táxi, Pedágio E Estacionamento",0,Sem indício cadastral crítico,FOUND,ATIVA,6,13,178.59,5713.999474,13397.131596894355,-0.4132,Comportamento esperado
642,160556,Padre João,PT,MG,Hotéis,"Hospedagem ,exceto Do Parlamentar No Distrito Federal.",0,Sem indício cadastral crítico,FOUND,ATIVA,100,237,71749.70,17018.453084,26330.369533202334,2.0786,Possível anomalia financeira
385,204373,Hélio Costa,PSD,SC,Publicidade,Divulgação Da Atividade Parlamentar.,0,Sem indício cadastral crítico,FOUND,ATIVA,12,46,49970.00,148561.773265,217765.15459275612,-0.4527,Comportamento esperado
400,220697,Jadyel Alencar,REPUBLICANOS,PI,Publicidade,Divulgação Da Atividade Parlamentar.,0,Sem indício cadastral crítico,FOUND,ATIVA,28,220,1087943.40,255170.175556,326071.87108703476,2.554,Possível anomalia financeira
860,178952,Walter Alves,MDB,RN,Combustível,Combustíveis E Lubrificantes.,0,Sem indício cadastral crítico,FOUND,ATIVA,7,31,47417.78,51927.710333,76131.03428420173,-0.0592,Comportamento esperado
2,204521,Abou Anni,UNIÃO,SP,Alimentação,Fornecimento De Alimentação Do Parlamentar,0,Sem indício cadastral crítico,FOUND,ATIVA,53,130,5706.81,3366.001170,5609.697337170304,0.4173,Comportamento esperado
431,74079,José Priante,MDB,PA,Viagens,Passagem Aérea - Rpa,0,Sem indício cadastral crítico,FOUND,ATIVA,3,39,88333.00,40638.794706,54559.71826891466,0.8742,Comportamento esperado
358,220639,Guilherme Boulos,PSOL,SP,Publicidade,Divulgação Da Atividade Parlamentar.,0,Sem indício cadastral crítico,FOUND,ATIVA,14,59,494380.00,243741.226243,313657.1515008437,0.7991,Comportamento esperado
170,74060,Daniel Almeida,PCDOB,BA,Comunicação,Telefonia,0,Sem indício cadastral crítico,FOUND,ATIVA,5,64,12691.15,23153.030698,23468.568952979214,-0.4458,Comportamento esperado
706,220586,Rafael Brito,MDB,AL,Outros,"Serviço De Táxi, Pedágio E Estacionamento",0,Sem indício cadastral crítico,FOUND,ATIVA,5,27,2010.14,1936.338000,1628.915374572909,0.0453,Comportamento esperado
136,204462,Chris Tonietto,PL,RJ,Outros,"Passagens Terrestres, Marítimas Ou Fluviais",0,Sem indício cadastral crítico,FOUND,ATIVA,4,141,10115.64,1539.978571,2924.304901002727,2.9325,Possível anomalia financeira
370,178873,Helder Salomão,PT,ES,Publicidade,Divulgação Da Atividade Parlamentar.,0,Sem indício cadastral crítico,FOUND,ATIVA,14,75,462513.84,254942.876552,301625.34822291706,0.6882,Comportamento esperado
831,160976,Tiririca,PSD,SP,Locomoção,Locação Ou Fretamento De Veículos Automotores,0,Sem indício cadastral crítico,FOUND,ATIVA,2,36,221100.00,147254.510948,139673.23431152088,0.5287,Comportamento esperado
578,141508,Mauro Nazif,PSB,RO,Publicidade,Divulgação Da Atividade Parlamentar.,0,Sem indício cadastral crítico,FOUND,ATIVA,9,71,44410.00,289552.191071,359934.1329827757,-0.6811,Comportamento esperado
137,178928,Christiane De Souza Yared,PP,PR,Alimentação,Fornecimento De Alimentação Do Parlamentar,0,Sem indício cadastral crítico,FOUND,ATIVA,9,26,2301.99,4173.948542,8441.04850518495,-0.2218,Comportamento esperado
180,62881,Danilo Forte,PP,CE,Outros,Manutenção De Escritório De Apoio À Atividade Parlamentar,1,Situação cadastral não ativa: BAIXADA,FOUND,BAIXADA,1,27,2685.64,68348.775082,105244.60317209057,-0.6239,Fornecedor com CNPJ suspeito
24,160511,Alessandro Molon,PSB,RJ,Viagens,Passagem Aérea - Rpa,0,Sem indício cadastral crítico,FOUND,ATIVA,3,11,11262.15,24365.871064,36425.48190750471,-0.3597,Comportamento esperado
91,141513,Bilac Pinto,UNIÃO,MG,Comunicação,Telefonia,0,Sem indício cadastral crítico,FOUND,ATIVA,2,6,7033.64,15607.667083,19082.29985422686,-0.4493,Comportamento esperado
780,204416,Sanderson,PL,RS,Hotéis,"Hospedagem ,exceto Do Parlamentar No Distrito Federal.",1,Situação cadastral não ativa: BAIXADA,FOUND,BAIXADA,1,1,237.29,21826.986437,35658.661568585754,-0.6055,Fornecedor com CNPJ suspeito
579,220609,Maurício Carvalho,UNIÃO,RO,Outros,Manutenção De Escritório De Apoio À Atividade Parlamentar,1,Situação cadastral não ativa: BAIXADA,FOUND,BAIXADA,1,7,2010.70,40149.183103,63678.43736701476,-0.5989,Fornecedor com CNPJ suspeito
390,204508,Igor Timo,PODE,MG,Viagens,Passagem Aérea - Sigepa,,,,,0,11,17152.28,195216.599630,167832.49260588933,-1.061,Comportamento esperado
658,178860,Paulo Azi,UNIÃO,BA,Comunicação,Telefonia,0,Sem indício cadastral crítico,FOUND,ATIVA,2,27,17614.85,23153.030698,23468.568952979214,-0.236,Comportamento esperado
345,220526,Gilvan Da Federal,PL,ES,Locomoção,Locação Ou Fretamento De Veículos Automotores,0,Sem indício cadastral crítico,FOUND,ATIVA,5,82,318325.90,171214.090476,129265.73835992759,1.1381,Comportamento esperado
94,74052,Bosco Costa,PL,SE,Outros,Manutenção De Escritório De Apoio À Atividade Parlamentar,0,Documento não consultado por não ser CNPJ,NOT_APPLICABLE,,1,12,27000.00,43647.935652,66268.36061748704,-0.2512,Comportamento esperado
176,204409,Daniel Trzeciak,PSDB,RS,Publicidade,Divulgação Da Atividade Parlamentar.,1,Erro na consulta pública de CNPJ,ERROR,,1,2,303.07,215724.063125,265101.600265673,-0.8126,Fornecedor com CNPJ suspeito
209,178929,Diego Garcia,REPUBLICANOS,PR,Outros,"Passagens Terrestres, Marítimas Ou Fluviais",0,Sem indício cadastral crítico,FOUND,ATIVA,3,15,4343.71,1895.154815,2124.8795888027494,1.1523,Comportamento esperado
760,178861,Ronaldo Carletto,PP,BA,Viagens,Passagem Aérea - Reembolso,0,Sem indício cadastral crítico,FOUND,ATIVA,2,2,1249.59,6722.195000,9392.208684505544,-0.5827,Comportamento esperado
196,220701,Delegado Matheus Laiola,UNIÃO,PR,Viagens,Passagem Aérea - Reembolso,0,Sem indício cadastral crítico,FOUND,ATIVA,2,3,3760.02,17801.644063,39455.64199846602,-0.3559,Comportamento esperado
305,141434,Flaviano Melo,MDB,AC,Locomoção,Locação Ou Fretamento De Veículos Automotores,0,Sem indício cadastral crítico,FOUND,ATIVA,2,5,5802.13,136825.250667,132327.06516765346,-0.9901,Comportamento esperado
675,90201,Pedro Augusto Bezerra,PDT,CE,Outros,Manutenção De Escritório De Apoio À Atividade Parlamentar,0,Sem indício cadastral crítico,FOUND,ATIVA,2,15,36458.40,68348.775082,105244.60317209057,-0.303,Comportamento esperado
152,220590,Coronel Ulysses,UNIÃO,AC,Publicidade,Divulgação Da Atividade Parlamentar.,0,Sem indício cadastral crítico,FOUND,ATIVA,35,296,937479.07,295132.464706,394989.3569390969,1.6262,Comportamento esperado
664,204492,Paulo Guedes,PT,MG,Combustível,Combustíveis E Lubrificantes.,0,Sem indício cadastral crítico,FOUND,ATIVA,137,591,156380.43,65306.104375,92314.0005265802,0.9866,Comportamento esperado
69,141391,Arnaldo Jardim,CIDADANIA,SP,Combustível,Combustíveis E Lubrificantes.,0,Sem indício cadastral crítico,FOUND,ATIVA,322,945,135346.52,42192.750821,64034.19773844777,1.4548,Comportamento esperado
648,220615,Pastor Henrique Vieira,PSOL,RJ,Viagens,Passagem Aérea - Sigepa,,,,,0,342,380334.78,213577.740357,175550.75566941444,0.9499,Comportamento esperado
352,107283,Gleisi Hoffmann,PT,PR,Outros,Manutenção De Escritório De Apoio À Atividade Parlamentar,0,Sem indício cadastral crítico,FOUND,ATIVA,9,224,494836.10,86193.122500,116860.66498214444,3.4968,Anomalia financeira extrema
92,204561,Bira Do Pindaré,PSB,MA,Outros,Manutenção De Escritório De Apoio À Atividade Parlamentar,0,Documento não consultado por não ser CNPJ,NOT_APPLICABLE,,2,12,51600.00,64195.130784,109861.24089764054,-0.1146,Comportamento esperado
168,220603,Dani Cunha,PL,RJ,Outros,Manutenção De Escritório De Apoio À Atividade Parlamentar,1,Situação cadastral não ativa: BAIXADA,FOUND,BAIXADA,2,11,11108.48,80988.593819,134414.71100556676,-0.5199,Fornecedor com CNPJ suspeito
10,141372,Aelton Freitas,PP,MG,Hotéis,"Hospedagem ,exceto Do Parlamentar No Distrito Federal.",0,Sem indício cadastral crítico,FOUND,ATIVA,28,64,15097.19,17018.453084,26330.369533202334,-0.073,Comportamento esperado
144,98148,Cobalchini,MDB,SC,Viagens,Passagem Aérea - Sigepa,,,,,0,340,304741.65,213397.721034,170101.01243018164,0.537,Comportamento esperado
416,205550,Jorge Braz,REPUBLICANOS,RJ,Viagens,Passagem Aérea - Reembolso,0,Sem indício cadastral crítico,FOUND,ATIVA,1,2,3111.41,9840.865893,10669.362639943789,-0.6307,Comportamento esperado
442,204474,Juarez Costa,MDB,MT,Viagens,Passagem Aérea - Sigepa,,,,,0,62,77770.58,116334.207895,92091.32039496631,-0.4188,Comportamento esperado
783,204387,Sargento Fahur,PL,PR,Outros,Manutenção De Escritório De Apoio À Atividade Parlamentar,0,Sem indício cadastral crítico,FOUND,ATIVA,8,142,119508.37,86193.122500,116860.66498214444,0.2851,Comportamento esperado
859,160569,Waldenor Pereira,PT,BA,Locomoção,Locação Ou Fretamento De Veículos Automotores,0,Sem indício cadastral crítico,FOUND,ATIVA,6,83,396493.19,292409.611930,213979.496522466,0.4864,Comportamento esperado
144,98148,Cobalchini,MDB,SC,Outros,Manutenção De Escritório De Apoio À Atividade Parlamentar,0,Sem indício cadastral crítico,FOUND,ATIVA,12,172,87047.25,70964.571200,106769.4367602354,0.1506,Comportamento esperado
63,220638,Antonio Carlos Rodrigues,PL,SP,Locomoção,Locação Ou Fretamento De Veículos Automotores,0,Sem indício cadastral crítico,FOUND,ATIVA,3,45,214280.00,147254.510948,139673.23431152088,0.4799,Comportamento esperado
777,178990,Samuel Moreira,PSDB,SP,Outros,Manutenção De Escritório De Apoio À Atividade Parlamentar,0,Sem indício cadastral crítico,FOUND,ATIVA,9,78,53924.89,98538.487659,143509.98800071477,-0.3109,Comportamento esperado
223,220614,Dr. Daniel Soranz,PSD,RJ,Alimentação,Fornecimento De Alimentação Do Parlamentar,0,Sem indício cadastral crítico,FOUND,ATIVA,9,11,943.89,5314.154545,11413.915891543053,-0.3829,Comportamento esperado
4,204379,Acácio Favacho,MDB,AP,Viagens,Passagem Aérea - Reembolso,1,Erro na consulta pública de CNPJ,ERROR,,1,1,17184.80,8586.811250,7146.613846186054,1.2031,Fornecedor com CNPJ suspeito
878,160632,Zé Silva,UNIÃO,MG,Publicidade,Divulgação Da Atividade Parlamentar.,0,Sem indício cadastral crítico,FOUND,ATIVA,11,95,729002.00,194891.353020,276881.75990132586,1.929,Comportamento esperado
255,220589,Eduardo Velloso,SOLIDARIEDADE,AC,Combustível,Combustíveis E Lubrificantes.,1,CNPJ não encontrado na API pública,NOT_FOUND,,1,2,200.00,74559.202308,89345.09325877228,-0.8323,Fornecedor com CNPJ suspeito
191,220642,Delegado Bruno Lima,PODE,SP,Publicidade,Divulgação Da Atividade Parlamentar.,0,Sem indício cadastral crítico,FOUND,ATIVA,9,37,195050.32,243741.226243,313657.1515008437,-0.1552,Comportamento esperado
537,220599,Marcelo Crivella,REPUBLICANOS,RJ,Hotéis,"Hospedagem ,exceto Do Parlamentar No Distrito Federal.",0,Sem indício cadastral crítico,FOUND,ATIVA,7,7,4070.73,13016.628636,21468.959145470457,-0.4167,Comportamento esperado
88,207176,Bia Cavassa,PSDB,MS,Publicidade,Divulgação Da Atividade Parlamentar.,0,Sem indício cadastral crítico,FOUND,ATIVA,9,17,55713.75,244824.753226,352025.1744174792,-0.5372,Comportamento esperado
863,74043,Wellington Roberto,PL,PB,Serviços profissionais,"Consultorias, Pesquisas E Trabalhos Técnicos.",0,Sem indício cadastral crítico,FOUND,ATIVA,3,20,195700.00,52901.666667,54299.06776921737,2.6298,Possível anomalia financeira
485,196358,Lourival Gomes,PP,RJ,Outros,Manutenção De Escritório De Apoio À Atividade Parlamentar,0,Documento não consultado por não ser CNPJ,NOT_APPLICABLE,,1,12,10333.12,80988.593819,134414.71100556676,-0.5257,Comportamento esperado
311,220551,Franciane Bayer,REPUBLICANOS,RS,Comunicação,Telefonia,0,Sem indício cadastral crítico,FOUND,ATIVA,1,39,16955.29,19321.830435,18898.364290143905,-0.1252,Comportamento esperado
323,160587,Fábio Trad,PSD,MS,Alimentação,Fornecimento De Alimentação Do Parlamentar,0,Sem indício cadastral crítico,FOUND,ATIVA,1,8,638.78,1353.213333,1612.688595893516,-0.443,Comportamento esperado
350,152605,Glauber Braga,PSOL,RJ,Outros,Manutenção De Escritório De Apoio À Atividade Parlamentar,1,Situação cadastral não ativa: INAPTA,FOUND,INAPTA,1,11,6900.00,80988.593819,134414.71100556676,-0.5512,Fornecedor com CNPJ suspeito
303,204411,Filipe Barros,PL,PR,Publicidade,Assinatura De Publicações,0,Sem indício cadastral crítico,FOUND,ATIVA,1,18,1467.10,799.995625,610.7018274408415,1.0924,Comportamento esperado
885,,,,NA,Alimentação,Fornecimento De Alimentação Do Parlamentar,1,Situação cadastral não ativa: BAIXADA,FOUND,BAIXADA,1,15,13940.00,76824.316875,122514.48277202321,-0.5133,Fornecedor com CNPJ suspeito
504,204410,Luisa Canziani,PSD,PR,Locomoção,Locação Ou Fretamento De Veículos Automotores,0,Sem indício cadastral crítico,FOUND,ATIVA,1,12,44400.00,113439.957419,130977.93601797776,-0.5271,Comportamento esperado
856,178992,Vitor Lippi,PSD,SP,Viagens,Passagem Aérea - Reembolso,0,Sem indício cadastral crítico,FOUND,ATIVA,3,3,5040.53,9758.571000,11443.414965885137,-0.4123,Comportamento esperado
60,73696,Angela Amin,PP,SC,Publicidade,Divulgação Da Atividade Parlamentar.,0,Sem indício cadastral crítico,FOUND,ATIVA,2,9,54000.00,148561.773265,217765.15459275612,-0.4342,Comportamento esperado
789,77003,Sergio Santos Rodrigues,PODE,MG,Combustível,Combustíveis E Lubrificantes.,0,Sem indício cadastral crítico,FOUND,ATIVA,17,31,8954.68,65306.104375,92314.0005265802,-0.6104,Comportamento esperado
625,227660,Nitinho,PSD,SE,Viagens,Passagem Aérea - Sigepa,,,,,0,222,221365.73,155702.681579,99733.68864426478,0.6584,Comportamento esperado
635,73692,Osmar Terra,PL,RS,Alimentação,Fornecimento De Alimentação Do Parlamentar,0,Sem indício cadastral crítico,FOUND,ATIVA,145,337,27806.11,7368.085075,13657.337051272762,1.4965,Comportamento esperado
390,204508,Igor Timo,UNIÃO,MG,Outros,Manutenção De Escritório De Apoio À Atividade Parlamentar,0,Documento não consultado por não ser CNPJ,NOT_APPLICABLE,,2,31,418647.60,123562.947566,162703.54342443834,1.8136,Comportamento esperado
495,74478,Luciano Bivar,MDB,PE,Viagens,Passagem Aérea - Sigepa,,,,,0,204,251004.92,221741.150682,163177.94412569836,0.1793,Comportamento esperado
63,220638,Antonio Carlos Rodrigues,PL,SP,Combustível,Combustíveis E Lubrificantes.,0,Sem indício cadastral crítico,FOUND,ATIVA,42,169,150826.63,42192.750821,64034.19773844777,1.6965,Comportamento esperado
750,223128,Rodrigo Estacho,PSD,PR,Hotéis,"Hospedagem ,exceto Do Parlamentar No Distrito Federal.",0,Sem indício cadastral crítico,FOUND,ATIVA,86,156,42480.68,18419.328649,34024.43115299299,0.7072,Comportamento esperado
450,204457,Juninho Do Pneu,UNIÃO,RJ,Viagens,Passagem Aérea - Sigepa,,,,,0,60,72396.58,213577.740357,175550.75566941444,-0.8042,Comportamento esperado
173,204367,Daniel Freitas,PL,SC,Outros,Manutenção De Escritório De Apoio À Atividade Parlamentar,0,Sem indício cadastral crítico,FOUND,ATIVA,18,573,561386.64,70964.571200,106769.4367602354,4.5933,Anomalia financeira extrema
818,220682,Tadeu Veneri,PT,PR,Outros,"Passagens Terrestres, Marítimas Ou Fluviais",0,Sem indício cadastral crítico,FOUND,ATIVA,4,16,3729.95,1895.154815,2124.8795888027494,0.8635,Comportamento esperado
277,160575,Erika Kokay,PT,DF,Outros,Manutenção De Escritório De Apoio À Atividade Parlamentar,0,Sem indício cadastral crítico,FOUND,ATIVA,3,25,35991.35,95246.480000,164390.52276665662,-0.3605,Comportamento esperado
359,204531,Guilherme Derrite,PL,SP,Comunicação,Telefonia,0,Sem indício cadastral crítico,FOUND,ATIVA,1,35,7576.75,19889.940211,25751.500071775903,-0.4782,Comportamento esperado
601,220687,Márcio Honaiser,SOLIDARIEDADE,MA,Outros,"Passagens Terrestres, Marítimas Ou Fluviais",0,Sem indício cadastral crítico,FOUND,ATIVA,5,32,9561.39,2098.127143,3387.0696388112747,2.2035,Possível anomalia financeira
602,81055,Márcio Jerry,PCDOB,MA,Comunicação,Telefonia,0,Sem indício cadastral crítico,FOUND,ATIVA,5,36,7891.60,18512.680625,18171.321371846523,-0.5845,Comportamento esperado
596,220617,Murillo Gouvea,PSDB,RJ,Outros,Manutenção De Escritório De Apoio À Atividade Parlamentar,0,Sem indício cadastral crítico,FOUND,ATIVA,2,38,26479.75,80988.593819,134414.71100556676,-0.4055,Comportamento esperado
879,220558,Zé Trovão,PL,SC,Outros,Manutenção De Escritório De Apoio À Atividade Parlamentar,0,Documento não consultado por não ser CNPJ,NOT_APPLICABLE,,1,39,328942.86,70964.571200,106769.4367602354,2.4162,Possível anomalia financeira
589,171786,Miguel Ângelo,PT,MG,Comunicação,Telefonia,0,Sem indício cadastral crítico,FOUND,ATIVA,3,25,8130.73,15607.667083,19082.29985422686,-0.3918,Comportamento esperado
191,220642,Delegado Bruno Lima,PODE,SP,Combustível,Combustíveis E Lubrificantes.,0,Sem indício cadastral crítico,FOUND,ATIVA,47,155,79447.02,42192.750821,64034.19773844777,0.5818,Comportamento esperado
195,204512,Delegado Marcelo Freitas,UNIÃO,MG,Viagens,Passagem Aérea - Reembolso,0,Sem indício cadastral crítico,FOUND,ATIVA,4,5,46363.06,7020.191961,10297.188894597206,3.8207,Anomalia financeira extrema
176,204409,Daniel Trzeciak,PSDB,RS,Combustível,Combustíveis E Lubrificantes.,1,Situação cadastral não ativa: BAIXADA,FOUND,BAIXADA,7,8,1625.91,60520.148547,97388.05968907535,-0.6047,Fornecedor com CNPJ suspeito
637,141515,Otavio Leite,PSDB,RJ,Serviços profissionais,"Consultorias, Pesquisas E Trabalhos Técnicos.",1,Situação cadastral não ativa: BAIXADA,FOUND,BAIXADA,1,1,2000.00,51555.638000,51954.41216850247,-0.9538,Fornecedor com CNPJ suspeito
589,171786,Miguel Ângelo,PT,MG,Outros,Manutenção De Escritório De Apoio À Atividade Parlamentar,0,Documento não consultado por não ser CNPJ,NOT_APPLICABLE,,1,35,174650.00,123562.947566,162703.54342443834,0.314,Comportamento esperado
736,213274,Ricardo Silva,PSD,SP,Publicidade,Divulgação Da Atividade Parlamentar.,1,Situação cadastral não ativa: BAIXADA,FOUND,BAIXADA,1,11,114500.00,243741.226243,313657.1515008437,-0.412,Fornecedor com CNPJ suspeito
217,227433,Douglas Viegas,UNIÃO,SP,Viagens,Passagem Aérea - Reembolso,0,Sem indício cadastral crítico,FOUND,ATIVA,2,2,2187.20,9758.571000,11443.414965885137,-0.6616,Comportamento esperado
613,220622,Nely Aquino,PODE,MG,Publicidade,Divulgação Da Atividade Parlamentar.,1,Situação cadastral não ativa: BAIXADA,FOUND,BAIXADA,2,2,8750.00,194891.353020,276881.75990132586,-0.6723,Fornecedor com CNPJ suspeito
614,204415,Nereu Crispim,PSD,RS,Comunicação,Telefonia,0,Sem indício cadastral crítico,FOUND,ATIVA,3,31,8207.27,19321.830435,18898.364290143905,-0.5881,Comportamento esperado
589,171786,Miguel Ângelo,PT,MG,Alimentação,Fornecimento De Alimentação Do Parlamentar,1,Situação cadastral não ativa: BAIXADA,FOUND,BAIXADA,1,1,20.97,3421.773553,6721.942950865462,-0.5059,Fornecedor com CNPJ suspeito
670,133968,Paulo Ramos,PDT,RJ,Outros,Manutenção De Escritório De Apoio À Atividade Parlamentar,1,Situação cadastral não ativa: BAIXADA,FOUND,BAIXADA,1,1,248.04,80988.593819,134414.71100556676,-0.6007,Fornecedor com CNPJ suspeito
681,122974,Pedro Lucas Fernandes,UNIÃO,MA,Combustível,Combustíveis E Lubrificantes.,1,Situação cadastral não ativa: BAIXADA,FOUND,BAIXADA,2,3,902.51,34895.172615,52384.05405357016,-0.6489,Fornecedor com CNPJ suspeito
289,220712,Fausto Jr.,UNIÃO,AM,Locomoção,Locação Ou Fretamento De Aeronaves,0,Sem indício cadastral crítico,FOUND,ATIVA,4,9,206850.00,399154.866667,405851.79112272314,-0.4738,Comportamento esperado
209,178929,Diego Garcia,UNIÃO,PR,Viagens,Passagem Aérea - Sigepa,,,,,0,266,281466.45,173223.575536,125997.34942419773,0.8591,Comportamento esperado
661,160517,Paulo Folletto,PSB,ES,Viagens,Passagem Aérea - Sigepa,,,,,0,133,138618.37,159760.155882,99464.81207952778,-0.2126,Comportamento esperado
682,204395,Pedro Lupion,PP,PR,Combustível,Combustíveis E Lubrificantes.,0,Sem indício cadastral crítico,FOUND,ATIVA,9,151,43689.13,57944.345500,82353.4495793919,-0.1731,Comportamento esperado
790,178933,Sergio Souza,MDB,PR,Hotéis,"Hospedagem ,exceto Do Parlamentar No Distrito Federal.",0,Sem indício cadastral crítico,FOUND,ATIVA,66,174,86737.01,18419.328649,34024.43115299299,2.0079,Possível anomalia financeira
503,160510,Luis Tibé,AVANTE,MG,Comunicação,Telefonia,0,Sem indício cadastral crítico,FOUND,ATIVA,3,177,73048.25,15607.667083,19082.29985422686,3.0101,Anomalia financeira extrema
482,204405,Liziane Bayer,REPUBLICANOS,RS,Combustível,Combustíveis E Lubrificantes.,1,Situação cadastral não ativa: INAPTA,FOUND,INAPTA,1,7,2062.51,60520.148547,97388.05968907535,-0.6003,Fornecedor com CNPJ suspeito
526,139285,Lídice Da Mata,PSB,BA,Outros,"Serviço De Táxi, Pedágio E Estacionamento",0,Sem indício cadastral crítico,FOUND,ATIVA,17,1127,43219.17,7947.726552,12451.86965129915,2.8326,Possível anomalia financeira
57,133439,André Figueiredo,PDT,CE,Outros,Manutenção De Escritório De Apoio À Atividade Parlamentar,0,Sem indício cadastral crítico,FOUND,ATIVA,9,193,372380.65,68348.775082,105244.60317209057,2.8888,Possível anomalia financeira
277,160575,Erika Kokay,PT,DF,Publicidade,Divulgação Da Atividade Parlamentar.,0,Sem indício cadastral crítico,FOUND,ATIVA,7,52,1423349.00,274983.723704,375023.4293293225,3.0621,Anomalia financeira extrema
11,160508,Afonso Florence,PT,BA,Publicidade,Divulgação Da Atividade Parlamentar.,1,Situação cadastral não ativa: BAIXADA,FOUND,BAIXADA,2,10,41806.46,317318.910361,328157.1355142384,-0.8396,Fornecedor com CNPJ suspeito
3,204554,Abílio Santana,PSC,BA,Combustível,Combustíveis E Lubrificantes.,0,Sem indício cadastral crítico,FOUND,ATIVA,69,91,28102.89,76280.976842,110667.4963849575,-0.4353,Comportamento esperado
510,74041,Luiz Couto,PT,PB,Comunicação,Telefonia,0,Sem indício cadastral crítico,FOUND,ATIVA,2,39,23581.14,7288.602667,11193.533001502294,1.4555,Comportamento esperado
365,204408,Gustinho Ribeiro,REPUBLICANOS,SE,Serviços profissionais,"Consultorias, Pesquisas E Trabalhos Técnicos.",0,Sem indício cadastral crítico,FOUND,ATIVA,1,8,376000.00,82649.800000,100296.5049865647,2.9248,Possível anomalia financeira
738,220693,Roberta Roma,PL,BA,Publicidade,Divulgação Da Atividade Parlamentar.,0,Sem indício cadastral crítico,FOUND,ATIVA,18,116,667752.47,317318.910361,328157.1355142384,1.0679,Comportamento esperado
153,178963,Covatti Filho,PP,RS,Comunicação,Telefonia,0,Sem indício cadastral crítico,FOUND,ATIVA,1,112,43994.99,19321.830435,18898.364290143905,1.3056,Comportamento esperado
34,221148,Alfredinho,PT,SP,Alimentação,Fornecimento De Alimentação Do Parlamentar,0,Sem indício cadastral crítico,FOUND,ATIVA,10,55,4120.23,3366.001170,5609.697337170304,0.1345,Comportamento esperado
425,215043,Josivaldo Jp,UNIÃO,MA,Locomoção,Locação Ou Fretamento De Veículos Automotores,0,Sem indício cadastral crítico,FOUND,ATIVA,3,16,67184.66,122090.952683,112418.39663710551,-0.4884,Comportamento esperado
856,178992,Vitor Lippi,PSDB,SP,Comunicação,Telefonia,0,Sem indício cadastral crítico,FOUND,ATIVA,1,22,3148.41,19889.940211,25751.500071775903,-0.6501,Comportamento esperado
281,178871,Evair Vieira De Melo,REPUBLICANOS,ES,Publicidade,Divulgação Da Atividade Parlamentar.,1,Situação cadastral não ativa: BAIXADA,FOUND,BAIXADA,5,29,140465.00,254942.876552,301625.34822291706,-0.3795,Fornecedor com CNPJ suspeito
49,220556,Ana Paula Lima,PT,SC,Locomoção,Locação Ou Fretamento De Veículos Automotores,0,Sem indício cadastral crítico,FOUND,ATIVA,2,16,72962.51,154711.621212,151032.92349497412,-0.5413,Comportamento esperado
208,220691,Diego Coronel,REPUBLICANOS,BA,Hotéis,"Hospedagem ,exceto Do Parlamentar No Distrito Federal.",0,Sem indício cadastral crítico,FOUND,ATIVA,13,15,17007.18,14559.116889,26542.375379101115,0.0922,Comportamento esperado
666,220685,Paulo Litro,UNIÃO,PR,Hotéis,"Hospedagem ,exceto Do Parlamentar No Distrito Federal.",1,Erro na consulta pública de CNPJ,ERROR,,1,1,619.82,18419.328649,34024.43115299299,-0.5231,Fornecedor com CNPJ suspeito
416,205550,Jorge Braz,REPUBLICANOS,RJ,Publicidade,Divulgação Da Atividade Parlamentar.,0,Sem indício cadastral crítico,FOUND,ATIVA,4,44,744551.06,226781.355120,259582.44863584734,1.9946,Comportamento esperado
162,204355,Da Vitoria,PP,ES,Viagens,Passagem Aérea - Reembolso,0,Sem indício cadastral crítico,FOUND,ATIVA,1,1,2623.23,10428.191818,24247.266158601393,-0.3219,Comportamento esperado
279,204482,Euclydes Pettersen,REPUBLICANOS,MG,Combustível,Combustíveis E Lubrificantes.,0,Sem indício cadastral crítico,FOUND,ATIVA,13,59,193257.77,65306.104375,92314.0005265802,1.386,Comportamento esperado
401,74848,Jandira Feghali,PCDOB,RJ,Hotéis,"Hospedagem ,exceto Do Parlamentar No Distrito Federal.",0,Sem indício cadastral crítico,FOUND,ATIVA,5,5,3534.85,13016.628636,21468.959145470457,-0.4417,Comportamento esperado
582,220591,Meire Serafim,UNIÃO,AC,Outros,Manutenção De Escritório De Apoio À Atividade Parlamentar,0,Sem indício cadastral crítico,FOUND,ATIVA,2,2,2938.30,29735.132000,50394.769544197494,-0.5317,Comportamento esperado
576,204486,Mauro Benevides Filho,PDT,CE,Serviços profissionais,"Consultorias, Pesquisas E Trabalhos Técnicos.",0,Sem indício cadastral crítico,FOUND,ATIVA,1,1,29000.00,67459.660000,60466.2251856053,-0.6361,Comportamento esperado
93,160538,Bohn Gass,PT,RS,Comunicação,Telefonia,1,Situação cadastral não ativa: BAIXADA,FOUND,BAIXADA,1,1,104.67,19321.830435,18898.364290143905,-1.0169,Fornecedor com CNPJ suspeito
740,160653,Roberto De Lucena,REPUBLICANOS,SP,Locomoção,Locação Ou Fretamento De Veículos Automotores,0,Sem indício cadastral crítico,FOUND,ATIVA,2,10,59600.00,147254.510948,139673.23431152088,-0.6276,Comportamento esperado
851,204483,Vilson Da Fetaemg,PSB,MG,Serviços profissionais,"Consultorias, Pesquisas E Trabalhos Técnicos.",0,Sem indício cadastral crítico,FOUND,ATIVA,2,8,105000.00,50370.301935,57079.85828457048,0.9571,Comportamento esperado
428,204472,José Medeiros,PL,MT,Combustível,Combustíveis E Lubrificantes.,0,Sem indício cadastral crítico,FOUND,ATIVA,155,1110,220557.31,34330.305532,57340.29977264771,3.2478,Anomalia financeira extrema
769,220620,Rosângela Reis,PL,MG,Combustível,Combustíveis E Lubrificantes.,0,Sem indício cadastral crítico,FOUND,ATIVA,42,199,203983.97,65306.104375,92314.0005265802,1.5022,Comportamento esperado
551,160535,Marcon,PT,RS,Locomoção,Locação Ou Fretamento De Veículos Automotores,0,Sem indício cadastral crítico,FOUND,ATIVA,5,93,171908.97,182736.733051,177547.8783363845,-0.061,Comportamento esperado
831,160976,Tiririca,PSD,SP,Combustível,Combustíveis E Lubrificantes.,0,Sem indício cadastral crítico,FOUND,ATIVA,30,78,20087.28,42192.750821,64034.19773844777,-0.3452,Comportamento esperado
89,204374,Bia Kicis,PL,DF,Publicidade,Divulgação Da Atividade Parlamentar.,1,Situação cadastral não ativa: BAIXADA,FOUND,BAIXADA,3,37,135274.20,274983.723704,375023.4293293225,-0.3725,Fornecedor com CNPJ suspeito
719,178925,Rejane Dias,PT,PI,Combustível,Combustíveis E Lubrificantes.,1,Situação cadastral não ativa: BAIXADA,FOUND,BAIXADA,3,5,1381.59,73929.545357,101552.42380940972,-0.7144,Fornecedor com CNPJ suspeito
331,220611,General Pazuello,PL,RJ,Alimentação,Fornecimento De Alimentação Do Parlamentar,0,Sem indício cadastral crítico,FOUND,ATIVA,10,53,4872.45,5314.154545,11413.915891543053,-0.0387,Comportamento esperado
147,204378,Coronel Chrisóstomo,PL,RO,Viagens,Passagem Aérea - Rpa,0,Sem indício cadastral crítico,FOUND,ATIVA,2,62,123332.64,78085.307500,52637.50410364546,0.8596,Comportamento esperado
274,204537,Enrico Misasi,MDB,SP,Comunicação,Telefonia,0,Sem indício cadastral crítico,FOUND,ATIVA,1,18,8587.46,19889.940211,25751.500071775903,-0.4389,Comportamento esperado
157,204499,Cássio Andrade,PSB,PA,Viagens,Passagem Aérea - Sigepa,,,,,0,93,106005.63,266111.307931,195578.09309190325,-0.8186,Comportamento esperado
381,178884,Hildo Rocha,MDB,MA,Publicidade,Divulgação Da Atividade Parlamentar.,0,Sem indício cadastral crítico,FOUND,ATIVA,16,130,405023.76,299945.123175,386285.4495039867,0.272,Comportamento esperado
802,220651,Simone Marquetto,PP,SP,Outros,"Serviço De Táxi, Pedágio E Estacionamento",0,Sem indício cadastral crítico,FOUND,ATIVA,3,53,34602.41,11967.060840,16796.655097373645,1.3476,Comportamento esperado
712,74084,Raimundo Santos,PSD,PA,Hotéis,"Hospedagem ,exceto Do Parlamentar No Distrito Federal.",0,Sem indício cadastral crítico,FOUND,ATIVA,5,20,10153.87,12723.705217,19811.362899516178,-0.1297,Comportamento esperado
583,74428,Mendonça Filho,PL,PE,Combustível,Combustíveis E Lubrificantes.,1,Situação cadastral não ativa: BAIXADA,FOUND,BAIXADA,2,12,2848.81,53506.291935,82942.380015203,-0.6108,Fornecedor com CNPJ suspeito
511,141487,Luiz Fernando Faria,UNIÃO,MG,Locomoção,Locação Ou Fretamento De Veículos Automotores,0,Sem indício cadastral crítico,FOUND,ATIVA,1,24,177400.00,199358.988889,190617.58878325575,-0.1152,Comportamento esperado
531,204471,Mara Rocha,MDB,AC,Combustível,Combustíveis E Lubrificantes.,0,Sem indício cadastral crítico,FOUND,ATIVA,10,37,51425.35,74559.202308,89345.09325877228,-0.2589,Comportamento esperado
852,141555,Vinicius Carvalho,REPUBLICANOS,SP,Viagens,Passagem Aérea - Rpa,0,Sem indício cadastral crítico,FOUND,ATIVA,3,7,9153.87,24943.515352,36157.13967829913,-0.4367,Comportamento esperado
147,204378,Coronel Chrisóstomo,PL,RO,Alimentação,Fornecimento De Alimentação Do Parlamentar,1,Situação cadastral não ativa: BAIXADA,FOUND,BAIXADA,4,4,200.39,3332.884500,5228.833199412531,-0.5991,Fornecedor com CNPJ suspeito
725,175765,Ribamar Silva,PODE,SP,Alimentação,Fornecimento De Alimentação Do Parlamentar,0,Sem indício cadastral crítico,FOUND,ATIVA,34,83,11481.12,3366.001170,5609.697337170304,1.4466,Comportamento esperado
637,141515,Otavio Leite,PSDB,RJ,Comunicação,Telefonia,0,Sem indício cadastral crítico,FOUND,ATIVA,1,4,1829.43,11897.719661,18918.17939394703,-0.5322,Comportamento esperado
199,220654,Delegado Paulo Bilynskyj,PL,SP,Alimentação,Fornecimento De Alimentação Do Parlamentar,1,Erro na consulta pública de CNPJ,ERROR,,1,4,1395.36,3366.001170,5609.697337170304,-0.3513,Fornecedor com CNPJ suspeito
680,229112,Pedro Jr,PL,TO,Publicidade,Divulgação Da Atividade Parlamentar.,0,Sem indício cadastral crítico,FOUND,ATIVA,2,5,93055.56,260231.601071,329408.0872597135,-0.5075,Comportamento esperado
19,74696,Alberto Mourão,MDB,SP,Combustível,Combustíveis E Lubrificantes.,0,Sem indício cadastral crítico,FOUND,ATIVA,1,4,9800.00,42192.750821,64034.19773844777,-0.5059,Comportamento esperado
489,220662,Lucas Ramos,PSB,PE,Publicidade,Divulgação Da Atividade Parlamentar.,0,Sem indício cadastral crítico,FOUND,ATIVA,5,56,892448.40,241972.708182,301628.5621101344,2.1565,Possível anomalia financeira
100,220574,Cabo Gilberto Silva,PL,PB,Outros,Manutenção De Escritório De Apoio À Atividade Parlamentar,0,Documento não consultado por não ser CNPJ,NOT_APPLICABLE,,1,16,128000.00,40088.436364,59072.75761932022,1.4882,Comportamento esperado
707,233594,Rafael Fera,PODE,RO,Alimentação,Fornecimento De Alimentação Do Parlamentar,0,Sem indício cadastral crítico,FOUND,ATIVA,18,30,2079.42,3332.884500,5228.833199412531,-0.2397,Comportamento esperado
448,204372,Julio Cesar Ribeiro,REPUBLICANOS,DF,Publicidade,Divulgação Da Atividade Parlamentar.,1,Situação cadastral não ativa: BAIXADA,FOUND,BAIXADA,3,8,26700.00,274983.723704,375023.4293293225,-0.662,Fornecedor com CNPJ suspeito
183,205548,David Miranda,PDT,RJ,Outros,Manutenção De Escritório De Apoio À Atividade Parlamentar,0,Documento não consultado por não ser CNPJ,NOT_APPLICABLE,,1,3,15681.45,80988.593819,134414.71100556676,-0.4859,Comportamento esperado
480,74585,Lincoln Portela,PL,MG,Combustível,Combustíveis E Lubrificantes.,0,Sem indício cadastral crítico,FOUND,ATIVA,276,777,138045.45,65306.104375,92314.0005265802,0.788,Comportamento esperado
510,74041,Luiz Couto,PT,PB,Combustível,Combustíveis E Lubrificantes.,0,Sem indício cadastral crítico,FOUND,ATIVA,100,396,291626.52,61582.608974,85760.8839439169,2.6824,Possível anomalia financeira
303,204411,Filipe Barros,PL,PR,Locomoção,Locação Ou Fretamento De Veículos Automotores,1,Situação cadastral não ativa: BAIXADA,FOUND,BAIXADA,2,14,67283.86,113439.957419,130977.93601797776,-0.3524,Fornecedor com CNPJ suspeito
532,220648,Marangoni,PODE,SP,Combustível,Combustíveis E Lubrificantes.,0,Sem indício cadastral crítico,FOUND,ATIVA,81,659,288352.86,42192.750821,64034.19773844777,3.8442,Anomalia financeira extrema
509,204485,Luiz Carlos Motta,PL,SP,Alimentação,Fornecimento De Alimentação Do Parlamentar,0,Sem indício cadastral crítico,FOUND,ATIVA,1,66,5860.68,3366.001170,5609.697337170304,0.4447,Comportamento esperado
311,220551,Franciane Bayer,REPUBLICANOS,RS,Publicidade,Divulgação Da Atividade Parlamentar.,0,Sem indício cadastral crítico,FOUND,ATIVA,13,119,513408.02,215724.063125,265101.600265673,1.1229,Comportamento esperado
144,98148,Cobalchini,MDB,SC,Alimentação,Fornecimento De Alimentação Do Parlamentar,0,Sem indício cadastral crítico,FOUND,ATIVA,63,212,11723.62,5345.501750,9873.801589562949,0.646,Comportamento esperado
257,74075,Elcione Barbalho,MDB,PA,Alimentação,Fornecimento De Alimentação Do Parlamentar,0,Sem indício cadastral crítico,FOUND,ATIVA,65,206,17223.87,3234.680000,6858.9099531514485,2.0396,Possível anomalia financeira
73,160665,Augusto Coutinho,REPUBLICANOS,PE,Comunicação,Telefonia,0,Sem indício cadastral crítico,FOUND,ATIVA,4,92,31509.34,10941.974167,12252.099914667077,1.6787,Comportamento esperado
153,178963,Covatti Filho,PP,RS,Outros,Manutenção De Escritório De Apoio À Atividade Parlamentar,0,Sem indício cadastral crítico,FOUND,ATIVA,18,279,395379.56,109428.142500,149558.61424927576,1.912,Comportamento esperado
433,74554,José Rocha,UNIÃO,BA,Viagens,Passagem Aérea - Sigepa,,,,,0,184,178515.93,219376.223091,157819.4558803826,-0.2589,Comportamento esperado
90,204388,Bibo Nunes,PL,RS,Publicidade,Divulgação Da Atividade Parlamentar.,0,Sem indício cadastral crítico,FOUND,ATIVA,61,331,706422.58,215724.063125,265101.600265673,1.851,Comportamento esperado
289,220712,Fausto Jr.,UNIÃO,AM,Viagens,Passagem Aérea - Sigepa,,,,,0,217,312918.38,248402.612308,165221.2328718048,0.3905,Comportamento esperado
517,204526,Luiz Philippe De Orleans E Bragança,PL,SP,Combustível,Combustíveis E Lubrificantes.,0,Sem indício cadastral crítico,FOUND,ATIVA,16,21,4784.89,42192.750821,64034.19773844777,-0.5842,Comportamento esperado
445,220640,Juliana Cardoso,PT,SP,Outros,Manutenção De Escritório De Apoio À Atividade Parlamentar,0,Sem indício cadastral crítico,FOUND,ATIVA,19,245,245722.31,98538.487659,143509.98800071477,1.0256,Comportamento esperado
849,137070,Vicentinho Júnior,PSDB,TO,Viagens,Passagem Aérea - Sigepa,,,,,0,110,114451.73,76378.544118,54414.42672468753,0.6997,Comportamento esperado
364,220568,Gustavo Gayer,PL,GO,Locomoção,Locação Ou Fretamento De Veículos Automotores,0,Sem indício cadastral crítico,FOUND,ATIVA,5,63,395003.00,189142.637500,142661.57624064668,1.443,Comportamento esperado
259,204364,Eli Borges,PL,TO,Serviços profissionais,"Consultorias, Pesquisas E Trabalhos Técnicos.",1,Situação cadastral não ativa: INAPTA,FOUND,INAPTA,1,8,5050.00,116859.636364,127191.31032210709,-0.8791,Fornecedor com CNPJ suspeito
350,152605,Glauber Braga,PSOL,RJ,Viagens,Passagem Aérea - Sigepa,,,,,0,276,371863.33,213577.740357,175550.75566941444,0.9017,Comportamento esperado
763,204525,Rosana Valle,PL,SP,Locomoção,Locação Ou Fretamento De Veículos Automotores,0,Sem indício cadastral crítico,FOUND,ATIVA,5,63,242237.41,147254.510948,139673.23431152088,0.68,Comportamento esperado
257,74075,Elcione Barbalho,MDB,PA,Publicidade,Divulgação Da Atividade Parlamentar.,0,Sem indício cadastral crítico,FOUND,ATIVA,4,16,506538.00,319971.475333,323849.5425991789,0.5761,Comportamento esperado
255,220589,Eduardo Velloso,SOLIDARIEDADE,AC,Outros,"Serviço De Táxi, Pedágio E Estacionamento",0,Sem indício cadastral crítico,FOUND,ATIVA,1,1,45.00,1201.947143,2347.5245824464705,-0.4928,Comportamento esperado
439,141459,João Maia,PL,RN,Outros,"Serviço De Táxi, Pedágio E Estacionamento",0,Sem indício cadastral crítico,FOUND,ATIVA,1,3,280.00,8284.906667,15407.736715157096,-0.5195,Comportamento esperado
736,213274,Ricardo Silva,PSD,SP,Locomoção,Locação Ou Fretamento De Veículos Automotores,0,Sem indício cadastral crítico,FOUND,ATIVA,2,76,293749.00,147254.510948,139673.23431152088,1.0488,Comportamento esperado
791,204438,Sergio Toledo,PV,AL,Viagens,Passagem Aérea - Sigepa,,,,,0,25,43836.81,198077.580000,173709.55138656954,-0.8879,Comportamento esperado
270,161550,Emidinho Madeira,PL,MG,Viagens,Passagem Aérea - Reembolso,0,Sem indício cadastral crítico,FOUND,ATIVA,1,1,947.90,7020.191961,10297.188894597206,-0.5897,Comportamento esperado
644,230762,Pastor Claudio Mariano,UNIÃO,PA,Hotéis,"Hospedagem ,exceto Do Parlamentar No Distrito Federal.",0,Sem indício cadastral crítico,FOUND,ATIVA,35,98,70268.82,12723.705217,19811.362899516178,2.9047,Possível anomalia financeira
636,204422,Ossesio Silva,REPUBLICANOS,PE,Outros,Manutenção De Escritório De Apoio À Atividade Parlamentar,1,Situação cadastral não ativa: BAIXADA,FOUND,BAIXADA,1,3,519.30,90785.734524,140277.34198893898,-0.6435,Fornecedor com CNPJ suspeito
185,220659,Dayany Bittencourt,UNIÃO,CE,Comunicação,Telefonia,0,Sem indício cadastral crítico,FOUND,ATIVA,4,41,87181.24,11707.711071,16858.211643996754,4.477,Anomalia financeira extrema
48,107970,Ana Paula Leão,PP,MG,Alimentação,Fornecimento De Alimentação Do Parlamentar,1,Situação cadastral não ativa: BAIXADA,FOUND,BAIXADA,6,6,270.11,3421.773553,6721.942950865462,-0.4689,Fornecedor com CNPJ suspeito
490,204404,Lucas Redecker,PSD,RS,Combustível,Combustíveis E Lubrificantes.,1,Situação cadastral não ativa: BAIXADA,FOUND,BAIXADA,7,8,1683.59,60520.148547,97388.05968907535,-0.6041,Fornecedor com CNPJ suspeito
643,74319,Paes Landim,UNIÃO,PI,Serviços profissionais,"Consultorias, Pesquisas E Trabalhos Técnicos.",1,Situação cadastral não ativa: INAPTA,FOUND,INAPTA,1,2,22500.00,59954.545455,42245.387053176906,-0.8866,Fornecedor com CNPJ suspeito
827,178862,Tia Eron,REPUBLICANOS,BA,Locomoção,Locação Ou Fretamento De Veículos Automotores,0,Sem indício cadastral crítico,FOUND,ATIVA,2,4,15433.34,292409.611930,213979.496522466,-1.2944,Comportamento esperado
120,204426,Carlos Veras,PT,PE,Combustível,Combustíveis E Lubrificantes.,1,Situação cadastral não ativa: BAIXADA,FOUND,BAIXADA,6,26,6537.11,53506.291935,82942.380015203,-0.5663,Fornecedor com CNPJ suspeito
746,204530,Rodrigo Agostinho,PSB,SP,Outros,"Serviço De Táxi, Pedágio E Estacionamento",0,Sem indício cadastral crítico,FOUND,ATIVA,5,32,479.32,11967.060840,16796.655097373645,-0.6839,Comportamento esperado
498,220616,Luciano Vieira,PSDB,RJ,Outros,"Serviço De Táxi, Pedágio E Estacionamento",0,Sem indício cadastral crítico,FOUND,ATIVA,2,17,401.71,8455.730411,14321.838989715481,-0.5624,Comportamento esperado
483,204382,Loester Trutis,PL,MS,Publicidade,Divulgação Da Atividade Parlamentar.,0,Sem indício cadastral crítico,FOUND,ATIVA,1,8,91000.00,244824.753226,352025.1744174792,-0.437,Comportamento esperado
294,204371,Felipe Rigoni,UNIÃO,ES,Serviços profissionais,"Consultorias, Pesquisas E Trabalhos Técnicos.",0,Sem indício cadastral crítico,FOUND,ATIVA,2,4,1300.00,58062.500000,47700.19279685506,-1.19,Comportamento esperado
224,220610,Dr. Fernando Máximo,PL,RO,Publicidade,Divulgação Da Atividade Parlamentar.,0,Sem indício cadastral crítico,FOUND,ATIVA,9,123,1043129.74,289552.191071,359934.1329827757,2.0937,Possível anomalia financeira
312,204392,Francisco Jr.,PSD,GO,Publicidade,Divulgação Da Atividade Parlamentar.,0,Sem indício cadastral crítico,FOUND,ATIVA,2,5,96700.00,294423.402917,352090.0693215526,-0.5616,Comportamento esperado
133,74171,Chico Alencar,PSOL,RJ,Outros,"Serviço De Táxi, Pedágio E Estacionamento",1,Situação cadastral não ativa: INAPTA,FOUND,INAPTA,2,4,298.94,8455.730411,14321.838989715481,-0.5695,Fornecedor com CNPJ suspeito
798,220579,Silvia Waiãpi,PL,AP,Combustível,Combustíveis E Lubrificantes.,0,Sem indício cadastral crítico,FOUND,ATIVA,84,434,89360.91,24571.047667,39205.554475113444,1.6526,Comportamento esperado
732,204362,Ricardo Guidi,PL,SC,Viagens,Passagem Aérea - Reembolso,0,Sem indício cadastral crítico,FOUND,ATIVA,1,2,4681.60,9023.088750,8047.509872572903,-0.5395,Comportamento esperado
516,162332,Luiz Nishimori,PSD,PR,Locomoção,Locação Ou Fretamento De Veículos Automotores,0,Sem indício cadastral crítico,FOUND,ATIVA,3,61,247300.00,113439.957419,130977.93601797776,1.022,Comportamento esperado
63,220638,Antonio Carlos Rodrigues,PL,SP,Publicidade,Divulgação Da Atividade Parlamentar.,1,Situação cadastral não ativa: BAIXADA,FOUND,BAIXADA,2,12,76000.00,243741.226243,313657.1515008437,-0.5348,Fornecedor com CNPJ suspeito
204,204542,Denis Bezerra,PSB,CE,Combustível,Combustíveis E Lubrificantes.,0,Sem indício cadastral crítico,FOUND,ATIVA,32,68,22650.38,41977.960833,76764.60304100714,-0.2518,Comportamento esperado
574,220550,Mauricio Marcon,PL,RS,Hotéis,"Hospedagem ,exceto Do Parlamentar No Distrito Federal.",0,Sem indício cadastral crítico,FOUND,ATIVA,9,11,4928.10,21826.986437,35658.661568585754,-0.4739,Comportamento esperado
688,73943,Perpétua Almeida,PCDOB,AC,Outros,Manutenção De Escritório De Apoio À Atividade Parlamentar,0,Sem indício cadastral crítico,FOUND,ATIVA,6,38,37750.52,29735.132000,50394.769544197494,0.1591,Comportamento esperado
4,204379,Acácio Favacho,MDB,AP,Outros,Manutenção De Escritório De Apoio À Atividade Parlamentar,0,Documento não consultado por não ser CNPJ,NOT_APPLICABLE,,1,12,58813.11,30123.933200,30290.240248736845,0.9471,Comportamento esperado
536,204433,Marcelo Calero,PSD,RJ,Viagens,Passagem Aérea - Sigepa,,,,,0,42,56943.69,213577.740357,175550.75566941444,-0.8922,Comportamento esperado
545,179000,Marcelo Álvaro Antônio,PL,MG,Comunicação,Telefonia,0,Sem indício cadastral crítico,FOUND,ATIVA,5,66,37915.34,15607.667083,19082.29985422686,1.169,Comportamento esperado
316,204393,Frei Anastacio Ribeiro,PT,PB,Publicidade,Divulgação Da Atividade Parlamentar.,0,Sem indício cadastral crítico,FOUND,ATIVA,5,17,251301.99,324815.111538,407718.48875224456,-0.1803,Comportamento esperado
513,220658,Luiz Gastão,PSD,CE,Viagens,Passagem Aérea - Reembolso,1,Erro na consulta pública de CNPJ,ERROR,,1,1,21314.90,12007.303200,17888.200103405623,0.5203,Fornecedor com CNPJ suspeito
145,204376,Coronel Armando,PP,SC,Viagens,Passagem Aérea - Sigepa,,,,,0,13,18393.19,213397.721034,170101.01243018164,-1.1464,Comportamento esperado
749,141531,Rodrigo De Castro,UNIÃO,MG,Outros,"Serviço De Táxi, Pedágio E Estacionamento",0,Documento não consultado por não ser CNPJ,NOT_APPLICABLE,,1,1,60.00,5572.245385,10370.293242628488,-0.5315,Comportamento esperado
159,204370,Célio Moura,PT,TO,Outros,"Serviço De Táxi, Pedágio E Estacionamento",0,Sem indício cadastral crítico,FOUND,ATIVA,1,25,889.86,885.200000,6.590235200658658,0.7071,Comportamento esperado
273,132504,Enio Verri,PT,PR,Combustível,Combustíveis E Lubrificantes.,0,Sem indício cadastral crítico,FOUND,ATIVA,1,12,63186.96,57944.345500,82353.4495793919,0.0637,Comportamento esperado
642,160556,Padre João,PT,MG,Viagens,Passagem Aérea - Rpa,0,Sem indício cadastral crítico,FOUND,ATIVA,1,1,1538.43,40253.940526,63478.97879162227,-0.6099,Comportamento esperado
64,123756,Antônia Lúcia,REPUBLICANOS,AC,Viagens,Passagem Aérea - Sigepa,,,,,0,29,30846.72,131556.873333,92765.04055863072,-1.0856,Comportamento esperado
624,178986,Nilto Tatto,PT,SP,Serviços profissionais,"Consultorias, Pesquisas E Trabalhos Técnicos.",0,Sem indício cadastral crítico,FOUND,ATIVA,1,1,6548.39,42478.291429,47664.49520078613,-0.7538,Comportamento esperado
551,160535,Marcon,PT,RS,Hotéis,"Hospedagem ,exceto Do Parlamentar No Distrito Federal.",0,Sem indício cadastral crítico,FOUND,ATIVA,125,845,127372.47,21826.986437,35658.661568585754,2.9599,Possível anomalia financeira
509,204485,Luiz Carlos Motta,PL,SP,Combustível,Combustíveis E Lubrificantes.,0,Sem indício cadastral crítico,FOUND,ATIVA,124,483,111050.34,42192.750821,64034.19773844777,1.0753,Comportamento esperado
394,204436,Isnaldo Bulhões Jr.,MDB,AL,Viagens,Passagem Aérea - Sigepa,,,,,0,553,763433.31,198077.580000,173709.55138656954,3.2546,Anomalia financeira extrema
814,204534,Tabata Amaral,PSB,SP,Outros,Manutenção De Escritório De Apoio À Atividade Parlamentar,0,Sem indício cadastral crítico,FOUND,ATIVA,21,180,344015.31,98538.487659,143509.98800071477,1.7105,Comportamento esperado
856,178992,Vitor Lippi,PSD,SP,Outros,Manutenção De Escritório De Apoio À Atividade Parlamentar,0,Sem indício cadastral crítico,FOUND,ATIVA,16,423,341183.32,98538.487659,143509.98800071477,1.6908,Comportamento esperado
892,,,,NA,Alimentação,Fornecimento De Alimentação Do Parlamentar,0,Sem indício cadastral crítico,FOUND,ATIVA,5,43,405104.91,76824.316875,122514.48277202321,2.6795,Possível anomalia financeira
73,160665,Augusto Coutinho,REPUBLICANOS,PE,Outros,Manutenção De Escritório De Apoio À Atividade Parlamentar,0,Documento não consultado por não ser CNPJ,NOT_APPLICABLE,,1,52,365947.62,90785.734524,140277.34198893898,1.9616,Comportamento esperado
566,220655,Mario Frias,PL,SP,Locomoção,Locação Ou Fretamento De Veículos Automotores,0,Sem indício cadastral crítico,FOUND,ATIVA,6,41,219058.39,147254.510948,139673.23431152088,0.5141,Comportamento esperado
883,123086,Átila Lira,PP,PI,Viagens,Passagem Aérea - Rpa,0,Sem indício cadastral crítico,FOUND,ATIVA,2,5,2164.61,17321.367273,29804.932291452395,-0.5085,Comportamento esperado
512,229432,Luiz Fernando Vampiro,MDB,SC,Publicidade,Divulgação Da Atividade Parlamentar.,0,Sem indício cadastral crítico,FOUND,ATIVA,16,42,286102.31,148561.773265,217765.15459275612,0.6316,Comportamento esperado
768,178935,Rossoni,PSDB,PR,Outros,Serviços Postais,0,Sem indício cadastral crítico,FOUND,ATIVA,1,1,70.00,2362.262000,4411.055170390342,-0.5197,Comportamento esperado
216,220573,Dorinaldo Malafaia,PDT,AP,Locomoção,Locação Ou Fretamento De Veículos Automotores,0,Sem indício cadastral crítico,FOUND,ATIVA,3,15,64000.00,118873.802381,121389.286590239,-0.452,Comportamento esperado
669,74400,Paulo Pimenta,PT,RS,Combustível,Combustíveis E Lubrificantes.,1,Situação cadastral não ativa: BAIXADA,FOUND,BAIXADA,2,13,20332.79,60520.148547,97388.05968907535,-0.4127,Fornecedor com CNPJ suspeito
727,221329,Ricardo Abrão,PSDB,RJ,Outros,Manutenção De Escritório De Apoio À Atividade Parlamentar,0,Documento não consultado por não ser CNPJ,NOT_APPLICABLE,,1,10,65000.00,80988.593819,134414.71100556676,-0.1189,Comportamento esperado
352,107283,Gleisi Hoffmann,PT,PR,Outros,"Passagens Terrestres, Marítimas Ou Fluviais",0,Sem indício cadastral crítico,FOUND,ATIVA,2,5,1618.26,1895.154815,2124.8795888027494,-0.1303,Comportamento esperado
146,220594,Coronel Assis,PL,MT,Outros,Manutenção De Escritório De Apoio À Atividade Parlamentar,1,Situação cadastral não ativa: BAIXADA,FOUND,BAIXADA,1,4,486.80,55063.669706,75019.05976556618,-0.7275,Fornecedor com CNPJ suspeito
298,220656,Fernanda Pessoa,PSD,CE,Publicidade,Divulgação Da Atividade Parlamentar.,1,Situação cadastral não ativa: BAIXADA,FOUND,BAIXADA,1,2,4000.00,263931.285395,366906.3702021798,-0.7084,Fornecedor com CNPJ suspeito
357,204513,Guiga Peixoto,PSC,SP,Combustível,Combustíveis E Lubrificantes.,0,Sem indício cadastral crítico,FOUND,ATIVA,92,183,40858.95,42192.750821,64034.19773844777,-0.0208,Comportamento esperado
31,220554,Alexandre Lindenmeyer,PT,RS,Outros,"Serviço De Táxi, Pedágio E Estacionamento",0,Sem indício cadastral crítico,FOUND,ATIVA,54,3337,72340.92,10192.084923,16137.89190584743,3.8511,Anomalia financeira extrema
250,204541,Eduardo Bismarck,PDT,CE,Viagens,Passagem Aérea - Sigepa,,,,,0,94,109274.04,190828.457826,170630.5409255439,-0.478,Comportamento esperado
735,220633,Ricardo Salles,NOVO,SP,Locomoção,Locação Ou Fretamento De Veículos Automotores,0,Sem indício cadastral crítico,FOUND,ATIVA,5,87,408897.40,147254.510948,139673.23431152088,1.8733,Comportamento esperado
511,141487,Luiz Fernando Faria,UNIÃO,MG,Viagens,Passagem Aérea - Sigepa,,,,,0,223,244742.84,195216.599630,167832.49260588933,0.2951,Comportamento esperado
422,220578,Josenildo,PDT,AP,Combustível,Combustíveis E Lubrificantes.,0,Sem indício cadastral crítico,FOUND,ATIVA,43,453,103838.59,24571.047667,39205.554475113444,2.0218,Possível anomalia financeira
369,178964,Heitor Schuch,PSD,RS,Publicidade,Assinatura De Publicações,0,Sem indício cadastral crítico,FOUND,ATIVA,5,47,5581.50,4387.790000,5356.19612339018,0.2229,Comportamento esperado
862,160518,Weliton Prado,SOLIDARIEDADE,MG,Combustível,Combustíveis E Lubrificantes.,0,Sem indício cadastral crítico,FOUND,ATIVA,62,165,39334.72,65306.104375,92314.0005265802,-0.2813,Comportamento esperado
409,178910,Joaquim Passarinho,PL,PA,Comunicação,Telefonia,0,Sem indício cadastral crítico,FOUND,ATIVA,3,43,13451.32,14410.800000,15329.862478744984,-0.0626,Comportamento esperado
55,220657,André Fernandes,PL,CE,Viagens,Passagem Aérea - Sigepa,,,,,0,247,266874.53,190828.457826,170630.5409255439,0.4457,Comportamento esperado
362,204442,Gurgel,PL,RJ,Viagens,Passagem Aérea - Sigepa,,,,,0,75,83592.95,213577.740357,175550.75566941444,-0.7404,Comportamento esperado
716,221378,Reginete Bispo,PT,RS,Combustível,Combustíveis E Lubrificantes.,1,Situação cadastral não ativa: INAPTA,FOUND,INAPTA,1,13,2401.43,60520.148547,97388.05968907535,-0.5968,Fornecedor com CNPJ suspeito
93,160538,Bohn Gass,PT,RS,Alimentação,Fornecimento De Alimentação Do Parlamentar,1,Situação cadastral não ativa: SUSPENSA,FOUND,SUSPENSA,1,1,49.90,7368.085075,13657.337051272762,-0.5358,Fornecedor com CNPJ suspeito
516,162332,Luiz Nishimori,PSD,PR,Publicidade,Divulgação Da Atividade Parlamentar.,1,Situação cadastral não ativa: BAIXADA,FOUND,BAIXADA,6,23,52405.00,263664.052022,329972.5348930845,-0.6402,Fornecedor com CNPJ suspeito
520,204418,Luizão Goulart,SOLIDARIEDADE,PR,Outros,Manutenção De Escritório De Apoio À Atividade Parlamentar,1,Situação cadastral não ativa: BAIXADA,FOUND,BAIXADA,1,11,8146.38,86193.122500,116860.66498214444,-0.6679,Fornecedor com CNPJ suspeito
485,196358,Lourival Gomes,PP,RJ,Outros,Manutenção De Escritório De Apoio À Atividade Parlamentar,0,Sem indício cadastral crítico,FOUND,ATIVA,4,28,11665.75,80988.593819,134414.71100556676,-0.5157,Comportamento esperado
566,220655,Mario Frias,PL,SP,Outros,Manutenção De Escritório De Apoio À Atividade Parlamentar,0,Sem indício cadastral crítico,FOUND,ATIVA,4,25,151885.31,98538.487659,143509.98800071477,0.3717,Comportamento esperado
562,178956,Mariana Carvalho,REPUBLICANOS,RO,Publicidade,Divulgação Da Atividade Parlamentar.,0,Sem indício cadastral crítico,FOUND,ATIVA,5,17,193201.60,289552.191071,359934.1329827757,-0.2677,Comportamento esperado
479,74299,Leônidas Cristino,PDT,CE,Publicidade,Divulgação Da Atividade Parlamentar.,1,Situação cadastral não ativa: BAIXADA,FOUND,BAIXADA,2,16,45000.00,263931.285395,366906.3702021798,-0.5967,Fornecedor com CNPJ suspeito
347,160673,Giovani Cherini,PL,RS,Locomoção,Locação Ou Fretamento De Veículos Automotores,0,Sem indício cadastral crítico,FOUND,ATIVA,4,127,461066.10,182736.733051,177547.8783363845,1.5676,Comportamento esperado
99,220635,Bruno Ganem,PODE,SP,Comunicação,Telefonia,0,Sem indício cadastral crítico,FOUND,ATIVA,3,14,4870.54,19889.940211,25751.500071775903,-0.5832,Comportamento esperado
802,220651,Simone Marquetto,PP,SP,Hotéis,"Hospedagem ,exceto Do Parlamentar No Distrito Federal.",0,Sem indício cadastral crítico,FOUND,ATIVA,19,32,18425.99,10014.789189,11435.329101648113,0.7355,Comportamento esperado
335,220702,Geraldo Mendes,UNIÃO,PR,Publicidade,Divulgação Da Atividade Parlamentar.,0,Sem indício cadastral crítico,FOUND,ATIVA,36,129,701565.00,263664.052022,329972.5348930845,1.3271,Comportamento esperado
375,73482,Henrique Fontana,PT,RS,Combustível,Combustíveis E Lubrificantes.,0,Sem indício cadastral crítico,FOUND,ATIVA,119,219,47095.61,60520.148547,97388.05968907535,-0.1378,Comportamento esperado
243,220623,Duda Salabert,PSOL,MG,Outros,Manutenção De Escritório De Apoio À Atividade Parlamentar,0,Sem indício cadastral crítico,FOUND,ATIVA,14,198,287784.84,123562.947566,162703.54342443834,1.0093,Comportamento esperado
766,204357,Rose Modesto,UNIÃO,MS,Combustível,Combustíveis E Lubrificantes.,0,Sem indício cadastral crítico,FOUND,ATIVA,18,59,13089.78,73790.692609,89494.27774679432,-0.6783,Comportamento esperado
685,160604,Pedro Uczai,PT,SC,Comunicação,Telefonia,0,Sem indício cadastral crítico,FOUND,ATIVA,5,97,27678.87,7776.667391,7284.093764458291,2.7323,Possível anomalia financeira
776,160635,Ruy Carneiro,PODE,PB,Publicidade,Divulgação Da Atividade Parlamentar.,0,Sem indício cadastral crítico,FOUND,ATIVA,40,555,986849.44,324815.111538,407718.48875224456,1.6238,Comportamento esperado
219,227401,Dr Fabio Rueda,UNIÃO,AC,Publicidade,Divulgação Da Atividade Parlamentar.,0,Sem indício cadastral crítico,FOUND,ATIVA,6,11,156700.00,295132.464706,394989.3569390969,-0.3505,Comportamento esperado
40,226708,Allan Garcês,PP,MA,Combustível,Combustíveis E Lubrificantes.,0,Sem indício cadastral crítico,FOUND,ATIVA,144,352,80019.18,34895.172615,52384.05405357016,0.8614,Comportamento esperado
818,220682,Tadeu Veneri,PT,PR,Comunicação,Telefonia,0,Sem indício cadastral crítico,FOUND,ATIVA,6,80,11679.12,10984.091277,13121.60062975809,0.053,Comportamento esperado
354,74419,Gonzaga Patriota,PSB,PE,Publicidade,Divulgação Da Atividade Parlamentar.,0,Sem indício cadastral crítico,FOUND,ATIVA,3,10,127900.00,241972.708182,301628.5621101344,-0.3782,Comportamento esperado
882,74459,Átila Lira,PP,PI,Comunicação,Telefonia,0,Sem indício cadastral crítico,FOUND,ATIVA,4,26,16698.47,15912.685455,14251.787111607697,0.0551,Comportamento esperado
146,220594,Coronel Assis,PL,MT,Locomoção,Locação Ou Fretamento De Veículos Automotores,0,Sem indício cadastral crítico,FOUND,ATIVA,5,62,397330.00,134358.602609,119146.49353274485,2.2071,Possível anomalia financeira
213,220602,Dimas Gadelha,PT,RJ,Outros,Manutenção De Escritório De Apoio À Atividade Parlamentar,0,Sem indício cadastral crítico,FOUND,ATIVA,6,64,103343.24,80988.593819,134414.71100556676,0.1663,Comportamento esperado
43,204545,Alê Silva,REPUBLICANOS,MG,Viagens,Passagem Aérea - Sigepa,,,,,0,43,66946.57,195216.599630,167832.49260588933,-0.7643,Comportamento esperado
687,204406,Pedro Westphalen,PP,RS,Viagens,Passagem Aérea - Rpa,0,Sem indício cadastral crítico,FOUND,ATIVA,3,84,60316.73,23263.014545,27193.710295909314,1.3626,Comportamento esperado
162,204355,Da Vitoria,PP,ES,Publicidade,Divulgação Da Atividade Parlamentar.,0,Sem indício cadastral crítico,FOUND,ATIVA,8,74,241333.64,254942.876552,301625.34822291706,-0.0451,Comportamento esperado
357,204513,Guiga Peixoto,PSC,SP,Outros,Manutenção De Escritório De Apoio À Atividade Parlamentar,0,Sem indício cadastral crítico,FOUND,ATIVA,6,51,36593.12,98538.487659,143509.98800071477,-0.4316,Comportamento esperado
514,204455,Luiz Lima,NOVO,RJ,Locomoção,Locação Ou Fretamento De Veículos Automotores,0,Sem indício cadastral crítico,FOUND,ATIVA,1,37,169000.00,162239.394390,163272.60476613723,0.0414,Comportamento esperado
88,207176,Bia Cavassa,PSDB,MS,Locomoção,Locação Ou Fretamento De Veículos Automotores,0,Sem indício cadastral crítico,FOUND,ATIVA,2,4,23398.02,208841.042857,176263.8077260953,-1.0521,Comportamento esperado
721,178989,Renata Abreu,PODE,SP,Viagens,Passagem Aérea - Reembolso,0,Sem indício cadastral crítico,FOUND,ATIVA,1,1,30231.10,9758.571000,11443.414965885137,1.789,Comportamento esperado
644,230762,Pastor Claudio Mariano,UNIÃO,PA,Publicidade,Divulgação Da Atividade Parlamentar.,0,Sem indício cadastral crítico,FOUND,ATIVA,7,21,120012.96,319971.475333,323849.5425991789,-0.6174,Comportamento esperado
683,122158,Pedro Paulo,PSD,RJ,Viagens,Passagem Aérea - Reembolso,0,Sem indício cadastral crítico,FOUND,ATIVA,2,4,10368.91,9840.865893,10669.362639943789,0.0495,Comportamento esperado
782,219599,Sargento Alexandre,PODE,SP,Combustível,Combustíveis E Lubrificantes.,0,Sem indício cadastral crítico,FOUND,ATIVA,49,62,18380.40,42192.750821,64034.19773844777,-0.3719,Comportamento esperado
541,204558,Marcelo Nilo,REPUBLICANOS,BA,Locomoção,Locação Ou Fretamento De Veículos Automotores,0,Sem indício cadastral crítico,FOUND,ATIVA,2,24,141100.00,292409.611930,213979.496522466,-0.7071,Comportamento esperado
378,204539,Hercílio Coelho Diniz,MDB,MG,Outros,"Passagens Terrestres, Marítimas Ou Fluviais",0,Sem indício cadastral crítico,FOUND,ATIVA,1,5,1058.81,3858.240000,6358.142634643256,-0.4403,Comportamento esperado
13,178835,Afonso Motta,PDT,RS,Combustível,Combustíveis E Lubrificantes.,1,Erro na consulta pública de CNPJ,ERROR,,1,2,689.62,60520.148547,97388.05968907535,-0.6144,Fornecedor com CNPJ suspeito
563,227275,Mariana Carvalho,REPUBLICANOS,MA,Publicidade,Divulgação Da Atividade Parlamentar.,0,Sem indício cadastral crítico,FOUND,ATIVA,2,4,80000.00,299945.123175,386285.4495039867,-0.5694,Comportamento esperado
82,109429,Benes Leocádio,UNIÃO,RN,Comunicação,Telefonia,0,Sem indício cadastral crítico,FOUND,ATIVA,4,102,15359.22,11248.557143,12531.88934725156,0.328,Comportamento esperado
533,156190,Marcel Van Hattem,NOVO,RS,Viagens,Passagem Aérea - Sigepa,,,,,0,440,314077.46,223297.576531,126627.95953182003,0.7169,Comportamento esperado
180,62881,Danilo Forte,PP,CE,Outros,Manutenção De Escritório De Apoio À Atividade Parlamentar,0,Sem indício cadastral crítico,FOUND,ATIVA,13,203,228266.92,68348.775082,105244.60317209057,1.5195,Comportamento esperado
182,116379,Darci De Matos,PSD,SC,Combustível,Combustíveis E Lubrificantes.,0,Sem indício cadastral crítico,FOUND,ATIVA,168,452,106450.18,63943.250339,85631.6159933909,0.4964,Comportamento esperado
249,74655,Eduardo Barbosa,PSDB,MG,Combustível,Combustíveis E Lubrificantes.,0,Sem indício cadastral crítico,FOUND,ATIVA,41,103,45911.35,65306.104375,92314.0005265802,-0.2101,Comportamento esperado
784,220621,Sargento Gonçalves,PL,RN,Outros,Manutenção De Escritório De Apoio À Atividade Parlamentar,0,Sem indício cadastral crítico,FOUND,ATIVA,3,26,6633.17,114159.151154,175330.5134804051,-0.6133,Comportamento esperado
100,220574,Cabo Gilberto Silva,PL,PB,Combustível,Combustíveis E Lubrificantes.,0,Sem indício cadastral crítico,FOUND,ATIVA,106,303,109154.36,61582.608974,85760.8839439169,0.5547,Comportamento esperado
363,73460,Gustavo Fruet,PDT,PR,Combustível,Combustíveis E Lubrificantes.,0,Sem indício cadastral crítico,FOUND,ATIVA,36,57,12336.57,57944.345500,82353.4495793919,-0.5538,Comportamento esperado
98,210989,Bruno Farias,REPUBLICANOS,MG,Publicidade,Divulgação Da Atividade Parlamentar.,0,Sem indício cadastral crítico,FOUND,ATIVA,22,137,308820.53,194891.353020,276881.75990132586,0.4115,Comportamento esperado
222,221339,Dr. Benjamim,UNIÃO,MA,Locomoção,Locação Ou Fretamento De Veículos Automotores,0,Sem indício cadastral crítico,FOUND,ATIVA,2,19,236607.20,122090.952683,112418.39663710551,1.0187,Comportamento esperado
406,204435,Jesus Sérgio,PDT,AC,Publicidade,Divulgação Da Atividade Parlamentar.,0,Sem indício cadastral crítico,FOUND,ATIVA,11,51,205950.00,295132.464706,394989.3569390969,-0.2258,Comportamento esperado
480,74585,Lincoln Portela,PL,MG,Publicidade,Assinatura De Publicações,0,Sem indício cadastral crítico,FOUND,ATIVA,2,7,6198.85,1596.091765,1698.0009011232714,2.7107,Possível anomalia financeira
874,230768,Zé Adriano,PP,AC,Comunicação,Telefonia,0,Sem indício cadastral crítico,FOUND,ATIVA,5,23,2069.67,4341.214167,4755.124320798006,-0.4777,Comportamento esperado
646,160642,Pastor Eurico,PL,PE,Locomoção,Locação Ou Fretamento De Veículos Automotores,1,Situação cadastral não ativa: BAIXADA,FOUND,BAIXADA,1,1,464.80,220869.240392,185976.71020526288,-1.1851,Fornecedor com CNPJ suspeito
687,204406,Pedro Westphalen,PP,RS,Combustível,Combustíveis E Lubrificantes.,1,Situação cadastral não ativa: BAIXADA,FOUND,BAIXADA,8,13,2505.48,60520.148547,97388.05968907535,-0.5957,Fornecedor com CNPJ suspeito
68,73433,Arlindo Chinaglia,PT,SP,Viagens,Passagem Aérea - Reembolso,0,Sem indício cadastral crítico,FOUND,ATIVA,3,4,6068.77,9758.571000,11443.414965885137,-0.3224,Comportamento esperado
691,204529,Policial Katia Sastre,PL,SP,Viagens,Passagem Aérea - Sigepa,,,,,0,57,72601.12,185430.171967,136227.76556134285,-0.8282,Comportamento esperado
866,182146,Wolmer Araújo,SOLIDARIEDADE,MA,Outros,Manutenção De Escritório De Apoio À Atividade Parlamentar,0,Sem indício cadastral crítico,FOUND,ATIVA,1,4,3312.00,64195.130784,109861.24089764054,-0.5542,Comportamento esperado
88,207176,Bia Cavassa,PSDB,MS,Comunicação,Telefonia,0,Sem indício cadastral crítico,FOUND,ATIVA,1,1,192.11,12463.390000,16925.10623218233,-0.725,Comportamento esperado
383,141450,Hugo Leal,PSD,RJ,Outros,Serviço De Segurança Prestado Por Empresa Especializada.,0,Sem indício cadastral crítico,FOUND,ATIVA,1,4,21179.29,20518.758000,20004.550993027562,0.033,Comportamento esperado
273,132504,Enio Verri,PT,PR,Publicidade,Divulgação Da Atividade Parlamentar.,1,Situação cadastral não ativa: BAIXADA,FOUND,BAIXADA,2,3,96465.00,263664.052022,329972.5348930845,-0.5067,Fornecedor com CNPJ suspeito
298,220656,Fernanda Pessoa,PSD,CE,Viagens,Passagem Aérea - Reembolso,1,Erro na consulta pública de CNPJ,ERROR,,1,6,13976.88,12007.303200,17888.200103405623,0.1101,Fornecedor com CNPJ suspeito
733,160655,Ricardo Izar,REPUBLICANOS,SP,Outros,Manutenção De Escritório De Apoio À Atividade Parlamentar,0,Documento não consultado por não ser CNPJ,NOT_APPLICABLE,,1,7,37100.00,98538.487659,143509.98800071477,-0.4281,Comportamento esperado
615,146307,Neri Geller,PP,MT,Viagens,Passagem Aérea - Rpa,0,Sem indício cadastral crítico,FOUND,ATIVA,1,1,288.04,21401.345000,46787.60669383069,-0.4513,Comportamento esperado
436,230957,João Cury,MDB,SP,Outros,"Passagens Terrestres, Marítimas Ou Fluviais",0,Sem indício cadastral crítico,FOUND,ATIVA,1,1,99.00,996.486667,1138.3419633085512,-0.7884,Comportamento esperado
725,175765,Ribamar Silva,PODE,SP,Outros,"Serviço De Táxi, Pedágio E Estacionamento",0,Sem indício cadastral crítico,FOUND,ATIVA,6,16,162.70,11967.060840,16796.655097373645,-0.7028,Comportamento esperado
164,220555,Daiana Santos,PCDOB,RS,Comunicação,Telefonia,0,Sem indício cadastral crítico,FOUND,ATIVA,1,29,9795.97,19321.830435,18898.364290143905,-0.5041,Comportamento esperado
639,204475,Ottaci Nascimento,SOLIDARIEDADE,RR,Viagens,Passagem Aérea - Sigepa,,,,,0,174,246001.12,163783.293125,88161.1731168696,0.9326,Comportamento esperado
840,160610,Valmir Assunção,PT,BA,Comunicação,Telefonia,0,Sem indício cadastral crítico,FOUND,ATIVA,4,58,65811.11,23153.030698,23468.568952979214,1.8177,Comportamento esperado
9,121948,Adriano Do Baldy,PP,GO,Combustível,Combustíveis E Lubrificantes.,0,Sem indício cadastral crítico,FOUND,ATIVA,269,611,406303.99,65044.277593,95738.05404592726,3.5645,Anomalia financeira extrema
736,213274,Ricardo Silva,PSD,SP,Outros,"Serviço De Táxi, Pedágio E Estacionamento",0,Sem indício cadastral crítico,FOUND,ATIVA,8,58,9886.64,11967.060840,16796.655097373645,-0.1239,Comportamento esperado
595,178997,Moses Rodrigues,UNIÃO,CE,Publicidade,Divulgação Da Atividade Parlamentar.,0,Sem indício cadastral crítico,FOUND,ATIVA,10,169,1609500.00,263931.285395,366906.3702021798,3.6673,Anomalia financeira extrema
551,160535,Marcon,PT,RS,Publicidade,Assinatura De Publicações,0,Sem indício cadastral crítico,FOUND,ATIVA,1,84,8743.34,4387.790000,5356.19612339018,0.8132,Comportamento esperado
131,205476,Charles Fernandes,PSD,BA,Alimentação,Fornecimento De Alimentação Do Parlamentar,0,Sem indício cadastral crítico,FOUND,ATIVA,38,166,16173.86,5334.958511,10548.888785765435,1.0275,Comportamento esperado
206,220689,Detinha,PL,MA,Outros,Manutenção De Escritório De Apoio À Atividade Parlamentar,0,Sem indício cadastral crítico,FOUND,ATIVA,2,12,16656.40,64195.130784,109861.24089764054,-0.4327,Comportamento esperado
349,226179,Gisela Simona,UNIÃO,MT,Publicidade,Divulgação Da Atividade Parlamentar.,0,Sem indício cadastral crítico,FOUND,ATIVA,10,120,573956.91,167205.955714,207800.9242977291,1.9574,Comportamento esperado
414,217480,Jones Moura,PSD,RJ,Outros,Manutenção De Escritório De Apoio À Atividade Parlamentar,0,Documento não consultado por não ser CNPJ,NOT_APPLICABLE,,1,21,121394.21,80988.593819,134414.71100556676,0.3006,Comportamento esperado
169,220571,Daniel Agrobom,PSD,GO,Outros,Manutenção De Escritório De Apoio À Atividade Parlamentar,0,Sem indício cadastral crítico,FOUND,ATIVA,5,107,292500.17,100447.486545,162486.21407041358,1.182,Comportamento esperado
862,160518,Weliton Prado,SOLIDARIEDADE,MG,Publicidade,Divulgação Da Atividade Parlamentar.,0,Sem indício cadastral crítico,FOUND,ATIVA,19,123,1036109.01,194891.353020,276881.75990132586,3.0382,Anomalia financeira extrema
629,74159,Odair Cunha,PT,MG,Combustível,Combustíveis E Lubrificantes.,1,Situação cadastral não ativa: BAIXADA,FOUND,BAIXADA,3,5,695.04,65306.104375,92314.0005265802,-0.6999,Fornecedor com CNPJ suspeito
698,204383,Professor Israel Batista,PSB,DF,Locomoção,Locação Ou Fretamento De Veículos Automotores,0,Sem indício cadastral crítico,FOUND,ATIVA,1,15,70668.12,118149.428125,89877.33858167462,-0.5283,Comportamento esperado
334,178966,Geovania De Sá,PSDB,SC,Locomoção,Locação Ou Fretamento De Veículos Automotores,0,Sem indício cadastral crítico,FOUND,ATIVA,2,18,102790.49,154711.621212,151032.92349497412,-0.3438,Comportamento esperado
303,204411,Filipe Barros,PL,PR,Outros,Manutenção De Escritório De Apoio À Atividade Parlamentar,1,Erro na consulta pública de CNPJ,ERROR,,1,106,29147.99,86193.122500,116860.66498214444,-0.4881,Fornecedor com CNPJ suspeito
475,122195,Leonardo Gadelha,PSC,PB,Serviços profissionais,"Consultorias, Pesquisas E Trabalhos Técnicos.",0,Sem indício cadastral crítico,FOUND,ATIVA,1,2,8000.00,52901.666667,54299.06776921737,-0.8269,Comportamento esperado
28,204544,Alexandre Frota,PROS,SP,Viagens,Passagem Aérea - Rpa,0,Sem indício cadastral crítico,FOUND,ATIVA,1,13,15823.82,24943.515352,36157.13967829913,-0.2522,Comportamento esperado
660,193726,Paulo Eduardo Martins,PL,PR,Viagens,Passagem Aérea - Rpa,0,Sem indício cadastral crítico,FOUND,ATIVA,2,9,4869.16,26722.504474,58025.433845182,-0.3766,Comportamento esperado
505,204448,Luiz Antonio Corrêa,PP,RJ,Publicidade,Divulgação Da Atividade Parlamentar.,0,Sem indício cadastral crítico,FOUND,ATIVA,4,29,513234.00,226781.355120,259582.44863584734,1.1035,Comportamento esperado
667,74574,Paulo Magalhães,PSD,BA,Serviços profissionais,"Consultorias, Pesquisas E Trabalhos Técnicos.",0,Sem indício cadastral crítico,FOUND,ATIVA,1,9,129000.00,64386.903226,47821.13506693795,1.3511,Comportamento esperado
639,204475,Ottaci Nascimento,SOLIDARIEDADE,RR,Outros,Manutenção De Escritório De Apoio À Atividade Parlamentar,0,Documento não consultado por não ser CNPJ,NOT_APPLICABLE,,1,8,49000.00,80921.562903,170825.55022261123,-0.1869,Comportamento esperado
745,220546,Rodolfo Nogueira,PL,MS,Combustível,Combustíveis E Lubrificantes.,1,Situação cadastral não ativa: BAIXADA,FOUND,BAIXADA,1,1,231.54,73790.692609,89494.27774679432,-0.8219,Fornecedor com CNPJ suspeito
55,220657,André Fernandes,PL,CE,Publicidade,Divulgação Da Atividade Parlamentar.,0,Sem indício cadastral crítico,FOUND,ATIVA,3,7,205200.00,263931.285395,366906.3702021798,-0.1601,Comportamento esperado
215,160758,Domingos Sávio,PL,MG,Publicidade,Assinatura De Publicações,0,Sem indício cadastral crítico,FOUND,ATIVA,1,3,2100.00,1596.091765,1698.0009011232714,0.2968,Comportamento esperado
313,204510,Franco Cartafina,PP,MG,Outros,"Passagens Terrestres, Marítimas Ou Fluviais",0,Sem indício cadastral crítico,FOUND,ATIVA,2,4,533.08,3858.240000,6358.142634643256,-0.523,Comportamento esperado
17,178836,Alan Rick,UNIÃO,AC,Publicidade,Divulgação Da Atividade Parlamentar.,0,Sem indício cadastral crítico,FOUND,ATIVA,14,40,112500.00,295132.464706,394989.3569390969,-0.4624,Comportamento esperado
369,178964,Heitor Schuch,PSD,RS,Combustível,Combustíveis E Lubrificantes.,0,Sem indício cadastral crítico,FOUND,ATIVA,179,466,117347.31,60520.148547,97388.05968907535,0.5835,Comportamento esperado
738,220693,Roberta Roma,PL,BA,Viagens,Passagem Aérea - Sigepa,,,,,0,101,73761.28,219376.223091,157819.4558803826,-0.9227,Comportamento esperado
521,220669,Lula Da Fonte,PP,PE,Combustível,Combustíveis E Lubrificantes.,1,Situação cadastral não ativa: BAIXADA,FOUND,BAIXADA,3,58,12575.52,53506.291935,82942.380015203,-0.4935,Fornecedor com CNPJ suspeito
60,73696,Angela Amin,PP,SC,Viagens,Passagem Aérea - Sigepa,,,,,0,69,108804.13,213397.721034,170101.01243018164,-0.6149,Comportamento esperado
418,178857,Jorge Solla,PT,BA,Outros,Manutenção De Escritório De Apoio À Atividade Parlamentar,0,Documento não consultado por não ser CNPJ,NOT_APPLICABLE,,3,53,59310.69,98257.521290,134321.8726415135,-0.29,Comportamento esperado
390,204508,Igor Timo,PODE,MG,Combustível,Combustíveis E Lubrificantes.,0,Sem indício cadastral crítico,FOUND,ATIVA,64,110,50734.02,65306.104375,92314.0005265802,-0.1579,Comportamento esperado
882,74459,Átila Lira,PP,PI,Outros,Manutenção De Escritório De Apoio À Atividade Parlamentar,0,Documento não consultado por não ser CNPJ,NOT_APPLICABLE,,1,8,4800.00,64892.367419,74159.10998309037,-0.8103,Comportamento esperado
230,204439,Dr. Leonardo,REPUBLICANOS,MT,Hotéis,"Hospedagem ,exceto Do Parlamentar No Distrito Federal.",0,Sem indício cadastral crítico,FOUND,ATIVA,34,86,15733.71,20380.542308,35609.06873470771,-0.1305,Comportamento esperado
81,73701,Benedita Da Silva,PT,RJ,Comunicação,Telefonia,0,Sem indício cadastral crítico,FOUND,ATIVA,3,127,19765.58,11897.719661,18918.17939394703,0.4159,Comportamento esperado
883,123086,Átila Lira,PP,PI,Outros,Manutenção De Escritório De Apoio À Atividade Parlamentar,0,Sem indício cadastral crítico,FOUND,ATIVA,5,113,54308.74,64892.367419,74159.10998309037,-0.1427,Comportamento esperado
742,220613,Roberto Monteiro Pai,PL,RJ,Comunicação,Telefonia,0,Sem indício cadastral crítico,FOUND,ATIVA,5,59,9615.54,11897.719661,18918.17939394703,-0.1206,Comportamento esperado
730,215042,Ricardo Da Karol,PDT,RJ,Publicidade,Divulgação Da Atividade Parlamentar.,0,Sem indício cadastral crítico,FOUND,ATIVA,4,18,292350.00,226781.355120,259582.44863584734,0.2526,Comportamento esperado
247,141417,Edio Lopes,PL,RR,Publicidade,Divulgação Da Atividade Parlamentar.,0,Sem indício cadastral crítico,FOUND,ATIVA,4,10,188640.00,302008.159333,364968.0243701814,-0.3106,Comportamento esperado
442,204474,Juarez Costa,REPUBLICANOS,MT,Combustível,Combustíveis E Lubrificantes.,1,Situação cadastral não ativa: BAIXADA,FOUND,BAIXADA,1,5,1258.99,34330.305532,57340.29977264771,-0.5768,Fornecedor com CNPJ suspeito
369,178964,Heitor Schuch,PSB,RS,Hotéis,"Hospedagem ,exceto Do Parlamentar No Distrito Federal.",1,Erro na consulta pública de CNPJ,ERROR,,1,4,3798.54,21826.986437,35658.661568585754,-0.5056,Fornecedor com CNPJ suspeito
290,66828,Fausto Pinato,PP,SP,Locomoção,Locação Ou Fretamento De Veículos Automotores,0,Sem indício cadastral crítico,FOUND,ATIVA,2,34,138938.00,147254.510948,139673.23431152088,-0.0595,Comportamento esperado
58,178882,André Fufuca,PP,MA,Viagens,Passagem Aérea - Rpa,0,Sem indício cadastral crítico,FOUND,ATIVA,3,33,41060.35,17893.360952,34179.698738222214,0.6778,Comportamento esperado
473,178825,Leo De Brito,PT,AC,Viagens,Passagem Aérea - Sigepa,,,,,0,113,148697.25,131556.873333,92765.04055863072,0.1848,Comportamento esperado
393,98615,Ismael,PL,SC,Publicidade,Divulgação Da Atividade Parlamentar.,0,Sem indício cadastral crítico,FOUND,ATIVA,13,69,403174.87,148561.773265,217765.15459275612,1.1692,Comportamento esperado
621,204479,Nicoletti,PL,RR,Hotéis,"Hospedagem ,exceto Do Parlamentar No Distrito Federal.",0,Sem indício cadastral crítico,FOUND,ATIVA,5,5,6106.16,7824.586667,5971.354875629707,-0.2878,Comportamento esperado
588,178985,Miguel Lombardi,PL,SP,Hotéis,"Hospedagem ,exceto Do Parlamentar No Distrito Federal.",0,Sem indício cadastral crítico,FOUND,ATIVA,3,8,4428.00,10014.789189,11435.329101648113,-0.4886,Comportamento esperado
875,178889,Zé Carlos,PT,MA,Outros,"Passagens Terrestres, Marítimas Ou Fluviais",1,CNPJ não encontrado na API pública,NOT_FOUND,,1,2,200.00,2098.127143,3387.0696388112747,-0.5604,Fornecedor com CNPJ suspeito
887,,,,NA,Outros,Manutenção De Escritório De Apoio À Atividade Parlamentar,1,Situação cadastral não ativa: BAIXADA,FOUND,BAIXADA,1,9,9468.00,15500.143182,23430.81961523477,-0.2574,Fornecedor com CNPJ suspeito
141,74537,Claudio Cajado,PP,BA,Outros,"Passagens Terrestres, Marítimas Ou Fluviais",0,Sem indício cadastral crítico,FOUND,ATIVA,1,1,79.80,3634.349545,9001.916528866017,-0.3949,Comportamento esperado
187,220565,Delegada Adriana Accorsi,PT,GO,Combustível,Combustíveis E Lubrificantes.,1,Situação cadastral não ativa: SUSPENSA,FOUND,SUSPENSA,1,1,68.70,65044.277593,95738.05404592726,-0.6787,Fornecedor com CNPJ suspeito
333,204527,Geninho Zuliani,UNIÃO,SP,Alimentação,Fornecimento De Alimentação Do Parlamentar,1,Situação cadastral não ativa: BAIXADA,FOUND,BAIXADA,1,1,30.66,3366.001170,5609.697337170304,-0.5946,Fornecedor com CNPJ suspeito
470,220600,Lebrão,UNIÃO,RO,Comunicação,Telefonia,0,Sem indício cadastral crítico,FOUND,ATIVA,1,18,2310.07,15683.564000,17340.40119270922,-0.7712,Comportamento esperado
732,204362,Ricardo Guidi,PSD,SC,Comunicação,Telefonia,0,Sem indício cadastral crítico,FOUND,ATIVA,3,18,2287.76,7776.667391,7284.093764458291,-0.7535,Comportamento esperado
580,75431,Maurício Dziedricki,PODE,RS,Combustível,Combustíveis E Lubrificantes.,1,Situação cadastral não ativa: INAPTA,FOUND,INAPTA,1,1,99.99,60520.148547,97388.05968907535,-0.6204,Fornecedor com CNPJ suspeito
630,204498,Olival Marques,MDB,PA,Combustível,Combustíveis E Lubrificantes.,0,Sem indício cadastral crítico,FOUND,ATIVA,27,39,10437.73,39488.928400,62234.56368268833,-0.4668,Comportamento esperado
93,160538,Bohn Gass,PT,RS,Outros,Manutenção De Escritório De Apoio À Atividade Parlamentar,0,Sem indício cadastral crítico,FOUND,ATIVA,17,165,486181.57,109428.142500,149558.61424927576,2.5191,Possível anomalia financeira
591,154178,Milton Vieira,REPUBLICANOS,SP,Combustível,Combustíveis E Lubrificantes.,0,Sem indício cadastral crítico,FOUND,ATIVA,143,326,57417.00,42192.750821,64034.19773844777,0.2378,Comportamento esperado
839,204385,Valdevan Noventa,PL,SE,Viagens,Passagem Aérea - Sigepa,,,,,0,57,88300.59,155702.681579,99733.68864426478,-0.6758,Comportamento esperado
375,73482,Henrique Fontana,PT,RS,Outros,"Serviço De Táxi, Pedágio E Estacionamento",0,Sem indício cadastral crítico,FOUND,ATIVA,10,348,8582.54,10192.084923,16137.89190584743,-0.0997,Comportamento esperado
656,141516,Paulo Abi-ackel,PSDB,MG,Viagens,Passagem Aérea - Sigepa,,,,,0,450,473348.39,195216.599630,167832.49260588933,1.6572,Comportamento esperado
674,220630,Pedro Aihara,PP,MG,Alimentação,Fornecimento De Alimentação Do Parlamentar,1,Erro na consulta pública de CNPJ,ERROR,,1,11,934.96,3421.773553,6721.942950865462,-0.37,Fornecedor com CNPJ suspeito
842,74376,Vander Loubet,PT,MS,Hotéis,"Hospedagem ,exceto Do Parlamentar No Distrito Federal.",0,Sem indício cadastral crítico,FOUND,ATIVA,49,210,68451.53,14950.264286,18538.468264889183,2.886,Possível anomalia financeira
507,141485,Luiz Carlos Busato,UNIÃO,RS,Outros,Manutenção De Escritório De Apoio À Atividade Parlamentar,0,Sem indício cadastral crítico,FOUND,ATIVA,3,10,2954.70,109428.142500,149558.61424927576,-0.7119,Comportamento esperado
836,178863,Uldurico Junior,MDB,BA,Viagens,Passagem Aérea - Sigepa,,,,,0,187,230671.22,219376.223091,157819.4558803826,0.0716,Comportamento esperado
74,220577,Augusto Puppio,MDB,AP,Viagens,Passagem Aérea - Sigepa,,,,,0,279,310986.29,180390.483889,137999.8120825282,0.9463,Comportamento esperado
648,220615,Pastor Henrique Vieira,PSOL,RJ,Locomoção,Locação Ou Fretamento De Veículos Automotores,0,Sem indício cadastral crítico,FOUND,ATIVA,1,54,334949.96,162239.394390,163272.60476613723,1.0578,Comportamento esperado
862,160518,Weliton Prado,SOLIDARIEDADE,MG,Outros,Manutenção De Escritório De Apoio À Atividade Parlamentar,0,Documento não consultado por não ser CNPJ,NOT_APPLICABLE,,1,27,75952.45,123562.947566,162703.54342443834,-0.2926,Comportamento esperado
858,91228,Waldemar Oliveira,AVANTE,PE,Outros,Manutenção De Escritório De Apoio À Atividade Parlamentar,0,Documento não consultado por não ser CNPJ,NOT_APPLICABLE,,1,37,55500.00,90785.734524,140277.34198893898,-0.2515,Comportamento esperado
137,178928,Christiane De Souza Yared,PP,PR,Combustível,Combustíveis E Lubrificantes.,0,Sem indício cadastral crítico,FOUND,ATIVA,17,34,10721.95,57944.345500,82353.4495793919,-0.5734,Comportamento esperado
691,204529,Policial Katia Sastre,PL,SP,Serviços profissionais,"Consultorias, Pesquisas E Trabalhos Técnicos.",0,Sem indício cadastral crítico,FOUND,ATIVA,1,12,123960.00,42478.291429,47664.49520078613,1.7095,Comportamento esperado
728,220543,Ricardo Ayres,REPUBLICANOS,TO,Hotéis,"Hospedagem ,exceto Do Parlamentar No Distrito Federal.",0,Sem indício cadastral crítico,FOUND,ATIVA,42,73,38641.16,12387.293158,19170.891927221925,1.3695,Comportamento esperado
13,178835,Afonso Motta,PDT,RS,Combustível,Combustíveis E Lubrificantes.,1,Situação cadastral não ativa: BAIXADA,FOUND,BAIXADA,15,20,4157.05,60520.148547,97388.05968907535,-0.5787,Fornecedor com CNPJ suspeito
462,162067,Kiko Celeguim,PT,SP,Publicidade,Divulgação Da Atividade Parlamentar.,1,Situação cadastral não ativa: BAIXADA,FOUND,BAIXADA,2,12,13760.00,243741.226243,313657.1515008437,-0.7332,Fornecedor com CNPJ suspeito
26,204571,Alex Santana,REPUBLICANOS,BA,Publicidade,Divulgação Da Atividade Parlamentar.,0,Sem indício cadastral crítico,FOUND,ATIVA,8,126,579226.26,317318.910361,328157.1355142384,0.7981,Comportamento esperado
558,204430,Margarete Coelho,PP,PI,Viagens,Passagem Aérea - Rpa,0,Sem indício cadastral crítico,FOUND,ATIVA,2,14,7078.85,17321.367273,29804.932291452395,-0.3437,Comportamento esperado
651,218741,Patrick Dorneles,PSD,PB,Viagens,Passagem Aérea - Reembolso,0,Sem indício cadastral crítico,FOUND,ATIVA,2,3,1545.52,14118.253125,32577.997530279183,-0.3859,Comportamento esperado
64,123756,Antônia Lúcia,MDB,AC,Locomoção,Locação Ou Fretamento De Aeronaves,0,Sem indício cadastral crítico,FOUND,ATIVA,2,10,248450.00,67020.555556,82206.99971886686,2.207,Possível anomalia financeira
852,141555,Vinicius Carvalho,PL,SP,Publicidade,Divulgação Da Atividade Parlamentar.,1,Situação cadastral não ativa: BAIXADA,FOUND,BAIXADA,1,1,800.00,243741.226243,313657.1515008437,-0.7745,Fornecedor com CNPJ suspeito
357,204513,Guiga Peixoto,PSC,SP,Combustível,Combustíveis E Lubrificantes.,1,Situação cadastral não ativa: BAIXADA,FOUND,BAIXADA,1,1,213.34,42192.750821,64034.19773844777,-0.6556,Fornecedor com CNPJ suspeito
4,204379,Acácio Favacho,MDB,AP,Outros,Manutenção De Escritório De Apoio À Atividade Parlamentar,0,Sem indício cadastral crítico,FOUND,ATIVA,3,22,16042.38,30123.933200,30290.240248736845,-0.4649,Comportamento esperado
143,88256,Clodoaldo Magalhães,PV,PE,Outros,Manutenção De Escritório De Apoio À Atividade Parlamentar,0,Sem indício cadastral crítico,FOUND,ATIVA,1,8,3132.15,90785.734524,140277.34198893898,-0.6249,Comportamento esperado
10,141372,Aelton Freitas,PP,MG,Publicidade,Divulgação Da Atividade Parlamentar.,1,Situação cadastral não ativa: BAIXADA,FOUND,BAIXADA,2,2,23500.00,194891.353020,276881.75990132586,-0.619,Fornecedor com CNPJ suspeito
713,115200,Raniery Paulino,REPUBLICANOS,PB,Alimentação,Fornecimento De Alimentação Do Parlamentar,0,Sem indício cadastral crítico,FOUND,ATIVA,2,2,108.56,1884.650000,4639.955468391323,-0.3828,Comportamento esperado
66,220549,Any Ortiz,PP,RS,Alimentação,Fornecimento De Alimentação Do Parlamentar,1,Situação cadastral não ativa: BAIXADA,FOUND,BAIXADA,1,1,27.00,7368.085075,13657.337051272762,-0.5375,Fornecedor com CNPJ suspeito
364,220568,Gustavo Gayer,PL,GO,Publicidade,Divulgação Da Atividade Parlamentar.,1,Situação cadastral não ativa: BAIXADA,FOUND,BAIXADA,1,5,27500.00,294423.402917,352090.0693215526,-0.7581,Fornecedor com CNPJ suspeito
621,204479,Nicoletti,UNIÃO,RR,Publicidade,Assinatura De Publicações,0,Sem indício cadastral crítico,FOUND,ATIVA,1,2,1609.83,1609.830000,,,Comportamento esperado
814,204534,Tabata Amaral,PSB,SP,Outros,"Serviço De Táxi, Pedágio E Estacionamento",0,Sem indício cadastral crítico,FOUND,ATIVA,23,1008,44554.65,11967.060840,16796.655097373645,1.9401,Comportamento esperado
310,191923,Flávio Nogueira,PT,PI,Outros,Manutenção De Escritório De Apoio À Atividade Parlamentar,0,Documento não consultado por não ser CNPJ,NOT_APPLICABLE,,1,38,190000.00,64892.367419,74159.10998309037,1.687,Comportamento esperado
494,103758,Luciano Azevedo,PSD,RS,Viagens,Passagem Aérea - Sigepa,,,,,0,165,220519.38,223297.576531,126627.95953182003,-0.0219,Comportamento esperado
70,204414,Aroldo Martins,REPUBLICANOS,PR,Combustível,Combustíveis E Lubrificantes.,0,Sem indício cadastral crítico,FOUND,ATIVA,68,308,63792.58,57944.345500,82353.4495793919,0.071,Comportamento esperado
635,73692,Osmar Terra,PL,RS,Publicidade,Divulgação Da Atividade Parlamentar.,0,Sem indício cadastral crítico,FOUND,ATIVA,9,48,394640.88,215724.063125,265101.600265673,0.6749,Comportamento esperado
735,220633,Ricardo Salles,NOVO,SP,Viagens,Passagem Aérea - Sigepa,,,,,0,214,169796.51,185430.171967,136227.76556134285,-0.1148,Comportamento esperado
493,220581,Luciano Amaral,PSD,AL,Comunicação,Telefonia,0,Sem indício cadastral crítico,FOUND,ATIVA,6,51,10775.89,4087.430000,3910.7833872298947,1.7103,Comportamento esperado
438,74550,João Leão,PP,BA,Outros,Manutenção De Escritório De Apoio À Atividade Parlamentar,0,Sem indício cadastral crítico,FOUND,ATIVA,9,177,120300.82,98257.521290,134321.8726415135,0.1641,Comportamento esperado
123,220704,Carol Dartora,PT,PR,Locomoção,Locação Ou Fretamento De Veículos Automotores,0,Sem indício cadastral crítico,FOUND,ATIVA,2,77,320270.00,113439.957419,130977.93601797776,1.5791,Comportamento esperado
203,220705,Deltan Dallagnol,PODE,PR,Outros,"Serviço De Táxi, Pedágio E Estacionamento",0,Sem indício cadastral crítico,FOUND,ATIVA,9,215,8790.53,5713.999474,13397.131596894355,0.2296,Comportamento esperado
291,220646,Felipe Becari,PODE,SP,Alimentação,Fornecimento De Alimentação Do Parlamentar,0,Sem indício cadastral crítico,FOUND,ATIVA,11,38,2082.34,3366.001170,5609.697337170304,-0.2288,Comportamento esperado
366,204456,Gutemberg Reis,MDB,RJ,Outros,"Serviço De Táxi, Pedágio E Estacionamento",0,Sem indício cadastral crítico,FOUND,ATIVA,1,52,31266.72,8455.730411,14321.838989715481,1.5927,Comportamento esperado
69,141391,Arnaldo Jardim,CIDADANIA,SP,Comunicação,Telefonia,0,Sem indício cadastral crítico,FOUND,ATIVA,3,147,34596.16,19889.940211,25751.500071775903,0.5711,Comportamento esperado
306,225727,Flavinha,MDB,MT,Combustível,Combustíveis E Lubrificantes.,0,Sem indício cadastral crítico,FOUND,ATIVA,17,33,7722.90,34330.305532,57340.29977264771,-0.464,Comportamento esperado
9,121948,Adriano Do Baldy,PP,GO,Locomoção,Locação Ou Fretamento De Veículos Automotores,0,Sem indício cadastral crítico,FOUND,ATIVA,3,115,530876.10,189142.637500,142661.57624064668,2.3954,Possível anomalia financeira
767,73806,Roseana Sarney,MDB,MA,Viagens,Passagem Aérea - Sigepa,,,,,0,32,13951.54,132207.227045,122458.5508602934,-0.9657,Comportamento esperado
848,74283,Vicentinho,PT,SP,Locomoção,Locação Ou Fretamento De Veículos Automotores,0,Sem indício cadastral crítico,FOUND,ATIVA,12,95,346908.02,147254.510948,139673.23431152088,1.4294,Comportamento esperado
466,98057,Lafayette De Andrada,PL,MG,Hotéis,"Hospedagem ,exceto Do Parlamentar No Distrito Federal.",0,Sem indício cadastral crítico,FOUND,ATIVA,14,18,12341.91,17018.453084,26330.369533202334,-0.1776,Comportamento esperado
81,73701,Benedita Da Silva,PT,RJ,Publicidade,Divulgação Da Atividade Parlamentar.,0,Sem indício cadastral crítico,FOUND,ATIVA,3,51,873000.00,226781.355120,259582.44863584734,2.4895,Possível anomalia financeira
209,178929,Diego Garcia,REPUBLICANOS,PR,Publicidade,Divulgação Da Atividade Parlamentar.,0,Sem indício cadastral crítico,FOUND,ATIVA,3,9,29094.78,263664.052022,329972.5348930845,-0.7109,Comportamento esperado
868,220564,Yandra Moura,UNIÃO,SE,Publicidade,Divulgação Da Atividade Parlamentar.,0,Sem indício cadastral crítico,FOUND,ATIVA,7,54,705638.26,230946.483077,301200.1033422071,1.576,Comportamento esperado
259,204364,Eli Borges,REPUBLICANOS,TO,Combustível,Combustíveis E Lubrificantes.,1,Situação cadastral não ativa: BAIXADA,FOUND,BAIXADA,1,8,1553.59,73777.441071,109277.9364585353,-0.6609,Fornecedor com CNPJ suspeito
363,73460,Gustavo Fruet,PDT,PR,Locomoção,Locação Ou Fretamento De Veículos Automotores,0,Sem indício cadastral crítico,FOUND,ATIVA,2,17,54155.34,113439.957419,130977.93601797776,-0.4526,Comportamento esperado
495,74478,Luciano Bivar,UNIÃO,PE,Viagens,Passagem Aérea - Rpa,0,Sem indício cadastral crítico,FOUND,ATIVA,2,8,12706.14,15238.795000,22485.76149111043,-0.1126,Comportamento esperado
116,178962,Carlos Gomes,REPUBLICANOS,RS,Outros,Manutenção De Escritório De Apoio À Atividade Parlamentar,1,Situação cadastral não ativa: BAIXADA,FOUND,BAIXADA,1,8,5920.00,109428.142500,149558.61424927576,-0.6921,Fornecedor com CNPJ suspeito
632,178987,Orlando Silva,PCDOB,SP,Viagens,Passagem Aérea - Reembolso,0,Sem indício cadastral crítico,FOUND,ATIVA,4,4,12411.00,9758.571000,11443.414965885137,0.2318,Comportamento esperado
166,74467,Damião Feliciano,UNIÃO,PB,Comunicação,Telefonia,0,Sem indício cadastral crítico,FOUND,ATIVA,3,16,4765.35,7288.602667,11193.533001502294,-0.2254,Comportamento esperado
294,204371,Felipe Rigoni,UNIÃO,ES,Outros,"Passagens Terrestres, Marítimas Ou Fluviais",0,Sem indício cadastral crítico,FOUND,ATIVA,1,1,113.99,113.990000,,,Comportamento esperado
168,220603,Dani Cunha,PL,RJ,Outros,"Serviço De Táxi, Pedágio E Estacionamento",0,Sem indício cadastral crítico,FOUND,ATIVA,1,216,7891.65,8455.730411,14321.838989715481,-0.0394,Comportamento esperado
879,220558,Zé Trovão,PL,SC,Hotéis,"Hospedagem ,exceto Do Parlamentar No Distrito Federal.",0,Sem indício cadastral crítico,FOUND,ATIVA,29,49,21368.75,36695.958649,43528.74004922331,-0.3521,Comportamento esperado
45,204356,Amaro Neto,PP,ES,Publicidade,Divulgação Da Atividade Parlamentar.,0,Sem indício cadastral crítico,FOUND,ATIVA,3,72,978997.03,254942.876552,301625.34822291706,2.4005,Possível anomalia financeira
819,204464,Talíria Petrone,PSOL,RJ,Viagens,Passagem Aérea - Rpa,0,Sem indício cadastral crítico,FOUND,ATIVA,2,30,31268.06,24365.871064,36425.48190750471,0.1895,Comportamento esperado
259,204364,Eli Borges,REPUBLICANOS,TO,Publicidade,Divulgação Da Atividade Parlamentar.,1,Situação cadastral não ativa: BAIXADA,FOUND,BAIXADA,3,27,44000.00,260231.601071,329408.0872597135,-0.6564,Fornecedor com CNPJ suspeito
84,204358,Beto Pereira,REPUBLICANOS,MS,Publicidade,Divulgação Da Atividade Parlamentar.,1,Situação cadastral não ativa: BAIXADA,FOUND,BAIXADA,2,4,17000.00,244824.753226,352025.1744174792,-0.6472,Fornecedor com CNPJ suspeito
39,204400,Aline Sleutjes,PROS,PR,Viagens,Passagem Aérea - Sigepa,,,,,0,116,158828.40,173223.575536,125997.34942419773,-0.1142,Comportamento esperado
9,121948,Adriano Do Baldy,PP,GO,Outros,Manutenção De Escritório De Apoio À Atividade Parlamentar,0,Sem indício cadastral crítico,FOUND,ATIVA,22,198,91252.60,100447.486545,162486.21407041358,-0.0566,Comportamento esperado
304,220545,Filipe Martins,PL,TO,Locomoção,Locação Ou Fretamento De Veículos Automotores,0,Sem indício cadastral crítico,FOUND,ATIVA,4,30,327742.42,117209.676500,159137.4356385456,1.323,Comportamento esperado
142,141408,Cleber Verde,MDB,MA,Locomoção,Locação Ou Fretamento De Veículos Automotores,0,Sem indício cadastral crítico,FOUND,ATIVA,2,19,174849.60,122090.952683,112418.39663710551,0.4693,Comportamento esperado
87,178948,Beto Rosado,PP,RN,Outros,Manutenção De Escritório De Apoio À Atividade Parlamentar,0,Sem indício cadastral crítico,FOUND,ATIVA,2,13,23141.30,114159.151154,175330.5134804051,-0.5191,Comportamento esperado
760,178861,Ronaldo Carletto,PP,BA,Serviços profissionais,"Consultorias, Pesquisas E Trabalhos Técnicos.",0,Sem indício cadastral crítico,FOUND,ATIVA,2,14,187800.00,64386.903226,47821.13506693795,2.5807,Possível anomalia financeira
695,89536,Prof. Paulo Fernando,REPUBLICANOS,DF,Outros,Manutenção De Escritório De Apoio À Atividade Parlamentar,0,Sem indício cadastral crítico,FOUND,ATIVA,2,12,6940.85,95246.480000,164390.52276665662,-0.5372,Comportamento esperado
234,220528,Dr. Victor Linhalis,PODE,ES,Comunicação,Telefonia,0,Sem indício cadastral crítico,FOUND,ATIVA,2,29,10870.20,19441.733636,20791.65600073225,-0.4123,Comportamento esperado
235,204412,Dr. Zacharias Calil,MDB,GO,Outros,Manutenção De Escritório De Apoio À Atividade Parlamentar,1,Erro na consulta pública de CNPJ,ERROR,,1,20,2955.00,100447.486545,162486.21407041358,-0.6,Fornecedor com CNPJ suspeito
871,160592,Zeca Dirceu,PT,PR,Alimentação,Fornecimento De Alimentação Do Parlamentar,0,Sem indício cadastral crítico,FOUND,ATIVA,11,12,614.09,4173.948542,8441.04850518495,-0.4217,Comportamento esperado
436,230957,João Cury,MDB,SP,Outros,"Serviço De Táxi, Pedágio E Estacionamento",0,Sem indício cadastral crítico,FOUND,ATIVA,30,112,6343.51,11967.060840,16796.655097373645,-0.3348,Comportamento esperado
279,204482,Euclydes Pettersen,REPUBLICANOS,MG,Viagens,Passagem Aérea - Reembolso,0,Sem indício cadastral crítico,FOUND,ATIVA,3,5,11632.41,7020.191961,10297.188894597206,0.4479,Comportamento esperado
148,220595,Coronel Fernanda,PL,MT,Outros,Manutenção De Escritório De Apoio À Atividade Parlamentar,0,Documento não consultado por não ser CNPJ,NOT_APPLICABLE,,1,33,222190.00,55063.669706,75019.05976556618,2.2278,Possível anomalia financeira
737,178920,Ricardo Teobaldo,PODE,PE,Viagens,Passagem Aérea - Sigepa,,,,,0,31,42975.98,221741.150682,163177.94412569836,-1.0955,Comportamento esperado
509,204485,Luiz Carlos Motta,PL,SP,Viagens,Passagem Aérea - Reembolso,0,Sem indício cadastral crítico,FOUND,ATIVA,3,5,22056.31,9758.571000,11443.414965885137,1.0747,Comportamento esperado
529,204458,Major Fabiana,PL,RJ,Locomoção,Locação Ou Fretamento De Veículos Automotores,0,Sem indício cadastral crítico,FOUND,ATIVA,1,22,122950.00,162239.394390,163272.60476613723,-0.2406,Comportamento esperado
859,160569,Waldenor Pereira,PT,BA,Comunicação,Telefonia,1,Situação cadastral não ativa: BAIXADA,FOUND,BAIXADA,1,18,4498.62,23153.030698,23468.568952979214,-0.7949,Fornecedor com CNPJ suspeito
807,178946,Soraya Santos,PL,RJ,Outros,Manutenção De Escritório De Apoio À Atividade Parlamentar,0,Sem indício cadastral crítico,FOUND,ATIVA,1,21,12129.65,80988.593819,134414.71100556676,-0.5123,Comportamento esperado
875,178889,Zé Carlos,PT,MA,Viagens,Passagem Aérea - Rpa,0,Sem indício cadastral crítico,FOUND,ATIVA,2,6,9455.68,17893.360952,34179.698738222214,-0.2469,Comportamento esperado
264,220008,Eliza Virgínia,PP,PB,Locomoção,Locação Ou Fretamento De Veículos Automotores,0,Sem indício cadastral crítico,FOUND,ATIVA,3,13,72756.74,197980.822174,165434.59936969794,-0.7569,Comportamento esperado
244,178994,Dulce Miranda,MDB,TO,Outros,Manutenção De Escritório De Apoio À Atividade Parlamentar,1,Situação cadastral não ativa: BAIXADA,FOUND,BAIXADA,1,5,1259.20,60332.404118,100110.53801139936,-0.5901,Fornecedor com CNPJ suspeito
115,204361,Carlos Chiodini,MDB,SC,Outros,Serviços Postais,0,Sem indício cadastral crítico,FOUND,ATIVA,1,1,102.95,1043.824167,1437.984649529007,-0.6543,Comportamento esperado
37,178927,Aliel Machado,PV,PR,Viagens,Passagem Aérea - Sigepa,,,,,0,521,531674.52,173223.575536,125997.34942419773,2.8449,Possível anomalia financeira
399,220527,Jack Rocha,PT,ES,Combustível,Combustíveis E Lubrificantes.,0,Sem indício cadastral crítico,FOUND,ATIVA,158,561,84717.94,49148.417879,67749.62213949014,0.525,Comportamento esperado
43,204545,Alê Silva,REPUBLICANOS,MG,Publicidade,Divulgação Da Atividade Parlamentar.,0,Sem indício cadastral crítico,FOUND,ATIVA,12,26,139955.00,194891.353020,276881.75990132586,-0.1984,Comportamento esperado
313,204510,Franco Cartafina,PP,MG,Outros,Manutenção De Escritório De Apoio À Atividade Parlamentar,0,Sem indício cadastral crítico,FOUND,ATIVA,7,54,47478.80,123562.947566,162703.54342443834,-0.4676,Comportamento esperado
331,220611,General Pazuello,PL,RJ,Combustível,Combustíveis E Lubrificantes.,0,Sem indício cadastral crítico,FOUND,ATIVA,118,806,181055.71,44023.319398,62812.667137756165,2.1816,Possível anomalia financeira
371,220537,Helena Lima,PSD,RR,Combustível,Combustíveis E Lubrificantes.,0,Sem indício cadastral crítico,FOUND,ATIVA,64,387,191586.84,70971.916364,102686.34049821323,1.1746,Comportamento esperado
133,74171,Chico Alencar,PSOL,RJ,Outros,"Serviço De Táxi, Pedágio E Estacionamento",0,Sem indício cadastral crítico,FOUND,ATIVA,15,231,28108.49,8455.730411,14321.838989715481,1.3722,Comportamento esperado
356,198197,Greyce Elias,PL,MG,Outros,Manutenção De Escritório De Apoio À Atividade Parlamentar,0,Sem indício cadastral crítico,FOUND,ATIVA,21,247,318509.03,123562.947566,162703.54342443834,1.1982,Comportamento esperado
124,204369,Caroline De Toni,PL,SC,Outros,Manutenção De Escritório De Apoio À Atividade Parlamentar,0,Sem indício cadastral crítico,FOUND,ATIVA,3,19,15629.10,70964.571200,106769.4367602354,-0.5183,Comportamento esperado
280,74454,Eunício Oliveira,MDB,CE,Comunicação,Telefonia,0,Sem indício cadastral crítico,FOUND,ATIVA,2,36,22187.12,11707.711071,16858.211643996754,0.6216,Comportamento esperado
137,178928,Christiane De Souza Yared,PP,PR,Outros,Manutenção De Escritório De Apoio À Atividade Parlamentar,0,Sem indício cadastral crítico,FOUND,ATIVA,9,73,92658.86,86193.122500,116860.66498214444,0.0553,Comportamento esperado
530,179587,Major Vitor Hugo,PL,GO,Combustível,Combustíveis E Lubrificantes.,1,Situação cadastral não ativa: BAIXADA,FOUND,BAIXADA,4,5,701.50,65044.277593,95738.05404592726,-0.6721,Fornecedor com CNPJ suspeito
294,204371,Felipe Rigoni,UNIÃO,ES,Viagens,Passagem Aérea - Reembolso,0,Sem indício cadastral crítico,FOUND,ATIVA,1,1,1540.49,10428.191818,24247.266158601393,-0.3665,Comportamento esperado
566,220655,Mario Frias,PL,SP,Outros,"Serviço De Táxi, Pedágio E Estacionamento",0,Sem indício cadastral crítico,FOUND,ATIVA,7,31,19237.13,11967.060840,16796.655097373645,0.4328,Comportamento esperado
108,178924,Capitão Fábio Abreu,PSD,PI,Combustível,Combustíveis E Lubrificantes.,0,Sem indício cadastral crítico,FOUND,ATIVA,9,10,2107.81,73929.545357,101552.42380940972,-0.7072,Comportamento esperado
59,204515,André Janones,REDE,MG,Outros,"Serviço De Táxi, Pedágio E Estacionamento",0,Documento não consultado por não ser CNPJ,NOT_APPLICABLE,,1,1,600.00,5572.245385,10370.293242628488,-0.4795,Comportamento esperado
54,74471,André De Paula,PSD,PE,Combustível,Combustíveis E Lubrificantes.,1,Situação cadastral não ativa: BAIXADA,FOUND,BAIXADA,3,3,713.38,53506.291935,82942.380015203,-0.6365,Fornecedor com CNPJ suspeito
325,224117,Gabriel Mota,UNIÃO,RR,Combustível,Combustíveis E Lubrificantes.,0,Sem indício cadastral crítico,FOUND,ATIVA,14,28,6086.92,70971.916364,102686.34049821323,-0.6319,Comportamento esperado
341,204491,Gilberto Abramo,REPUBLICANOS,MG,Comunicação,Telefonia,0,Sem indício cadastral crítico,FOUND,ATIVA,1,26,10916.07,15607.667083,19082.29985422686,-0.2459,Comportamento esperado
802,220651,Simone Marquetto,PP,SP,Alimentação,Fornecimento De Alimentação Do Parlamentar,1,Situação cadastral não ativa: BAIXADA,FOUND,BAIXADA,4,9,312.50,3366.001170,5609.697337170304,-0.5443,Fornecedor com CNPJ suspeito
360,160667,Guilherme Mussi,PP,SP,Publicidade,Divulgação Da Atividade Parlamentar.,1,Situação cadastral não ativa: BAIXADA,FOUND,BAIXADA,1,9,90000.00,243741.226243,313657.1515008437,-0.4902,Fornecedor com CNPJ suspeito
366,204456,Gutemberg Reis,MDB,RJ,Viagens,Passagem Aérea - Reembolso,1,Erro na consulta pública de CNPJ,ERROR,,1,2,5945.59,9840.865893,10669.362639943789,-0.3651,Fornecedor com CNPJ suspeito
149,220666,Coronel Meira,PL,PE,Outros,Manutenção De Escritório De Apoio À Atividade Parlamentar,0,Sem indício cadastral crítico,FOUND,ATIVA,5,63,11196.88,90785.734524,140277.34198893898,-0.5674,Comportamento esperado
53,178831,André Abdon,PP,AP,Comunicação,Telefonia,0,Sem indício cadastral crítico,FOUND,ATIVA,3,27,4994.64,4978.914286,4084.738765910076,0.0038,Comportamento esperado
622,209787,Nikolas Ferreira,PL,MG,Comunicação,Telefonia,0,Sem indício cadastral crítico,FOUND,ATIVA,1,19,4241.08,15607.667083,19082.29985422686,-0.5957,Comportamento esperado
478,92102,Leur Lomanto Júnior,UNIÃO,BA,Locomoção,Locação Ou Fretamento De Veículos Automotores,0,Sem indício cadastral crítico,FOUND,ATIVA,2,52,650000.00,292409.611930,213979.496522466,1.6711,Comportamento esperado
650,205535,Patricia Ferraz,PL,AP,Viagens,Passagem Aérea - Sigepa,,,,,0,26,24194.23,180390.483889,137999.8120825282,-1.1319,Comportamento esperado
567,204403,Marlon Santos,PL,RS,Outros,"Serviço De Táxi, Pedágio E Estacionamento",0,Sem indício cadastral crítico,FOUND,ATIVA,1,1,124.00,10192.084923,16137.89190584743,-0.6239,Comportamento esperado
196,220701,Delegado Matheus Laiola,UNIÃO,PR,Hotéis,"Hospedagem ,exceto Do Parlamentar No Distrito Federal.",0,Sem indício cadastral crítico,FOUND,ATIVA,5,6,3738.89,18419.328649,34024.43115299299,-0.4315,Comportamento esperado
486,234253,Lucas Abrahao,REDE,AP,Locomoção,Locação Ou Fretamento De Veículos Automotores,0,Sem indício cadastral crítico,FOUND,ATIVA,1,1,6000.00,118873.802381,121389.286590239,-0.9298,Comportamento esperado
884,204509,Áurea Carolina,PSOL,MG,Outros,Manutenção De Escritório De Apoio À Atividade Parlamentar,0,Sem indício cadastral crítico,FOUND,ATIVA,10,84,70884.65,123562.947566,162703.54342443834,-0.3238,Comportamento esperado
703,221338,Professora Luciene Cavalcante,PSOL,SP,Viagens,Passagem Aérea - Sigepa,,,,,0,246,350652.45,185430.171967,136227.76556134285,1.2128,Comportamento esperado
652,74160,Patrus Ananias,PT,MG,Outros,Manutenção De Escritório De Apoio À Atividade Parlamentar,0,Sem indício cadastral crítico,FOUND,ATIVA,14,405,613042.04,123562.947566,162703.54342443834,3.0084,Anomalia financeira extrema
128,73441,Celso Russomanno,REPUBLICANOS,SP,Outros,Manutenção De Escritório De Apoio À Atividade Parlamentar,0,Sem indício cadastral crítico,FOUND,ATIVA,10,153,45329.66,98538.487659,143509.98800071477,-0.3708,Comportamento esperado
662,160558,Paulo Freire Costa,PL,SP,Publicidade,Divulgação Da Atividade Parlamentar.,0,Sem indício cadastral crítico,FOUND,ATIVA,4,64,915520.00,243741.226243,313657.1515008437,2.1418,Possível anomalia financeira
815,178922,Tadeu Alencar,PSB,PE,Viagens,Passagem Aérea - Sigepa,,,,,0,108,143940.47,221741.150682,163177.94412569836,-0.4768,Comportamento esperado
211,220671,Dilvanda Faro,PT,PA,Outros,Manutenção De Escritório De Apoio À Atividade Parlamentar,0,Sem indício cadastral crítico,FOUND,ATIVA,2,42,29872.80,42888.542571,70113.4772677672,-0.1856,Comportamento esperado
482,204405,Liziane Bayer,REPUBLICANOS,RS,Alimentação,Fornecimento De Alimentação Do Parlamentar,1,Situação cadastral não ativa: BAIXADA,FOUND,BAIXADA,1,1,30.90,7368.085075,13657.337051272762,-0.5372,Fornecedor com CNPJ suspeito
151,222142,Coronel Telhada,PP,SP,Comunicação,Telefonia,0,Sem indício cadastral crítico,FOUND,ATIVA,1,17,20739.94,19889.940211,25751.500071775903,0.033,Comportamento esperado
305,141434,Flaviano Melo,MDB,AC,Comunicação,Telefonia,0,Sem indício cadastral crítico,FOUND,ATIVA,2,12,7861.65,4341.214167,4755.124320798006,0.7403,Comportamento esperado
176,204409,Daniel Trzeciak,PSDB,RS,Outros,"Passagens Terrestres, Marítimas Ou Fluviais",0,Sem indício cadastral crítico,FOUND,ATIVA,4,42,4489.66,4236.036552,8253.072405382596,0.0307,Comportamento esperado
874,230768,Zé Adriano,PP,AC,Viagens,Passagem Aérea - Sigepa,,,,,0,26,23228.95,131556.873333,92765.04055863072,-1.1678,Comportamento esperado
828,219568,Tiago Andrino,PSB,TO,Alimentação,Fornecimento De Alimentação Do Parlamentar,0,Sem indício cadastral crítico,FOUND,ATIVA,6,11,961.01,977.828571,1259.2622814625577,-0.0134,Comportamento esperado
49,220556,Ana Paula Lima,PT,SC,Viagens,Passagem Aérea - Reembolso,0,Sem indício cadastral crítico,FOUND,ATIVA,2,2,4675.17,9023.088750,8047.509872572903,-0.5403,Comportamento esperado
468,160534,Lauriete,PSC,ES,Comunicação,Telefonia,0,Sem indício cadastral crítico,FOUND,ATIVA,6,58,11624.12,19441.733636,20791.65600073225,-0.376,Comportamento esperado
171,220582,Daniel Barbosa,PP,AL,Locomoção,Locação Ou Fretamento De Veículos Automotores,0,Sem indício cadastral crítico,FOUND,ATIVA,1,37,236984.83,233502.585833,195708.62456859284,0.0178,Comportamento esperado
512,229432,Luiz Fernando Vampiro,MDB,SC,Hotéis,"Hospedagem ,exceto Do Parlamentar No Distrito Federal.",0,Sem indício cadastral crítico,FOUND,ATIVA,13,18,11268.33,36695.958649,43528.74004922331,-0.5842,Comportamento esperado
715,74161,Reginaldo Lopes,PT,MG,Viagens,Passagem Aérea - Reembolso,0,Sem indício cadastral crítico,FOUND,ATIVA,1,1,1538.43,7020.191961,10297.188894597206,-0.5324,Comportamento esperado
159,204370,Célio Moura,PT,TO,Outros,Manutenção De Escritório De Apoio À Atividade Parlamentar,0,Sem indício cadastral crítico,FOUND,ATIVA,8,79,45485.16,60332.404118,100110.53801139936,-0.1483,Comportamento esperado
614,204415,Nereu Crispim,PSD,RS,Locomoção,Locação Ou Fretamento De Veículos Automotores,0,Sem indício cadastral crítico,FOUND,ATIVA,1,21,63450.00,182736.733051,177547.8783363845,-0.6719,Comportamento esperado
302,204427,Fernando Rodolfo,PRD,PE,Viagens,Passagem Aérea - Sigepa,,,,,0,400,566496.09,221741.150682,163177.94412569836,2.1128,Possível anomalia financeira
451,204520,Junio Amaral,PL,MG,Outros,"Passagens Terrestres, Marítimas Ou Fluviais",0,Sem indício cadastral crítico,FOUND,ATIVA,23,37,8479.36,3858.240000,6358.142634643256,0.7268,Comportamento esperado
326,220708,Gabriel Nunes,PSD,BA,Hotéis,"Hospedagem ,exceto Do Parlamentar No Distrito Federal.",0,Sem indício cadastral crítico,FOUND,ATIVA,20,108,23928.18,14559.116889,26542.375379101115,0.353,Comportamento esperado
527,166402,Magda Mofatto,PL,GO,Combustível,Combustíveis E Lubrificantes.,1,Situação cadastral não ativa: SUSPENSA,FOUND,SUSPENSA,1,241,81382.04,65044.277593,95738.05404592726,0.1707,Fornecedor com CNPJ suspeito
624,178986,Nilto Tatto,PT,SP,Comunicação,Telefonia,0,Sem indício cadastral crítico,FOUND,ATIVA,1,170,47006.69,19889.940211,25751.500071775903,1.053,Comportamento esperado
435,141458,João Carlos Bacelar,PL,BA,Alimentação,Fornecimento De Alimentação Do Parlamentar,0,Sem indício cadastral crítico,FOUND,ATIVA,60,231,33510.33,5334.958511,10548.888785765435,2.6709,Possível anomalia financeira
347,160673,Giovani Cherini,PL,RS,Hotéis,"Hospedagem ,exceto Do Parlamentar No Distrito Federal.",1,Erro na consulta pública de CNPJ,ERROR,,1,1,567.71,21826.986437,35658.661568585754,-0.5962,Fornecedor com CNPJ suspeito
101,93083,Cacá Leão,PP,BA,Outros,Manutenção De Escritório De Apoio À Atividade Parlamentar,0,Sem indício cadastral crítico,FOUND,ATIVA,7,62,31864.95,98257.521290,134321.8726415135,-0.4943,Comportamento esperado
621,204479,Nicoletti,UNIÃO,RR,Publicidade,Divulgação Da Atividade Parlamentar.,0,Sem indício cadastral crítico,FOUND,ATIVA,6,16,97656.00,302008.159333,364968.0243701814,-0.5599,Comportamento esperado
104,204352,Camilo Capiberibe,PSB,AP,Locomoção,Locação Ou Fretamento De Veículos Automotores,1,Situação cadastral não ativa: BAIXADA,FOUND,BAIXADA,1,5,12901.95,118873.802381,121389.286590239,-0.873,Fornecedor com CNPJ suspeito
225,220688,Dr. Francisco,PT,PI,Alimentação,Fornecimento De Alimentação Do Parlamentar,0,Sem indício cadastral crítico,FOUND,ATIVA,18,56,3592.74,3231.855000,6522.778260515771,0.0553,Comportamento esperado
61,220544,Antonio Andrade,PSDB,TO,Locomoção,Locação Ou Fretamento De Veículos Automotores,0,Sem indício cadastral crítico,FOUND,ATIVA,2,26,294607.50,117209.676500,159137.4356385456,1.1147,Comportamento esperado
504,204410,Luisa Canziani,PSD,PR,Combustível,Combustíveis E Lubrificantes.,0,Sem indício cadastral crítico,FOUND,ATIVA,6,25,40504.66,57944.345500,82353.4495793919,-0.2118,Comportamento esperado
661,160517,Paulo Folletto,PSB,ES,Publicidade,Assinatura De Publicações,0,Sem indício cadastral crítico,FOUND,ATIVA,2,6,3344.10,2474.010000,1230.493078485206,0.7071,Comportamento esperado
585,220585,Mersinho Lucena,PSD,PB,Outros,Aquisição De Tokens E Certificados Digitais,0,Sem indício cadastral crítico,FOUND,ATIVA,1,1,140.00,140.000000,,,Comportamento esperado
607,178858,Mário Negromonte Jr.,PP,BA,Comunicação,Telefonia,0,Sem indício cadastral crítico,FOUND,ATIVA,1,12,11232.34,23153.030698,23468.568952979214,-0.5079,Comportamento esperado
57,133439,André Figueiredo,PDT,CE,Combustível,Combustíveis E Lubrificantes.,1,Situação cadastral não ativa: BAIXADA,FOUND,BAIXADA,2,4,1025.67,41977.960833,76764.60304100714,-0.5335,Fornecedor com CNPJ suspeito
834,178934,Toninho Wandscheer,PP,PR,Serviços profissionais,"Consultorias, Pesquisas E Trabalhos Técnicos.",0,Sem indício cadastral crítico,FOUND,ATIVA,2,19,78600.00,58752.690645,58141.82428785019,0.3414,Comportamento esperado
648,220615,Pastor Henrique Vieira,PSOL,RJ,Hotéis,"Hospedagem ,exceto Do Parlamentar No Distrito Federal.",1,Erro na consulta pública de CNPJ,ERROR,,1,1,3984.80,13016.628636,21468.959145470457,-0.4207,Fornecedor com CNPJ suspeito
129,204496,Celso Sabino,UNIÃO,PA,Combustível,Combustíveis E Lubrificantes.,1,Situação cadastral não ativa: SUSPENSA,FOUND,SUSPENSA,2,2,400.10,39488.928400,62234.56368268833,-0.6281,Fornecedor com CNPJ suspeito
776,160635,Ruy Carneiro,PSC,PB,Combustível,Combustíveis E Lubrificantes.,0,Sem indício cadastral crítico,FOUND,ATIVA,3,29,25857.21,61582.608974,85760.8839439169,-0.4166,Comportamento esperado
72,160600,Arthur Oliveira Maia,UNIÃO,BA,Publicidade,Divulgação Da Atividade Parlamentar.,1,Situação cadastral não ativa: BAIXADA,FOUND,BAIXADA,1,1,2000.00,317318.910361,328157.1355142384,-0.9609,Fornecedor com CNPJ suspeito
134,141439,Chico D'angelo,PDT,RJ,Viagens,Passagem Aérea - Sigepa,,,,,0,46,67133.44,213577.740357,175550.75566941444,-0.8342,Comportamento esperado
84,204358,Beto Pereira,PSDB,MS,Outros,Serviço De Segurança Prestado Por Empresa Especializada.,0,Sem indício cadastral crítico,FOUND,ATIVA,1,12,3470.76,13983.610000,12361.52440764892,-0.8504,Comportamento esperado
233,178830,Dr. Sinval Malheiros,PODE,SP,Alimentação,Fornecimento De Alimentação Do Parlamentar,0,Sem indício cadastral crítico,FOUND,ATIVA,4,5,458.64,3366.001170,5609.697337170304,-0.5183,Comportamento esperado
141,74537,Claudio Cajado,PP,BA,Outros,Serviços Postais,0,Sem indício cadastral crítico,FOUND,ATIVA,1,1,63.00,1465.597500,2527.93213294582,-0.5548,Comportamento esperado
93,160538,Bohn Gass,PT,RS,Alimentação,Fornecimento De Alimentação Do Parlamentar,0,Sem indício cadastral crítico,FOUND,ATIVA,217,447,20046.96,7368.085075,13657.337051272762,0.9284,Comportamento esperado
724,73801,Renildo Calheiros,PCDOB,PE,Combustível,Combustíveis E Lubrificantes.,0,Sem indício cadastral crítico,FOUND,ATIVA,157,783,187874.10,53506.291935,82942.380015203,1.62,Comportamento esperado
193,220649,Delegado Da Cunha,UNIÃO,SP,Publicidade,Divulgação Da Atividade Parlamentar.,0,Sem indício cadastral crítico,FOUND,ATIVA,14,87,915358.69,243741.226243,313657.1515008437,2.1412,Possível anomalia financeira
683,122158,Pedro Paulo,PSD,RJ,Locomoção,Locação Ou Fretamento De Veículos Automotores,0,Sem indício cadastral crítico,FOUND,ATIVA,4,46,502812.95,162239.394390,163272.60476613723,2.0859,Possível anomalia financeira
667,74574,Paulo Magalhães,PSD,BA,Viagens,Passagem Aérea - Rpa,0,Sem indício cadastral crítico,FOUND,ATIVA,3,160,156814.93,31763.658913,54219.86604798766,2.3064,Possível anomalia financeira
180,62881,Danilo Forte,UNIÃO,CE,Combustível,Combustíveis E Lubrificantes.,0,Sem indício cadastral crítico,FOUND,ATIVA,63,110,28168.06,41977.960833,76764.60304100714,-0.1799,Comportamento esperado
552,204431,Marcos Aurélio Sampaio,MDB,PI,Locomoção,Locação Ou Fretamento De Veículos Automotores,0,Sem indício cadastral crítico,FOUND,ATIVA,1,37,444000.00,264114.661053,215307.58327079436,0.8355,Comportamento esperado
120,204426,Carlos Veras,PT,PE,Publicidade,Divulgação Da Atividade Parlamentar.,0,Sem indício cadastral crítico,FOUND,ATIVA,29,211,524622.13,241972.708182,301628.5621101344,0.9371,Comportamento esperado
247,141417,Edio Lopes,PL,RR,Viagens,Passagem Aérea - Sigepa,,,,,0,130,159446.38,163783.293125,88161.1731168696,-0.0492,Comportamento esperado
103,220548,Camila Jara,PT,MS,Viagens,Passagem Aérea - Sigepa,,,,,0,155,204402.64,136850.719231,90603.58730528376,0.7456,Comportamento esperado
276,220645,Erika Hilton,PSOL,SP,Combustível,Combustíveis E Lubrificantes.,0,Sem indício cadastral crítico,FOUND,ATIVA,51,258,38988.67,42192.750821,64034.19773844777,-0.05,Comportamento esperado
686,178844,Pedro Vilela,PSDB,AL,Combustível,Combustíveis E Lubrificantes.,0,Sem indício cadastral crítico,FOUND,ATIVA,34,125,32110.44,41184.340741,54405.12179897842,-0.1668,Comportamento esperado
624,178986,Nilto Tatto,PT,SP,Outros,Manutenção De Escritório De Apoio À Atividade Parlamentar,0,Sem indício cadastral crítico,FOUND,ATIVA,8,206,324627.64,98538.487659,143509.98800071477,1.5754,Comportamento esperado
1,220593,Abilio Brunini,PL,MT,Publicidade,Divulgação Da Atividade Parlamentar.,0,Sem indício cadastral crítico,FOUND,ATIVA,12,30,116442.00,167205.955714,207800.9242977291,-0.2443,Comportamento esperado
624,178986,Nilto Tatto,PT,SP,Combustível,Combustíveis E Lubrificantes.,0,Sem indício cadastral crítico,FOUND,ATIVA,220,668,147688.07,42192.750821,64034.19773844777,1.6475,Comportamento esperado
808,92776,Stefano Aguiar,PSD,MG,Hotéis,"Hospedagem ,exceto Do Parlamentar No Distrito Federal.",0,Sem indício cadastral crítico,FOUND,ATIVA,20,43,29287.93,17018.453084,26330.369533202334,0.466,Comportamento esperado
831,160976,Tiririca,PL,SP,Locomoção,Locação Ou Fretamento De Veículos Automotores,0,Sem indício cadastral crítico,FOUND,ATIVA,3,18,87213.11,147254.510948,139673.23431152088,-0.4299,Comportamento esperado
867,74439,Wolney Queiroz,PDT,PE,Viagens,Passagem Aérea - Rpa,0,Sem indício cadastral crítico,FOUND,ATIVA,2,10,11493.20,15238.795000,22485.76149111043,-0.1666,Comportamento esperado
449,74253,Julio Lopes,PP,RJ,Viagens,Passagem Aérea - Rpa,0,Sem indício cadastral crítico,FOUND,ATIVA,1,26,51286.27,24365.871064,36425.48190750471,0.7391,Comportamento esperado
372,204444,Helio Lopes,PL,RJ,Publicidade,Divulgação Da Atividade Parlamentar.,0,Sem indício cadastral crítico,FOUND,ATIVA,6,58,206838.00,226781.355120,259582.44863584734,-0.0768,Comportamento esperado
186,220539,Defensor Stélio Dener,UNIÃO,RR,Locomoção,Locação Ou Fretamento De Veículos Automotores,0,Sem indício cadastral crítico,FOUND,ATIVA,5,38,304220.00,156360.151875,107532.52503854835,1.375,Comportamento esperado
680,229112,Pedro Jr,PL,TO,Combustível,Combustíveis E Lubrificantes.,0,Sem indício cadastral crítico,FOUND,ATIVA,30,41,13199.38,73777.441071,109277.9364585353,-0.5543,Comportamento esperado
782,219599,Sargento Alexandre,PODE,SP,Viagens,Passagem Aérea - Sigepa,,,,,0,33,39493.00,185430.171967,136227.76556134285,-1.0713,Comportamento esperado
57,133439,André Figueiredo,PDT,CE,Outros,Serviços Postais,0,Sem indício cadastral crítico,FOUND,ATIVA,1,5,989.68,3829.738750,9609.91874267183,-0.2955,Comportamento esperado
708,178951,Rafael Motta,PSB,RN,Combustível,Combustíveis E Lubrificantes.,1,Situação cadastral não ativa: BAIXADA,FOUND,BAIXADA,2,2,434.82,51927.710333,76131.03428420173,-0.6764,Fornecedor com CNPJ suspeito
53,178831,André Abdon,PP,AP,Hotéis,"Hospedagem ,exceto Do Parlamentar No Distrito Federal.",0,Sem indício cadastral crítico,FOUND,ATIVA,3,3,6443.15,5136.092500,6592.979949253359,0.1982,Comportamento esperado
59,204515,André Janones,AVANTE,MG,Comunicação,Telefonia,0,Sem indício cadastral crítico,FOUND,ATIVA,1,1,85.56,15607.667083,19082.29985422686,-0.8134,Comportamento esperado
369,178964,Heitor Schuch,PSB,RS,Alimentação,Fornecimento De Alimentação Do Parlamentar,1,Erro na consulta pública de CNPJ,ERROR,,1,5,432.20,7368.085075,13657.337051272762,-0.5079,Fornecedor com CNPJ suspeito
724,73801,Renildo Calheiros,PCDOB,PE,Combustível,Combustíveis E Lubrificantes.,1,Situação cadastral não ativa: BAIXADA,FOUND,BAIXADA,4,7,1820.02,53506.291935,82942.380015203,-0.6232,Fornecedor com CNPJ suspeito
104,204352,Camilo Capiberibe,PSB,AP,Outros,Manutenção De Escritório De Apoio À Atividade Parlamentar,0,Sem indício cadastral crítico,FOUND,ATIVA,7,41,63881.35,30123.933200,30290.240248736845,1.1145,Comportamento esperado
450,204457,Juninho Do Pneu,PSDB,RJ,Viagens,Passagem Aérea - Sigepa,,,,,0,204,165114.60,213577.740357,175550.75566941444,-0.2761,Comportamento esperado
250,204541,Eduardo Bismarck,PDT,CE,Alimentação,Fornecimento De Alimentação Do Parlamentar,0,Sem indício cadastral crítico,FOUND,ATIVA,29,57,3401.80,4778.337742,9185.089924635726,-0.1499,Comportamento esperado
310,191923,Flávio Nogueira,PT,PI,Viagens,Passagem Aérea - Rpa,0,Sem indício cadastral crítico,FOUND,ATIVA,2,3,355.89,17321.367273,29804.932291452395,-0.5692,Comportamento esperado
156,135054,Cristiano Vale,PP,PA,Outros,Manutenção De Escritório De Apoio À Atividade Parlamentar,0,Sem indício cadastral crítico,FOUND,ATIVA,4,64,19062.89,42888.542571,70113.4772677672,-0.3398,Comportamento esperado
810,204535,Sâmia Bomfim,PSOL,SP,Combustível,Combustíveis E Lubrificantes.,0,Sem indício cadastral crítico,FOUND,ATIVA,18,93,32799.18,42192.750821,64034.19773844777,-0.1467,Comportamento esperado
269,198783,Emanuel Pinheiro Neto,PSD,MT,Viagens,Passagem Aérea - Sigepa,,,,,0,236,212577.59,116334.207895,92091.32039496631,1.0451,Comportamento esperado
583,74428,Mendonça Filho,PL,PE,Alimentação,Fornecimento De Alimentação Do Parlamentar,0,Sem indício cadastral crítico,FOUND,ATIVA,3,14,1148.40,3487.092941,8073.709935566787,-0.2897,Comportamento esperado
833,220684,Tião Medeiros,PP,PR,Outros,Manutenção De Escritório De Apoio À Atividade Parlamentar,0,Documento não consultado por não ser CNPJ,NOT_APPLICABLE,,3,74,260076.77,86193.122500,116860.66498214444,1.488,Comportamento esperado
500,229082,Lucyana Genésio,PDT,MA,Locomoção,Locação Ou Fretamento De Veículos Automotores,0,Sem indício cadastral crítico,FOUND,ATIVA,3,4,3434.51,122090.952683,112418.39663710551,-1.0555,Comportamento esperado
669,74400,Paulo Pimenta,PT,RS,Combustível,Combustíveis E Lubrificantes.,0,Sem indício cadastral crítico,FOUND,ATIVA,28,63,71361.16,60520.148547,97388.05968907535,0.1113,Comportamento esperado
420,204386,Jose Mario Schreiner,MDB,GO,Locomoção,Locação Ou Fretamento De Veículos Automotores,0,Sem indício cadastral crítico,FOUND,ATIVA,1,14,150348.00,189142.637500,142661.57624064668,-0.2719,Comportamento esperado
437,178970,João Daniel,PT,SE,Viagens,Passagem Aérea - Reembolso,0,Sem indício cadastral crítico,FOUND,ATIVA,4,12,26020.27,9040.411000,11259.006637678962,1.5081,Comportamento esperado
397,220696,Ivoneide Caetano,PT,BA,Viagens,Passagem Aérea - Reembolso,0,Sem indício cadastral crítico,FOUND,ATIVA,1,1,2975.20,6722.195000,9392.208684505544,-0.3989,Comportamento esperado
721,178989,Renata Abreu,PODE,SP,Viagens,Passagem Aérea - Rpa,0,Sem indício cadastral crítico,FOUND,ATIVA,2,14,35708.43,24943.515352,36157.13967829913,0.2977,Comportamento esperado
418,178857,Jorge Solla,PT,BA,Viagens,Passagem Aérea - Reembolso,0,Sem indício cadastral crítico,FOUND,ATIVA,2,8,11150.12,6722.195000,9392.208684505544,0.4714,Comportamento esperado
729,73788,Ricardo Barros,PP,PR,Publicidade,Divulgação Da Atividade Parlamentar.,0,Sem indício cadastral crítico,FOUND,ATIVA,4,27,369496.09,263664.052022,329972.5348930845,0.3207,Comportamento esperado
158,206018,Célia Xakriabá,PSOL,MG,Outros,Serviço De Segurança Prestado Por Empresa Especializada.,1,Situação cadastral não ativa: BAIXADA,FOUND,BAIXADA,1,11,6695.52,6910.803333,5568.322882362166,-0.0387,Fornecedor com CNPJ suspeito
93,160538,Bohn Gass,PT,RS,Alimentação,Fornecimento De Alimentação Do Parlamentar,1,Situação cadastral não ativa: BAIXADA,FOUND,BAIXADA,2,2,80.40,7368.085075,13657.337051272762,-0.5336,Fornecedor com CNPJ suspeito
5,220714,Adail Filho,MDB,AM,Combustível,Combustíveis E Lubrificantes.,1,CNPJ não encontrado na API pública,NOT_FOUND,,4,4,800.01,27982.215263,36043.55549981074,-0.7541,Fornecedor com CNPJ suspeito
784,220621,Sargento Gonçalves,PL,RN,Locomoção,Locação Ou Fretamento De Veículos Automotores,0,Sem indício cadastral crítico,FOUND,ATIVA,2,13,156700.00,157542.546842,185025.17121572056,-0.0046,Comportamento esperado
273,132504,Enio Verri,PT,PR,Outros,"Serviço De Táxi, Pedágio E Estacionamento",0,Sem indício cadastral crítico,FOUND,ATIVA,2,2,213.54,5713.999474,13397.131596894355,-0.4106,Comportamento esperado
707,233594,Rafael Fera,PODE,RO,Outros,Manutenção De Escritório De Apoio À Atividade Parlamentar,0,Sem indício cadastral crítico,FOUND,ATIVA,3,18,31688.25,40149.183103,63678.43736701476,-0.1329,Comportamento esperado
731,234310,Ricardo Galvão,REDE,SP,Publicidade,Divulgação Da Atividade Parlamentar.,0,Sem indício cadastral crítico,FOUND,ATIVA,6,12,79950.00,243741.226243,313657.1515008437,-0.5222,Comportamento esperado
792,167614,Severino Ninho,PSB,PE,Alimentação,Fornecimento De Alimentação Do Parlamentar,0,Sem indício cadastral crítico,FOUND,ATIVA,7,10,1071.80,3487.092941,8073.709935566787,-0.2992,Comportamento esperado
436,230957,João Cury,MDB,SP,Viagens,Passagem Aérea - Reembolso,0,Sem indício cadastral crítico,FOUND,ATIVA,1,1,3596.37,9758.571000,11443.414965885137,-0.5385,Comportamento esperado
212,160599,Dimas Fabiano,PP,MG,Comunicação,Telefonia,1,Situação cadastral não ativa: BAIXADA,FOUND,BAIXADA,1,3,833.68,15607.667083,19082.29985422686,-0.7742,Fornecedor com CNPJ suspeito
47,220596,Amália Barros,PL,MT,Publicidade,Divulgação Da Atividade Parlamentar.,1,Situação cadastral não ativa: BAIXADA,FOUND,BAIXADA,3,3,4940.00,167205.955714,207800.9242977291,-0.7809,Fornecedor com CNPJ suspeito
466,98057,Lafayette De Andrada,REPUBLICANOS,MG,Outros,Manutenção De Escritório De Apoio À Atividade Parlamentar,1,Situação cadastral não ativa: BAIXADA,FOUND,BAIXADA,1,1,556.20,123562.947566,162703.54342443834,-0.756,Fornecedor com CNPJ suspeito
705,204467,Professora Rosa Neide,PT,MT,Outros,Manutenção De Escritório De Apoio À Atividade Parlamentar,0,Documento não consultado por não ser CNPJ,NOT_APPLICABLE,,1,12,61212.42,55063.669706,75019.05976556618,0.082,Comportamento esperado
126,204380,Celina Leão,PP,DF,Publicidade,Divulgação Da Atividade Parlamentar.,1,Situação cadastral não ativa: BAIXADA,FOUND,BAIXADA,1,2,8000.00,274983.723704,375023.4293293225,-0.7119,Fornecedor com CNPJ suspeito
258,154919,Eleuses Paiva,PSD,SP,Alimentação,Fornecimento De Alimentação Do Parlamentar,0,Sem indício cadastral crítico,FOUND,ATIVA,1,5,399.33,3366.001170,5609.697337170304,-0.5288,Comportamento esperado
510,74041,Luiz Couto,PT,PB,Hotéis,"Hospedagem ,exceto Do Parlamentar No Distrito Federal.",0,Sem indício cadastral crítico,FOUND,ATIVA,4,8,5872.62,9643.162222,20671.000404330745,-0.1824,Comportamento esperado
121,141398,Carlos Zarattini,PT,SP,Combustível,Combustíveis E Lubrificantes.,1,Situação cadastral não ativa: INAPTA,FOUND,INAPTA,1,2,417.87,42192.750821,64034.19773844777,-0.6524,Fornecedor com CNPJ suspeito
459,204550,Júnior Mano,PSB,CE,Outros,Manutenção De Escritório De Apoio À Atividade Parlamentar,0,Documento não consultado por não ser CNPJ,NOT_APPLICABLE,,1,6,16000.00,68348.775082,105244.60317209057,-0.4974,Comportamento esperado
601,220687,Márcio Honaiser,SOLIDARIEDADE,MA,Combustível,Combustíveis E Lubrificantes.,1,Situação cadastral não ativa: BAIXADA,FOUND,BAIXADA,1,1,289.01,34895.172615,52384.05405357016,-0.6606,Fornecedor com CNPJ suspeito
210,73768,Dilceu Sperafico,PP,PR,Outros,"Serviço De Táxi, Pedágio E Estacionamento",0,Sem indício cadastral crítico,FOUND,ATIVA,1,12,1972.51,5713.999474,13397.131596894355,-0.2793,Comportamento esperado
314,204494,Fred Costa,PATRIOTA,MG,Publicidade,Divulgação Da Atividade Parlamentar.,0,Sem indício cadastral crítico,FOUND,ATIVA,2,7,76252.44,194891.353020,276881.75990132586,-0.4285,Comportamento esperado
752,74693,Rodrigo Maia,PSDB,RJ,Publicidade,Divulgação Da Atividade Parlamentar.,0,Sem indício cadastral crítico,FOUND,ATIVA,1,4,76108.30,226781.355120,259582.44863584734,-0.5804,Comportamento esperado
334,178966,Geovania De Sá,PSDB,SC,Outros,Manutenção De Escritório De Apoio À Atividade Parlamentar,1,Situação cadastral não ativa: BAIXADA,FOUND,BAIXADA,2,16,23155.26,70964.571200,106769.4367602354,-0.4478,Fornecedor com CNPJ suspeito
356,198197,Greyce Elias,PL,MG,Outros,Manutenção De Escritório De Apoio À Atividade Parlamentar,1,Erro na consulta pública de CNPJ,ERROR,,1,6,2329.23,123562.947566,162703.54342443834,-0.7451,Fornecedor com CNPJ suspeito
637,141515,Otavio Leite,PSDB,RJ,Viagens,Passagem Aérea - Rpa,0,Sem indício cadastral crítico,FOUND,ATIVA,1,6,8000.93,24365.871064,36425.48190750471,-0.4493,Comportamento esperado
86,220683,Beto Richa,PSDB,PR,Hotéis,"Hospedagem ,exceto Do Parlamentar No Distrito Federal.",1,Erro na consulta pública de CNPJ,ERROR,,1,1,1646.00,18419.328649,34024.43115299299,-0.493,Fornecedor com CNPJ suspeito
636,204422,Ossesio Silva,REPUBLICANOS,PE,Serviços profissionais,"Consultorias, Pesquisas E Trabalhos Técnicos.",0,Sem indício cadastral crítico,FOUND,ATIVA,1,6,65000.00,33394.939474,25891.938420366478,1.2207,Comportamento esperado
159,204370,Célio Moura,PT,TO,Locomoção,Locação Ou Fretamento De Veículos Automotores,1,Situação cadastral não ativa: BAIXADA,FOUND,BAIXADA,2,4,2498.27,117209.676500,159137.4356385456,-0.7208,Fornecedor com CNPJ suspeito
776,160635,Ruy Carneiro,PSC,PB,Locomoção,Locação Ou Fretamento De Veículos Automotores,0,Sem indício cadastral crítico,FOUND,ATIVA,2,27,105400.00,197980.822174,165434.59936969794,-0.5596,Comportamento esperado
185,220659,Dayany Bittencourt,UNIÃO,CE,Outros,Manutenção De Escritório De Apoio À Atividade Parlamentar,0,Documento não consultado por não ser CNPJ,NOT_APPLICABLE,,1,3,19500.00,68348.775082,105244.60317209057,-0.4641,Comportamento esperado
670,133968,Paulo Ramos,PDT,RJ,Publicidade,Assinatura De Publicações,0,Sem indício cadastral crítico,FOUND,ATIVA,1,1,287.50,4317.763846,4399.037924691675,-0.9162,Comportamento esperado
468,160534,Lauriete,PSC,ES,Combustível,Combustíveis E Lubrificantes.,1,Situação cadastral não ativa: BAIXADA,FOUND,BAIXADA,1,1,400.00,49148.417879,67749.62213949014,-0.7195,Fornecedor com CNPJ suspeito
420,204386,Jose Mario Schreiner,MDB,GO,Publicidade,Divulgação Da Atividade Parlamentar.,0,Sem indício cadastral crítico,FOUND,ATIVA,1,13,163800.00,294423.402917,352090.0693215526,-0.371,Comportamento esperado
379,73772,Hermes Parcianello,MDB,PR,Alimentação,Fornecimento De Alimentação Do Parlamentar,1,Situação cadastral não ativa: BAIXADA,FOUND,BAIXADA,1,1,107.40,4173.948542,8441.04850518495,-0.4818,Fornecedor com CNPJ suspeito
786,220713,Saullo Vianna,MDB,AM,Viagens,Passagem Aérea - Rpa,0,Sem indício cadastral crítico,FOUND,ATIVA,1,1,-3280.28,88728.821429,197712.15903932907,-0.4654,Comportamento esperado
391,235620,Ilacir Bicalho,REPUBLICANOS,MG,Publicidade,Divulgação Da Atividade Parlamentar.,0,Sem indício cadastral crítico,FOUND,ATIVA,2,2,7000.00,194891.353020,276881.75990132586,-0.6786,Comportamento esperado
159,204370,Célio Moura,PT,TO,Hotéis,"Hospedagem ,exceto Do Parlamentar No Distrito Federal.",1,Situação cadastral não ativa: SUSPENSA,FOUND,SUSPENSA,1,4,448.50,12387.293158,19170.891927221925,-0.6228,Fornecedor com CNPJ suspeito
426,141464,José Airton Félix Cirilo,PT,CE,Alimentação,Fornecimento De Alimentação Do Parlamentar,0,Sem indício cadastral crítico,FOUND,ATIVA,1,1,309.00,4778.337742,9185.089924635726,-0.4866,Comportamento esperado
215,160758,Domingos Sávio,PL,MG,Combustível,Combustíveis E Lubrificantes.,1,Situação cadastral não ativa: BAIXADA,FOUND,BAIXADA,1,1,290.10,65306.104375,92314.0005265802,-0.7043,Fornecedor com CNPJ suspeito
291,220646,Felipe Becari,PODE,SP,Combustível,Combustíveis E Lubrificantes.,1,Situação cadastral não ativa: BAIXADA,FOUND,BAIXADA,2,2,211.42,42192.750821,64034.19773844777,-0.6556,Fornecedor com CNPJ suspeito
436,230957,João Cury,MDB,SP,Locomoção,Locação Ou Fretamento De Veículos Automotores,0,Sem indício cadastral crítico,FOUND,ATIVA,2,13,60350.00,147254.510948,139673.23431152088,-0.6222,Comportamento esperado
153,178963,Covatti Filho,PP,RS,Viagens,Passagem Aérea - Rpa,0,Sem indício cadastral crítico,FOUND,ATIVA,2,6,7200.22,23263.014545,27193.710295909314,-0.5907,Comportamento esperado
685,160604,Pedro Uczai,PT,SC,Combustível,Combustíveis E Lubrificantes.,1,Situação cadastral não ativa: BAIXADA,FOUND,BAIXADA,3,5,1411.75,63943.250339,85631.6159933909,-0.7302,Fornecedor com CNPJ suspeito
250,204541,Eduardo Bismarck,PDT,CE,Outros,Serviços Postais,0,Sem indício cadastral crítico,FOUND,ATIVA,2,2,368.83,3829.738750,9609.91874267183,-0.3601,Comportamento esperado
513,220658,Luiz Gastão,PSD,CE,Hotéis,"Hospedagem ,exceto Do Parlamentar No Distrito Federal.",0,Sem indício cadastral crítico,FOUND,ATIVA,2,2,1553.80,14861.399063,17345.750222182687,-0.7672,Comportamento esperado
407,160531,Jhonatan De Jesus,REPUBLICANOS,RR,Viagens,Passagem Aérea - Rpa,0,Sem indício cadastral crítico,FOUND,ATIVA,2,8,12800.38,27007.868571,28285.776224385536,-0.5023,Comportamento esperado
42,178881,Aluisio Mendes,REPUBLICANOS,MA,Viagens,Passagem Aérea - Reembolso,0,Sem indício cadastral crítico,FOUND,ATIVA,1,1,2695.41,10441.916667,13512.988376850404,-0.5733,Comportamento esperado
330,204473,General Girão,PL,RN,Hotéis,"Hospedagem ,exceto Do Parlamentar No Distrito Federal.",1,Situação cadastral não ativa: BAIXADA,FOUND,BAIXADA,2,2,550.00,10401.272857,14188.915930464025,-0.6943,Fornecedor com CNPJ suspeito
308,204354,Flávia Arruda,PL,DF,Combustível,Combustíveis E Lubrificantes.,1,Situação cadastral não ativa: BAIXADA,FOUND,BAIXADA,1,1,460.00,33372.670769,51515.7382887601,-0.6389,Fornecedor com CNPJ suspeito
771,73466,Rubens Bueno,CIDADANIA,PR,Publicidade,Divulgação Da Atividade Parlamentar.,0,Sem indício cadastral crítico,FOUND,ATIVA,5,12,42923.50,263664.052022,329972.5348930845,-0.669,Comportamento esperado
178,220557,Daniela Reinehr,PL,SC,Outros,"Passagens Terrestres, Marítimas Ou Fluviais",0,Sem indício cadastral crítico,FOUND,ATIVA,3,6,843.51,472.404167,456.3108967371486,0.8133,Comportamento esperado
205,220553,Denise Pessôa,PT,RS,Combustível,Combustíveis E Lubrificantes.,1,Situação cadastral não ativa: BAIXADA,FOUND,BAIXADA,2,2,528.26,60520.148547,97388.05968907535,-0.616,Fornecedor com CNPJ suspeito
696,220533,Prof. Reginaldo Veras,PV,DF,Alimentação,Fornecimento De Alimentação Do Parlamentar,1,Situação cadastral não ativa: SUSPENSA,FOUND,SUSPENSA,2,5,444.10,4734.910000,9259.63125757716,-0.4634,Fornecedor com CNPJ suspeito
83,141335,Beto Faro,PT,PA,Serviços profissionais,"Consultorias, Pesquisas E Trabalhos Técnicos.",0,Sem indício cadastral crítico,FOUND,ATIVA,1,12,100500.00,71687.224615,51239.3397316542,0.5623,Comportamento esperado
780,204416,Sanderson,PL,RS,Combustível,Combustíveis E Lubrificantes.,1,Situação cadastral não ativa: SUSPENSA,FOUND,SUSPENSA,1,1,235.55,60520.148547,97388.05968907535,-0.619,Fornecedor com CNPJ suspeito
785,220618,Sargento Portugal,PODE,RJ,Hotéis,"Hospedagem ,exceto Do Parlamentar No Distrito Federal.",0,Sem indício cadastral crítico,FOUND,ATIVA,1,1,605.91,13016.628636,21468.959145470457,-0.5781,Comportamento esperado
9,121948,Adriano Do Baldy,PP,GO,Hotéis,"Hospedagem ,exceto Do Parlamentar No Distrito Federal.",1,Situação cadastral não ativa: INAPTA,FOUND,INAPTA,2,4,610.00,7024.380500,8737.204954294128,-0.7341,Fornecedor com CNPJ suspeito
406,204435,Jesus Sérgio,PDT,AC,Outros,Manutenção De Escritório De Apoio À Atividade Parlamentar,0,Sem indício cadastral crítico,FOUND,ATIVA,1,1,552.30,29735.132000,50394.769544197494,-0.5791,Comportamento esperado
648,220615,Pastor Henrique Vieira,PSOL,RJ,Locomoção,Locação Ou Fretamento De Veículos Automotores,1,Situação cadastral não ativa: BAIXADA,FOUND,BAIXADA,1,1,639.77,162239.394390,163272.60476613723,-0.9898,Fornecedor com CNPJ suspeito
187,220565,Delegada Adriana Accorsi,PT,GO,Publicidade,Divulgação Da Atividade Parlamentar.,1,Situação cadastral não ativa: BAIXADA,FOUND,BAIXADA,1,5,6843.00,294423.402917,352090.0693215526,-0.8168,Fornecedor com CNPJ suspeito
455,74317,Júlio Cesar,PSD,PI,Hotéis,"Hospedagem ,exceto Do Parlamentar No Distrito Federal.",0,Sem indício cadastral crítico,FOUND,ATIVA,1,1,2223.90,7549.470769,12134.625273294365,-0.4389,Comportamento esperado
605,150418,Márcio Marinho,REPUBLICANOS,BA,Outros,Aquisição De Tokens E Certificados Digitais,1,Erro na consulta pública de CNPJ,ERROR,,1,1,4248.00,2209.000000,2883.5814536787407,0.7071,Fornecedor com CNPJ suspeito
218,204450,Doutor Luizinho,PP,RJ,Viagens,Passagem Aérea - Reembolso,1,Erro na consulta pública de CNPJ,ERROR,,1,1,18520.40,9840.865893,10669.362639943789,0.8135,Fornecedor com CNPJ suspeito
604,160542,Márcio Macêdo,PT,SE,Alimentação,Fornecimento De Alimentação Do Parlamentar,0,Sem indício cadastral crítico,FOUND,ATIVA,3,3,420.38,419.655000,135.71288577974704,0.0053,Comportamento esperado
360,160667,Guilherme Mussi,PP,SP,Viagens,Passagem Aérea - Rpa,0,Sem indício cadastral crítico,FOUND,ATIVA,1,1,2080.96,24943.515352,36157.13967829913,-0.6323,Comportamento esperado
159,204370,Célio Moura,PT,TO,Hotéis,"Hospedagem ,exceto Do Parlamentar No Distrito Federal.",1,CNPJ não encontrado na API pública,NOT_FOUND,,1,2,200.00,12387.293158,19170.891927221925,-0.6357,Fornecedor com CNPJ suspeito
835,157130,Túlio Gadêlha,REDE,PE,Hotéis,"Hospedagem ,exceto Do Parlamentar No Distrito Federal.",0,Sem indício cadastral crítico,FOUND,ATIVA,5,5,5253.30,17089.374528,23447.97906027458,-0.5048,Comportamento esperado
884,204509,Áurea Carolina,PSOL,MG,Serviços profissionais,"Consultorias, Pesquisas E Trabalhos Técnicos.",0,Sem indício cadastral crítico,FOUND,ATIVA,3,4,17320.00,50370.301935,57079.85828457048,-0.579,Comportamento esperado
829,143084,Tiago Dimas,PODE,TO,Locomoção,Locação Ou Fretamento De Veículos Automotores,1,Situação cadastral não ativa: BAIXADA,FOUND,BAIXADA,1,1,3400.00,117209.676500,159137.4356385456,-0.7152,Fornecedor com CNPJ suspeito
177,204459,Daniela Do Waguinho,REPUBLICANOS,RJ,Combustível,Combustíveis E Lubrificantes.,1,Situação cadastral não ativa: BAIXADA,FOUND,BAIXADA,1,2,459.21,44023.319398,62812.667137756165,-0.6936,Fornecedor com CNPJ suspeito
180,62881,Danilo Forte,UNIÃO,CE,Combustível,Combustíveis E Lubrificantes.,1,Situação cadastral não ativa: INAPTA,FOUND,INAPTA,1,2,120.00,41977.960833,76764.60304100714,-0.5453,Fornecedor com CNPJ suspeito
292,72442,Felipe Carreras,PSB,PE,Combustível,Combustíveis E Lubrificantes.,1,Situação cadastral não ativa: BAIXADA,FOUND,BAIXADA,2,8,1752.41,53506.291935,82942.380015203,-0.624,Fornecedor com CNPJ suspeito
504,204410,Luisa Canziani,PSD,PR,Publicidade,Assinatura De Publicações,0,Sem indício cadastral crítico,FOUND,ATIVA,1,1,658.80,799.995625,610.7018274408415,-0.2312,Comportamento esperado
260,160532,Eli Corrêa Filho,UNIÃO,SP,Serviços profissionais,"Consultorias, Pesquisas E Trabalhos Técnicos.",0,Sem indício cadastral crítico,FOUND,ATIVA,2,10,10240.00,42478.291429,47664.49520078613,-0.6764,Comportamento esperado
755,220695,Rogéria Santos,REPUBLICANOS,BA,Viagens,Passagem Aérea - Rpa,0,Sem indício cadastral crítico,FOUND,ATIVA,2,3,4556.89,31763.658913,54219.86604798766,-0.5018,Comportamento esperado
713,115200,Raniery Paulino,REPUBLICANOS,PB,Hotéis,"Hospedagem ,exceto Do Parlamentar No Distrito Federal.",0,Sem indício cadastral crítico,FOUND,ATIVA,2,4,2475.00,9643.162222,20671.000404330745,-0.3468,Comportamento esperado
3,204554,Abílio Santana,PSC,BA,Publicidade,Divulgação Da Atividade Parlamentar.,1,Situação cadastral não ativa: BAIXADA,FOUND,BAIXADA,2,14,83000.00,317318.910361,328157.1355142384,-0.714,Fornecedor com CNPJ suspeito
334,178966,Geovania De Sá,PSDB,SC,Outros,Manutenção De Escritório De Apoio À Atividade Parlamentar,0,Documento não consultado por não ser CNPJ,NOT_APPLICABLE,,1,15,22137.96,70964.571200,106769.4367602354,-0.4573,Comportamento esperado
136,204462,Chris Tonietto,PL,RJ,Locomoção,Locação Ou Fretamento De Veículos Automotores,1,Situação cadastral não ativa: BAIXADA,FOUND,BAIXADA,4,8,6705.14,162239.394390,163272.60476613723,-0.9526,Fornecedor com CNPJ suspeito
536,204433,Marcelo Calero,PSD,RJ,Alimentação,Fornecimento De Alimentação Do Parlamentar,1,Situação cadastral não ativa: BAIXADA,FOUND,BAIXADA,6,14,761.82,5314.154545,11413.915891543053,-0.3988,Fornecedor com CNPJ suspeito
2,204521,Abou Anni,UNIÃO,SP,Combustível,Combustíveis E Lubrificantes.,1,Situação cadastral não ativa: INAPTA,FOUND,INAPTA,1,2,450.00,42192.750821,64034.19773844777,-0.6519,Fornecedor com CNPJ suspeito
209,178929,Diego Garcia,REPUBLICANOS,PR,Outros,"Serviço De Táxi, Pedágio E Estacionamento",0,Documento não consultado por não ser CNPJ,NOT_APPLICABLE,,1,1,82.00,5713.999474,13397.131596894355,-0.4204,Comportamento esperado
384,160674,Hugo Motta,REPUBLICANOS,PB,Outros,Manutenção De Escritório De Apoio À Atividade Parlamentar,1,Situação cadastral não ativa: BAIXADA,FOUND,BAIXADA,1,4,976.90,40088.436364,59072.75761932022,-0.6621,Fornecedor com CNPJ suspeito
15,204495,Airton Faleiro,PT,PA,Outros,Manutenção De Escritório De Apoio À Atividade Parlamentar,0,Sem indício cadastral crítico,FOUND,ATIVA,1,6,2954.70,42888.542571,70113.4772677672,-0.5696,Comportamento esperado
852,141555,Vinicius Carvalho,REPUBLICANOS,SP,Serviços profissionais,"Consultorias, Pesquisas E Trabalhos Técnicos.",0,Sem indício cadastral crítico,FOUND,ATIVA,1,7,70000.00,42478.291429,47664.49520078613,0.5774,Comportamento esperado
44,220707,Amanda Gentil,PP,MA,Combustível,Combustíveis E Lubrificantes.,1,Situação cadastral não ativa: BAIXADA,FOUND,BAIXADA,3,5,970.06,34895.172615,52384.05405357016,-0.6476,Fornecedor com CNPJ suspeito
763,204525,Rosana Valle,PL,SP,Serviços profissionais,"Consultorias, Pesquisas E Trabalhos Técnicos.",0,Sem indício cadastral crítico,FOUND,ATIVA,1,3,10500.00,42478.291429,47664.49520078613,-0.6709,Comportamento esperado
273,132504,Enio Verri,PT,PR,Publicidade,Divulgação Da Atividade Parlamentar.,0,Sem indício cadastral crítico,FOUND,ATIVA,3,13,114700.00,263664.052022,329972.5348930845,-0.4514,Comportamento esperado
303,204411,Filipe Barros,PL,PR,Hotéis,"Hospedagem ,exceto Do Parlamentar No Distrito Federal.",1,Situação cadastral não ativa: BAIXADA,FOUND,BAIXADA,1,2,265.00,18419.328649,34024.43115299299,-0.5336,Fornecedor com CNPJ suspeito
311,220551,Franciane Bayer,REPUBLICANOS,RS,Publicidade,Divulgação Da Atividade Parlamentar.,1,Situação cadastral não ativa: BAIXADA,FOUND,BAIXADA,1,2,14900.00,215724.063125,265101.600265673,-0.7575,Fornecedor com CNPJ suspeito
866,182146,Wolmer Araújo,PV,MA,Viagens,Passagem Aérea - Sigepa,,,,,0,1,1808.37,132207.227045,122458.5508602934,-1.0648,Comportamento esperado
546,221147,Marcia Scherer,MDB,RS,Viagens,Passagem Aérea - Sigepa,,,,,0,4,6137.84,223297.576531,126627.95953182003,-1.7149,Comportamento esperado
37,178927,Aliel Machado,PV,PR,Outros,Serviços Postais,0,Sem indício cadastral crítico,FOUND,ATIVA,1,1,17593.00,2362.262000,4411.055170390342,3.4529,Anomalia financeira extrema
61,220544,Antonio Andrade,PSDB,TO,Outros,Manutenção De Escritório De Apoio À Atividade Parlamentar,1,Situação cadastral não ativa: BAIXADA,FOUND,BAIXADA,1,3,658.10,60332.404118,100110.53801139936,-0.5961,Fornecedor com CNPJ suspeito
716,221378,Reginete Bispo,PT,RS,Outros,Aquisição De Tokens E Certificados Digitais,0,Sem indício cadastral crítico,FOUND,ATIVA,1,1,49.00,49.000000,,,Comportamento esperado
457,228797,Júlio Oliveira,PP,TO,Viagens,Passagem Aérea - Reembolso,0,Sem indício cadastral crítico,FOUND,ATIVA,1,1,2765.41,4645.874444,4227.848303939934,-0.4448,Comportamento esperado
808,92776,Stefano Aguiar,PSD,MG,Serviços profissionais,"Consultorias, Pesquisas E Trabalhos Técnicos.",0,Sem indício cadastral crítico,FOUND,ATIVA,1,1,7000.00,50370.301935,57079.85828457048,-0.7598,Comportamento esperado
122,164360,Carmen Zanotto,CIDADANIA,SC,Publicidade,Divulgação Da Atividade Parlamentar.,1,Situação cadastral não ativa: BAIXADA,FOUND,BAIXADA,2,5,5500.00,148561.773265,217765.15459275612,-0.657,Fornecedor com CNPJ suspeito
302,204427,Fernando Rodolfo,PL,PE,Publicidade,Divulgação Da Atividade Parlamentar.,0,Sem indício cadastral crítico,FOUND,ATIVA,3,7,90740.00,241972.708182,301628.5621101344,-0.5014,Comportamento esperado
456,73586,Júlio Delgado,PV,MG,Publicidade,Divulgação Da Atividade Parlamentar.,1,Situação cadastral não ativa: BAIXADA,FOUND,BAIXADA,1,5,17215.00,194891.353020,276881.75990132586,-0.6417,Fornecedor com CNPJ suspeito
14,160527,Aguinaldo Ribeiro,PP,PB,Viagens,Passagem Aérea - Reembolso,1,Erro na consulta pública de CNPJ,ERROR,,1,1,15049.50,14118.253125,32577.997530279183,0.0286,Fornecedor com CNPJ suspeito
505,204448,Luiz Antonio Corrêa,PP,RJ,Viagens,Passagem Aérea - Rpa,0,Sem indício cadastral crítico,FOUND,ATIVA,2,13,23099.27,24365.871064,36425.48190750471,-0.0348,Comportamento esperado
864,224333,Welter,PT,PR,Combustível,Combustíveis E Lubrificantes.,1,Situação cadastral não ativa: BAIXADA,FOUND,BAIXADA,3,3,554.78,57944.345500,82353.4495793919,-0.6969,Fornecedor com CNPJ suspeito
128,73441,Celso Russomanno,REPUBLICANOS,SP,Locomoção,Locação Ou Fretamento De Veículos Automotores,0,Sem indício cadastral crítico,FOUND,ATIVA,1,1,524.84,147254.510948,139673.23431152088,-1.0505,Comportamento esperado
388,204533,Idilvan Alencar,PDT,CE,Outros,Serviço De Segurança Prestado Por Empresa Especializada.,0,Sem indício cadastral crítico,FOUND,ATIVA,1,2,8800.00,24802.087143,26671.121457335783,-0.6,Comportamento esperado
758,178930,Roman,PP,PR,Outros,"Serviço De Táxi, Pedágio E Estacionamento",0,Sem indício cadastral crítico,FOUND,ATIVA,4,11,4416.30,5713.999474,13397.131596894355,-0.0969,Comportamento esperado
611,233218,Nelinho Freitas,MDB,CE,Publicidade,Divulgação Da Atividade Parlamentar.,0,Sem indício cadastral crítico,FOUND,ATIVA,3,8,170000.00,263931.285395,366906.3702021798,-0.256,Comportamento esperado
672,216544,Paulo Vicente Caleffi,PSD,RS,Viagens,Passagem Aérea - Sigepa,,,,,0,15,20994.56,223297.576531,126627.95953182003,-1.5976,Comportamento esperado
834,178934,Toninho Wandscheer,PP,PR,Alimentação,Fornecimento De Alimentação Do Parlamentar,0,Sem indício cadastral crítico,FOUND,ATIVA,1,1,78.73,4173.948542,8441.04850518495,-0.4852,Comportamento esperado
638,204441,Otoni De Paula,MDB,RJ,Publicidade,Divulgação Da Atividade Parlamentar.,0,Sem indício cadastral crítico,FOUND,ATIVA,1,8,64000.00,226781.355120,259582.44863584734,-0.6271,Comportamento esperado
372,204444,Helio Lopes,PL,RJ,Viagens,Passagem Aérea - Reembolso,0,Sem indício cadastral crítico,FOUND,ATIVA,2,2,7772.06,9840.865893,10669.362639943789,-0.1939,Comportamento esperado
175,204454,Daniel Silveira,PTB,RJ,Locomoção,Locação Ou Fretamento De Veículos Automotores,0,Sem indício cadastral crítico,FOUND,ATIVA,1,1,1319.70,162239.394390,163272.60476613723,-0.9856,Comportamento esperado
773,178887,Rubens Pereira Júnior,PT,MA,Viagens,Passagem Aérea - Rpa,0,Sem indício cadastral crítico,FOUND,ATIVA,2,6,7921.38,17893.360952,34179.698738222214,-0.2918,Comportamento esperado
847,204396,Vermelho,PL,PR,Combustível,Combustíveis E Lubrificantes.,1,Situação cadastral não ativa: SUSPENSA,FOUND,SUSPENSA,1,1,208.00,57944.345500,82353.4495793919,-0.7011,Fornecedor com CNPJ suspeito
235,204412,Dr. Zacharias Calil,UNIÃO,GO,Publicidade,Divulgação Da Atividade Parlamentar.,0,Sem indício cadastral crítico,FOUND,ATIVA,1,14,104400.00,294423.402917,352090.0693215526,-0.5397,Comportamento esperado
293,204398,Felipe Francischini,UNIÃO,PR,Locomoção,Locação Ou Fretamento De Veículos Automotores,0,Sem indício cadastral crítico,FOUND,ATIVA,2,3,4821.72,113439.957419,130977.93601797776,-0.8293,Comportamento esperado
437,178970,João Daniel,PT,SE,Publicidade,Divulgação Da Atividade Parlamentar.,1,Situação cadastral não ativa: INAPTA,FOUND,INAPTA,1,2,1320.00,230946.483077,301200.1033422071,-0.7624,Fornecedor com CNPJ suspeito
813,178947,Sóstenes Cavalcante,PL,RJ,Combustível,Combustíveis E Lubrificantes.,1,Situação cadastral não ativa: BAIXADA,FOUND,BAIXADA,4,8,1813.81,44023.319398,62812.667137756165,-0.672,Fornecedor com CNPJ suspeito
494,103758,Luciano Azevedo,PSD,RS,Outros,"Serviço De Táxi, Pedágio E Estacionamento",1,Situação cadastral não ativa: BAIXADA,FOUND,BAIXADA,1,2,20.00,10192.084923,16137.89190584743,-0.6303,Fornecedor com CNPJ suspeito
85,220698,Beto Preto,PSD,PR,Publicidade,Divulgação Da Atividade Parlamentar.,0,Sem indício cadastral crítico,FOUND,ATIVA,5,9,121240.00,263664.052022,329972.5348930845,-0.4316,Comportamento esperado
608,204453,Natália Bonavides,PT,RN,Hotéis,"Hospedagem ,exceto Do Parlamentar No Distrito Federal.",1,Situação cadastral não ativa: BAIXADA,FOUND,BAIXADA,2,2,540.00,10401.272857,14188.915930464025,-0.695,Fornecedor com CNPJ suspeito
880,204517,Zé Vitor,PL,MG,Viagens,Passagem Aérea - Reembolso,0,Sem indício cadastral crítico,FOUND,ATIVA,1,2,2221.54,7020.191961,10297.188894597206,-0.466,Comportamento esperado
56,204423,André Ferreira,PL,PE,Viagens,Passagem Aérea - Rpa,0,Sem indício cadastral crítico,FOUND,ATIVA,1,1,1504.69,15238.795000,22485.76149111043,-0.6108,Comportamento esperado
65,220675,Antônio Doido,MDB,PA,Comunicação,Telefonia,0,Sem indício cadastral crítico,FOUND,ATIVA,1,14,1968.52,14410.800000,15329.862478744984,-0.8116,Comportamento esperado
801,220569,Silvye Alves,UNIÃO,GO,Publicidade,Divulgação Da Atividade Parlamentar.,1,Situação cadastral não ativa: BAIXADA,FOUND,BAIXADA,1,1,800.00,294423.402917,352090.0693215526,-0.8339,Fornecedor com CNPJ suspeito
605,150418,Márcio Marinho,REPUBLICANOS,BA,Combustível,Combustíveis E Lubrificantes.,1,Situação cadastral não ativa: BAIXADA,FOUND,BAIXADA,3,10,1520.00,76280.976842,110667.4963849575,-0.6755,Fornecedor com CNPJ suspeito
58,178882,André Fufuca,PP,MA,Combustível,Combustíveis E Lubrificantes.,0,Sem indício cadastral crítico,FOUND,ATIVA,2,7,16112.00,34895.172615,52384.05405357016,-0.3586,Comportamento esperado
379,73772,Hermes Parcianello,MDB,PR,Viagens,Passagem Aérea - Reembolso,0,Sem indício cadastral crítico,FOUND,ATIVA,4,6,8390.84,17801.644063,39455.64199846602,-0.2385,Comportamento esperado
568,204566,Marreca Filho,PRD,MA,Hotéis,"Hospedagem ,exceto Do Parlamentar No Distrito Federal.",0,Sem indício cadastral crítico,FOUND,ATIVA,1,1,250.00,16546.215714,24945.906621691578,-0.6533,Comportamento esperado
93,160538,Bohn Gass,PT,RS,Combustível,Combustíveis E Lubrificantes.,1,Situação cadastral não ativa: INAPTA,FOUND,INAPTA,1,1,360.88,60520.148547,97388.05968907535,-0.6177,Fornecedor com CNPJ suspeito
194,220583,Delegado Fabio Costa,PP,AL,Viagens,Passagem Aérea - Reembolso,0,Sem indício cadastral crítico,FOUND,ATIVA,2,3,7645.78,18884.774286,28705.906260652384,-0.3915,Comportamento esperado
863,74043,Wellington Roberto,PL,PB,Comunicação,Telefonia,1,Situação cadastral não ativa: BAIXADA,FOUND,BAIXADA,1,2,696.34,7288.602667,11193.533001502294,-0.5889,Fornecedor com CNPJ suspeito
221,213854,Dr. Agripino Magalhães,UNIÃO,CE,Outros,Aquisição De Tokens E Certificados Digitais,0,Sem indício cadastral crítico,FOUND,ATIVA,1,1,50.00,287.333333,358.72180493152814,-0.6616,Comportamento esperado
44,220707,Amanda Gentil,PP,MA,Outros,Serviço De Segurança Prestado Por Empresa Especializada.,0,Sem indício cadastral crítico,FOUND,ATIVA,1,5,43500.00,53298.125000,58691.938342592795,-0.1669,Comportamento esperado
533,156190,Marcel Van Hattem,NOVO,RS,Viagens,Passagem Aérea - Rpa,0,Sem indício cadastral crítico,FOUND,ATIVA,2,2,2284.90,23263.014545,27193.710295909314,-0.7714,Comportamento esperado
314,204494,Fred Costa,PRD,MG,Outros,Manutenção De Escritório De Apoio À Atividade Parlamentar,1,Situação cadastral não ativa: BAIXADA,FOUND,BAIXADA,1,3,2274.83,123562.947566,162703.54342443834,-0.7455,Fornecedor com CNPJ suspeito
829,143084,Tiago Dimas,PODE,TO,Outros,Serviço De Segurança Prestado Por Empresa Especializada.,0,Sem indício cadastral crítico,FOUND,ATIVA,1,13,8308.00,6104.400000,3116.361006045352,0.7071,Comportamento esperado
161,204488,Célio Studart,PSD,CE,Viagens,Passagem Aérea - Rpa,0,Sem indício cadastral crítico,FOUND,ATIVA,1,1,342.56,32586.001200,51600.505956913454,-0.6249,Comportamento esperado
212,160599,Dimas Fabiano,PP,MG,Combustível,Combustíveis E Lubrificantes.,1,Situação cadastral não ativa: BAIXADA,FOUND,BAIXADA,7,15,2474.10,65306.104375,92314.0005265802,-0.6806,Fornecedor com CNPJ suspeito
278,160640,Eros Biondini,PL,MG,Viagens,Passagem Aérea - Rpa,0,Sem indício cadastral crítico,FOUND,ATIVA,2,4,7374.25,40253.940526,63478.97879162227,-0.518,Comportamento esperado
320,178969,Fábio Mitidieri,PSD,SE,Outros,Manutenção De Escritório De Apoio À Atividade Parlamentar,0,Sem indício cadastral crítico,FOUND,ATIVA,2,12,6851.06,43647.935652,66268.36061748704,-0.5553,Comportamento esperado
828,219568,Tiago Andrino,PSB,TO,Combustível,Combustíveis E Lubrificantes.,1,Situação cadastral não ativa: BAIXADA,FOUND,BAIXADA,1,3,913.22,73777.441071,109277.9364585353,-0.6668,Fornecedor com CNPJ suspeito
135,204476,Chiquinho Brazão,UNIÃO,RJ,Outros,"Serviço De Táxi, Pedágio E Estacionamento",0,Sem indício cadastral crítico,FOUND,ATIVA,2,2,1197.72,8455.730411,14321.838989715481,-0.5068,Comportamento esperado
189,220561,Delegada Katarina,PSD,SE,Combustível,Combustíveis E Lubrificantes.,1,Situação cadastral não ativa: BAIXADA,FOUND,BAIXADA,1,1,180.00,53493.520741,82556.56454059949,-0.6458,Fornecedor com CNPJ suspeito
720,225386,Renan Ferreirinha,PSD,RJ,Outros,"Passagens Terrestres, Marítimas Ou Fluviais",1,Erro na consulta pública de CNPJ,ERROR,,1,2,353.01,1539.978571,2924.304901002727,-0.4059,Fornecedor com CNPJ suspeito
786,220713,Saullo Vianna,MDB,AM,Alimentação,Fornecimento De Alimentação Do Parlamentar,0,Sem indício cadastral crítico,FOUND,ATIVA,1,1,110.00,383.060000,363.5203031468806,-0.7512,Comportamento esperado
631,74399,Onyx Lorenzoni,PL,RS,Viagens,Passagem Aérea - Reembolso,0,Sem indício cadastral crítico,FOUND,ATIVA,1,1,2593.33,7846.026333,10735.105702213965,-0.4893,Comportamento esperado
720,225386,Renan Ferreirinha,PSD,RJ,Alimentação,Fornecimento De Alimentação Do Parlamentar,1,Erro na consulta pública de CNPJ,ERROR,,1,5,568.37,5314.154545,11413.915891543053,-0.4158,Fornecedor com CNPJ suspeito
456,73586,Júlio Delgado,PV,MG,Viagens,Passagem Aérea - Reembolso,1,Erro na consulta pública de CNPJ,ERROR,,1,1,9837.90,7020.191961,10297.188894597206,0.2736,Fornecedor com CNPJ suspeito
832,197438,Tito,AVANTE,BA,Viagens,Passagem Aérea - Rpa,0,Sem indício cadastral crítico,FOUND,ATIVA,1,1,1502.46,31763.658913,54219.86604798766,-0.5581,Comportamento esperado
2,204521,Abou Anni,UNIÃO,SP,Hotéis,"Hospedagem ,exceto Do Parlamentar No Distrito Federal.",0,Sem indício cadastral crítico,FOUND,ATIVA,1,1,52.00,10014.789189,11435.329101648113,-0.8712,Comportamento esperado
819,204464,Talíria Petrone,PSOL,RJ,Outros,"Passagens Terrestres, Marítimas Ou Fluviais",1,Situação cadastral não ativa: BAIXADA,FOUND,BAIXADA,1,1,384.85,1539.978571,2924.304901002727,-0.395,Fornecedor com CNPJ suspeito
754,165470,Rodrigo Valadares,PL,SE,Viagens,Passagem Aérea - Rpa,0,Sem indício cadastral crítico,FOUND,ATIVA,2,16,28820.32,13988.180000,15171.00483116322,0.9777,Comportamento esperado
790,178933,Sergio Souza,MDB,PR,Combustível,Combustíveis E Lubrificantes.,1,Situação cadastral não ativa: SUSPENSA,FOUND,SUSPENSA,1,2,863.00,57944.345500,82353.4495793919,-0.6931,Fornecedor com CNPJ suspeito
832,197438,Tito,AVANTE,BA,Combustível,Combustíveis E Lubrificantes.,1,Situação cadastral não ativa: SUSPENSA,FOUND,SUSPENSA,1,1,270.11,76280.976842,110667.4963849575,-0.6868,Fornecedor com CNPJ suspeito
734,220694,Ricardo Maia,MDB,BA,Viagens,Passagem Aérea - Reembolso,0,Sem indício cadastral crítico,FOUND,ATIVA,1,1,627.37,6722.195000,9392.208684505544,-0.6489,Comportamento esperado
556,178943,Marcos Soares,UNIÃO,RJ,Outros,Manutenção De Escritório De Apoio À Atividade Parlamentar,0,Sem indício cadastral crítico,FOUND,ATIVA,2,5,16773.62,80988.593819,134414.71100556676,-0.4777,Comportamento esperado
327,74200,Gastão Vieira,PROS,MA,Outros,Manutenção De Escritório De Apoio À Atividade Parlamentar,0,Sem indício cadastral crítico,FOUND,ATIVA,1,1,202.40,64195.130784,109861.24089764054,-0.5825,Comportamento esperado
675,90201,Pedro Augusto Bezerra,PDT,CE,Locomoção,Locação Ou Fretamento De Veículos Automotores,0,Sem indício cadastral crítico,FOUND,ATIVA,1,3,35300.00,139651.247778,143531.8586124825,-0.727,Comportamento esperado
507,141485,Luiz Carlos Busato,UNIÃO,RS,Publicidade,Assinatura De Publicações,0,Sem indício cadastral crítico,FOUND,ATIVA,1,2,129.80,4387.790000,5356.19612339018,-0.795,Comportamento esperado
478,92102,Leur Lomanto Júnior,UNIÃO,BA,Combustível,Combustíveis E Lubrificantes.,1,CNPJ não encontrado na API pública,NOT_FOUND,,1,1,200.00,76280.976842,110667.4963849575,-0.6875,Fornecedor com CNPJ suspeito
506,160645,Luiz Carlos,PSDB,AP,Comunicação,Telefonia,0,Sem indício cadastral crítico,FOUND,ATIVA,2,7,3443.24,4978.914286,4084.738765910076,-0.376,Comportamento esperado
3,204554,Abílio Santana,PSC,BA,Outros,Manutenção De Escritório De Apoio À Atividade Parlamentar,0,Sem indício cadastral crítico,FOUND,ATIVA,5,11,2790.20,98257.521290,134321.8726415135,-0.7107,Comportamento esperado
245,228272,Délio Pinheiro,PDT,MG,Viagens,Passagem Aérea - Rpa,0,Sem indício cadastral crítico,FOUND,ATIVA,1,1,2583.32,40253.940526,63478.97879162227,-0.5934,Comportamento esperado
466,98057,Lafayette De Andrada,REPUBLICANOS,MG,Outros,"Passagens Terrestres, Marítimas Ou Fluviais",0,Sem indício cadastral crítico,FOUND,ATIVA,1,1,120.65,3858.240000,6358.142634643256,-0.5878,Comportamento esperado
709,220532,Rafael Prudente,MDB,DF,Outros,Manutenção De Escritório De Apoio À Atividade Parlamentar,1,Situação cadastral não ativa: BAIXADA,FOUND,BAIXADA,1,1,124.75,95246.480000,164390.52276665662,-0.5786,Fornecedor com CNPJ suspeito
900,,,,NA,Alimentação,Fornecimento De Alimentação Do Parlamentar,0,Sem indício cadastral crítico,FOUND,ATIVA,6,11,39143.65,76824.316875,122514.48277202321,-0.3076,Comportamento esperado
408,141456,Jilmar Tatto,PT,SP,Viagens,Passagem Aérea - Reembolso,0,Sem indício cadastral crítico,FOUND,ATIVA,2,2,4448.66,9758.571000,11443.414965885137,-0.464,Comportamento esperado
124,204369,Caroline De Toni,PL,SC,Publicidade,Divulgação Da Atividade Parlamentar.,1,Situação cadastral não ativa: BAIXADA,FOUND,BAIXADA,1,1,1200.00,148561.773265,217765.15459275612,-0.6767,Fornecedor com CNPJ suspeito
195,204512,Delegado Marcelo Freitas,UNIÃO,MG,Hotéis,"Hospedagem ,exceto Do Parlamentar No Distrito Federal.",1,Erro na consulta pública de CNPJ,ERROR,,1,1,10374.20,17018.453084,26330.369533202334,-0.2523,Fornecedor com CNPJ suspeito
635,73692,Osmar Terra,PL,RS,Hotéis,"Hospedagem ,exceto Do Parlamentar No Distrito Federal.",1,Erro na consulta pública de CNPJ,ERROR,,1,1,3981.14,21826.986437,35658.661568585754,-0.5005,Fornecedor com CNPJ suspeito
604,160542,Márcio Macêdo,PT,SE,Viagens,Passagem Aérea - Reembolso,0,Sem indício cadastral crítico,FOUND,ATIVA,1,1,2019.80,9040.411000,11259.006637678962,-0.6236,Comportamento esperado
175,204454,Daniel Silveira,PTB,RJ,Hotéis,"Hospedagem ,exceto Do Parlamentar No Distrito Federal.",0,Sem indício cadastral crítico,FOUND,ATIVA,1,1,608.10,13016.628636,21468.959145470457,-0.578,Comportamento esperado
572,220661,Matheus Noronha,PL,CE,Alimentação,Fornecimento De Alimentação Do Parlamentar,0,Sem indício cadastral crítico,FOUND,ATIVA,2,5,463.60,4778.337742,9185.089924635726,-0.4698,Comportamento esperado
844,141553,Vanderlei Macris,PSDB,SP,Hotéis,"Hospedagem ,exceto Do Parlamentar No Distrito Federal.",0,Sem indício cadastral crítico,FOUND,ATIVA,2,2,371.56,10014.789189,11435.329101648113,-0.8433,Comportamento esperado
17,178836,Alan Rick,UNIÃO,AC,Combustível,Combustíveis E Lubrificantes.,1,Situação cadastral não ativa: BAIXADA,FOUND,BAIXADA,1,1,278.86,74559.202308,89345.09325877228,-0.8314,Fornecedor com CNPJ suspeito
439,141459,João Maia,PP,RN,Publicidade,Divulgação Da Atividade Parlamentar.,1,Situação cadastral não ativa: INAPTA,FOUND,INAPTA,1,2,2000.00,246483.533462,299233.5953313259,-0.817,Fornecedor com CNPJ suspeito
875,178889,Zé Carlos,PT,MA,Comunicação,Telefonia,0,Sem indício cadastral crítico,FOUND,ATIVA,1,13,17924.66,18512.680625,18171.321371846523,-0.0324,Comportamento esperado
527,166402,Magda Mofatto,PL,GO,Combustível,Combustíveis E Lubrificantes.,1,Situação cadastral não ativa: BAIXADA,FOUND,BAIXADA,1,1,360.41,65044.277593,95738.05404592726,-0.6756,Fornecedor com CNPJ suspeito
339,74383,Giacobo,PL,PR,Locomoção,Locação Ou Fretamento De Aeronaves,0,Sem indício cadastral crítico,FOUND,ATIVA,2,3,104000.00,93050.000000,15485.63850798539,0.7071,Comportamento esperado
859,160569,Waldenor Pereira,PT,BA,Outros,"Passagens Terrestres, Marítimas Ou Fluviais",0,Sem indício cadastral crítico,FOUND,ATIVA,1,2,322.95,3634.349545,9001.916528866017,-0.3679,Comportamento esperado
98,210989,Bruno Farias,REPUBLICANOS,MG,Outros,Manutenção De Escritório De Apoio À Atividade Parlamentar,0,Documento não consultado por não ser CNPJ,NOT_APPLICABLE,,1,3,12150.00,123562.947566,162703.54342443834,-0.6848,Comportamento esperado
250,204541,Eduardo Bismarck,PV,CE,Alimentação,Fornecimento De Alimentação Do Parlamentar,1,Situação cadastral não ativa: BAIXADA,FOUND,BAIXADA,2,3,212.80,4778.337742,9185.089924635726,-0.4971,Fornecedor com CNPJ suspeito
379,73772,Hermes Parcianello,MDB,PR,Serviços profissionais,"Consultorias, Pesquisas E Trabalhos Técnicos.",1,Situação cadastral não ativa: INAPTA,FOUND,INAPTA,1,1,2500.00,58752.690645,58141.82428785019,-0.9675,Fornecedor com CNPJ suspeito
687,204406,Pedro Westphalen,PP,RS,Outros,"Serviço De Táxi, Pedágio E Estacionamento",0,Documento não consultado por não ser CNPJ,NOT_APPLICABLE,,4,4,615.25,10192.084923,16137.89190584743,-0.5934,Comportamento esperado
736,213274,Ricardo Silva,PSD,SP,Combustível,Combustíveis E Lubrificantes.,1,CNPJ não encontrado na API pública,NOT_FOUND,,1,1,200.00,42192.750821,64034.19773844777,-0.6558,Fornecedor com CNPJ suspeito
464,151208,Laercio Oliveira,PP,SE,Publicidade,Divulgação Da Atividade Parlamentar.,0,Sem indício cadastral crítico,FOUND,ATIVA,1,1,69000.00,230946.483077,301200.1033422071,-0.5377,Comportamento esperado
779,220631,Samuel Viana,UNIÃO,MG,Outros,Serviços Postais,0,Sem indício cadastral crítico,FOUND,ATIVA,1,2,946.60,2049.065200,4121.470694655126,-0.2675,Comportamento esperado
120,204426,Carlos Veras,PT,PE,Serviços profissionais,"Consultorias, Pesquisas E Trabalhos Técnicos.",0,Sem indício cadastral crítico,FOUND,ATIVA,2,11,52000.00,33394.939474,25891.938420366478,0.7186,Comportamento esperado
609,228042,Naumi Amorim,PSD,CE,Viagens,Passagem Aérea - Sigepa,,,,,0,7,4638.45,190828.457826,170630.5409255439,-1.0912,Comportamento esperado
556,178943,Marcos Soares,PSDB,RJ,Outros,"Serviço De Táxi, Pedágio E Estacionamento",1,Erro na consulta pública de CNPJ,ERROR,,1,1,172.14,8455.730411,14321.838989715481,-0.5784,Fornecedor com CNPJ suspeito
367,204465,Haroldo Cathedral,PSD,RR,Outros,Manutenção De Escritório De Apoio À Atividade Parlamentar,0,Sem indício cadastral crítico,FOUND,ATIVA,3,11,1648.56,80921.562903,170825.55022261123,-0.4641,Comportamento esperado
483,204382,Loester Trutis,PL,MS,Comunicação,Telefonia,0,Sem indício cadastral crítico,FOUND,ATIVA,1,9,5251.04,12463.390000,16925.10623218233,-0.4261,Comportamento esperado
795,204557,Sidney Leite,PSD,AM,Publicidade,Divulgação Da Atividade Parlamentar.,1,Situação cadastral não ativa: BAIXADA,FOUND,BAIXADA,1,1,6700.00,309286.770000,323174.1425425514,-0.9363,Fornecedor com CNPJ suspeito
597,220584,Murilo Galdino,REPUBLICANOS,PB,Outros,Manutenção De Escritório De Apoio À Atividade Parlamentar,0,Sem indício cadastral crítico,FOUND,ATIVA,3,9,4235.18,40088.436364,59072.75761932022,-0.6069,Comportamento esperado
100,220574,Cabo Gilberto Silva,PL,PB,Locomoção,Locação Ou Fretamento De Veículos Automotores,0,Sem indício cadastral crítico,FOUND,ATIVA,1,7,39150.00,197980.822174,165434.59936969794,-0.9601,Comportamento esperado
203,220705,Deltan Dallagnol,PODE,PR,Outros,"Serviço De Táxi, Pedágio E Estacionamento",0,Documento não consultado por não ser CNPJ,NOT_APPLICABLE,,1,1,19.40,5713.999474,13397.131596894355,-0.4251,Comportamento esperado
111,229106,Carla Ayres,PT,SC,Alimentação,Fornecimento De Alimentação Do Parlamentar,1,Situação cadastral não ativa: BAIXADA,FOUND,BAIXADA,1,1,36.00,5345.501750,9873.801589562949,-0.5377,Fornecedor com CNPJ suspeito
32,204503,Alexandre Padilha,PT,SP,Combustível,Combustíveis E Lubrificantes.,1,Situação cadastral não ativa: INAPTA,FOUND,INAPTA,1,1,290.24,42192.750821,64034.19773844777,-0.6544,Fornecedor com CNPJ suspeito
263,229585,Elisangela Araujo,PT,BA,Publicidade,Divulgação Da Atividade Parlamentar.,1,Situação cadastral não ativa: BAIXADA,FOUND,BAIXADA,1,5,47500.00,317318.910361,328157.1355142384,-0.8222,Fornecedor com CNPJ suspeito
95,204551,Bosco Saraiva,SOLIDARIEDADE,AM,Serviços profissionais,"Consultorias, Pesquisas E Trabalhos Técnicos.",0,Sem indício cadastral crítico,FOUND,ATIVA,2,2,45000.00,49181.950000,43491.54703575003,-0.0962,Comportamento esperado
716,221378,Reginete Bispo,PT,RS,Combustível,Combustíveis E Lubrificantes.,1,Situação cadastral não ativa: BAIXADA,FOUND,BAIXADA,3,3,628.14,60520.148547,97388.05968907535,-0.615,Fornecedor com CNPJ suspeito
403,220567,Jeferson Rodrigues,PSDB,GO,Publicidade,Divulgação Da Atividade Parlamentar.,1,Situação cadastral não ativa: BAIXADA,FOUND,BAIXADA,1,1,4600.00,294423.402917,352090.0693215526,-0.8232,Fornecedor com CNPJ suspeito
64,123756,Antônia Lúcia,REPUBLICANOS,AC,Combustível,Combustíveis E Lubrificantes.,0,Sem indício cadastral crítico,FOUND,ATIVA,1,5,15707.93,74559.202308,89345.09325877228,-0.6587,Comportamento esperado
779,220631,Samuel Viana,UNIÃO,MG,Viagens,Passagem Aérea - Reembolso,0,Sem indício cadastral crítico,FOUND,ATIVA,1,1,3291.08,7020.191961,10297.188894597206,-0.3621,Comportamento esperado
281,178871,Evair Vieira De Melo,PP,ES,Outros,Serviços Postais,0,Sem indício cadastral crítico,FOUND,ATIVA,1,3,1196.41,6239.835000,11400.549896811995,-0.4424,Comportamento esperado
366,204456,Gutemberg Reis,MDB,RJ,Combustível,Combustíveis E Lubrificantes.,1,Situação cadastral não ativa: BAIXADA,FOUND,BAIXADA,2,2,200.00,44023.319398,62812.667137756165,-0.6977,Fornecedor com CNPJ suspeito
740,160653,Roberto De Lucena,REPUBLICANOS,SP,Outros,"Serviço De Táxi, Pedágio E Estacionamento",0,Documento não consultado por não ser CNPJ,NOT_APPLICABLE,,1,9,4167.00,11967.060840,16796.655097373645,-0.4644,Comportamento esperado
78,178975,Baleia Rossi,MDB,SP,Locomoção,Locação Ou Fretamento De Veículos Automotores,0,Sem indício cadastral crítico,FOUND,ATIVA,2,16,75129.55,147254.510948,139673.23431152088,-0.5164,Comportamento esperado
614,204415,Nereu Crispim,PSD,RS,Viagens,Passagem Aérea - Reembolso,0,Sem indício cadastral crítico,FOUND,ATIVA,1,1,2774.23,7846.026333,10735.105702213965,-0.4724,Comportamento esperado
490,204404,Lucas Redecker,PSD,RS,Viagens,Passagem Aérea - Rpa,0,Sem indício cadastral crítico,FOUND,ATIVA,1,2,1211.54,23263.014545,27193.710295909314,-0.8109,Comportamento esperado
73,160665,Augusto Coutinho,REPUBLICANOS,PE,Combustível,Combustíveis E Lubrificantes.,1,Situação cadastral não ativa: INAPTA,FOUND,INAPTA,1,1,850.00,53506.291935,82942.380015203,-0.6349,Fornecedor com CNPJ suspeito
455,74317,Júlio Cesar,PSD,PI,Outros,Manutenção De Escritório De Apoio À Atividade Parlamentar,1,Situação cadastral não ativa: BAIXADA,FOUND,BAIXADA,2,5,1688.80,64892.367419,74159.10998309037,-0.8523,Fornecedor com CNPJ suspeito
302,204427,Fernando Rodolfo,PRD,PE,Outros,Manutenção De Escritório De Apoio À Atividade Parlamentar,0,Sem indício cadastral crítico,FOUND,ATIVA,3,17,5942.87,90785.734524,140277.34198893898,-0.6048,Comportamento esperado
406,204435,Jesus Sérgio,PDT,AC,Serviços profissionais,"Consultorias, Pesquisas E Trabalhos Técnicos.",0,Sem indício cadastral crítico,FOUND,ATIVA,1,13,106000.00,77762.496250,58254.79744380198,0.4847,Comportamento esperado
591,154178,Milton Vieira,REPUBLICANOS,SP,Serviços profissionais,"Consultorias, Pesquisas E Trabalhos Técnicos.",0,Sem indício cadastral crítico,FOUND,ATIVA,1,2,19705.00,42478.291429,47664.49520078613,-0.4778,Comportamento esperado
233,178830,Dr. Sinval Malheiros,PODE,SP,Combustível,Combustíveis E Lubrificantes.,1,Situação cadastral não ativa: BAIXADA,FOUND,BAIXADA,1,1,100.00,42192.750821,64034.19773844777,-0.6573,Fornecedor com CNPJ suspeito
427,141470,José Guimarães,PT,CE,Outros,"Serviço De Táxi, Pedágio E Estacionamento",0,Sem indício cadastral crítico,FOUND,ATIVA,1,2,329.96,1553.572000,3462.198937126519,-0.3534,Comportamento esperado
798,220579,Silvia Waiãpi,PL,AP,Combustível,Combustíveis E Lubrificantes.,1,Situação cadastral não ativa: BAIXADA,FOUND,BAIXADA,3,4,899.45,24571.047667,39205.554475113444,-0.6038,Fornecedor com CNPJ suspeito
259,204364,Eli Borges,REPUBLICANOS,TO,Outros,"Passagens Terrestres, Marítimas Ou Fluviais",0,Sem indício cadastral crítico,FOUND,ATIVA,7,11,2710.96,2000.096667,1575.0680622838706,0.4513,Comportamento esperado
838,195866,Vaidon Oliveira,UNIÃO,CE,Publicidade,Divulgação Da Atividade Parlamentar.,0,Sem indício cadastral crítico,FOUND,ATIVA,3,6,47000.00,263931.285395,366906.3702021798,-0.5912,Comportamento esperado
536,204433,Marcelo Calero,PSD,RJ,Alimentação,Fornecimento De Alimentação Do Parlamentar,1,Situação cadastral não ativa: SUSPENSA,FOUND,SUSPENSA,1,1,28.50,5314.154545,11413.915891543053,-0.4631,Fornecedor com CNPJ suspeito
621,204479,Nicoletti,UNIÃO,RR,Viagens,Passagem Aérea - Reembolso,0,Sem indício cadastral crítico,FOUND,ATIVA,1,1,3095.49,23419.147778,50067.63598784218,-0.4059,Comportamento esperado
508,73778,Luiz Carlos Hauly,PODE,PR,Viagens,Passagem Aérea - Reembolso,0,Sem indício cadastral crítico,FOUND,ATIVA,1,2,5386.85,17801.644063,39455.64199846602,-0.3147,Comportamento esperado
786,220713,Saullo Vianna,MDB,AM,Outros,Manutenção De Escritório De Apoio À Atividade Parlamentar,0,Sem indício cadastral crítico,FOUND,ATIVA,3,4,4730.04,35177.838000,53399.12696043168,-0.5702,Comportamento esperado
443,220559,Julia Zanatta,PL,SC,Combustível,Combustíveis E Lubrificantes.,1,Erro na consulta pública de CNPJ,ERROR,,1,1,263.65,63943.250339,85631.6159933909,-0.7436,Fornecedor com CNPJ suspeito
440,112437,João Marcelo Souza,MDB,MA,Outros,Manutenção De Escritório De Apoio À Atividade Parlamentar,0,Sem indício cadastral crítico,FOUND,ATIVA,1,4,11770.20,64195.130784,109861.24089764054,-0.4772,Comportamento esperado
445,220640,Juliana Cardoso,PT,SP,Viagens,Passagem Aérea - Reembolso,0,Sem indício cadastral crítico,FOUND,ATIVA,1,2,1806.37,9758.571000,11443.414965885137,-0.6949,Comportamento esperado
278,160640,Eros Biondini,PL,MG,Outros,"Passagens Terrestres, Marítimas Ou Fluviais",0,Sem indício cadastral crítico,FOUND,ATIVA,2,2,689.46,3858.240000,6358.142634643256,-0.4984,Comportamento esperado
148,220595,Coronel Fernanda,PL,MT,Locomoção,Locação Ou Fretamento De Aeronaves,0,Sem indício cadastral crítico,FOUND,ATIVA,1,2,35800.00,35800.000000,,,Comportamento esperado
93,160538,Bohn Gass,PT,RS,Publicidade,Divulgação Da Atividade Parlamentar.,1,Erro na consulta pública de CNPJ,ERROR,,1,1,440.00,215724.063125,265101.600265673,-0.8121,Fornecedor com CNPJ suspeito
147,204378,Coronel Chrisóstomo,PL,RO,Comunicação,Telefonia,0,Sem indício cadastral crítico,FOUND,ATIVA,3,14,2257.56,15683.564000,17340.40119270922,-0.7743,Comportamento esperado
820,220598,Tarcísio Motta,PSOL,RJ,Combustível,Combustíveis E Lubrificantes.,1,Situação cadastral não ativa: BAIXADA,FOUND,BAIXADA,1,1,221.24,44023.319398,62812.667137756165,-0.6973,Fornecedor com CNPJ suspeito
323,160587,Fábio Trad,PSD,MS,Publicidade,Divulgação Da Atividade Parlamentar.,1,Situação cadastral não ativa: BAIXADA,FOUND,BAIXADA,2,2,39338.00,244824.753226,352025.1744174792,-0.5837,Fornecedor com CNPJ suspeito
542,160161,Marcelo Queiroz,PSDB,RJ,Viagens,Passagem Aérea - Rpa,0,Sem indício cadastral crítico,FOUND,ATIVA,1,1,3207.27,24365.871064,36425.48190750471,-0.5809,Comportamento esperado
872,220592,Zezinho Barbary,PP,AC,Outros,Aquisição De Tokens E Certificados Digitais,0,Sem indício cadastral crítico,FOUND,ATIVA,1,1,1000.00,595.000000,572.7564927611035,0.7071,Comportamento esperado
621,204479,Nicoletti,PL,RR,Publicidade,Divulgação Da Atividade Parlamentar.,1,Situação cadastral não ativa: SUSPENSA,FOUND,SUSPENSA,1,4,22100.00,302008.159333,364968.0243701814,-0.7669,Fornecedor com CNPJ suspeito
332,204484,General Peternelli,UNIÃO,SP,Outros,Manutenção De Escritório De Apoio À Atividade Parlamentar,1,Situação cadastral não ativa: BAIXADA,FOUND,BAIXADA,1,2,2490.66,98538.487659,143509.98800071477,-0.6693,Fornecedor com CNPJ suspeito
875,178889,Zé Carlos,PT,MA,Publicidade,Divulgação Da Atividade Parlamentar.,1,Situação cadastral não ativa: BAIXADA,FOUND,BAIXADA,1,2,5600.00,299945.123175,386285.4495039867,-0.762,Fornecedor com CNPJ suspeito
663,204461,Paulo Ganime,NOVO,RJ,Locomoção,Locação Ou Fretamento De Veículos Automotores,1,Situação cadastral não ativa: BAIXADA,FOUND,BAIXADA,1,2,1091.30,162239.394390,163272.60476613723,-0.987,Fornecedor com CNPJ suspeito
373,234788,Heloísa Helena,REDE,RJ,Outros,Manutenção De Escritório De Apoio À Atividade Parlamentar,0,Sem indício cadastral crítico,FOUND,ATIVA,1,3,1080.20,80988.593819,134414.71100556676,-0.5945,Comportamento esperado
737,178920,Ricardo Teobaldo,PODE,PE,Outros,Manutenção De Escritório De Apoio À Atividade Parlamentar,1,Situação cadastral não ativa: BAIXADA,FOUND,BAIXADA,1,9,4050.00,90785.734524,140277.34198893898,-0.6183,Fornecedor com CNPJ suspeito
369,178964,Heitor Schuch,PSB,RS,Outros,"Passagens Terrestres, Marítimas Ou Fluviais",0,Sem indício cadastral crítico,FOUND,ATIVA,1,2,93.95,4236.036552,8253.072405382596,-0.5019,Comportamento esperado
16,204549,Aj Albuquerque,PP,CE,Viagens,Passagem Aérea - Reembolso,1,Erro na consulta pública de CNPJ,ERROR,,1,6,87245.11,12007.303200,17888.200103405623,4.206,Anomalia crítica: outlier financeiro com fornecedor suspeito
225,220688,Dr. Francisco,PT,PI,Locomoção,Locação Ou Fretamento De Veículos Automotores,1,Situação cadastral não ativa: BAIXADA,FOUND,BAIXADA,1,4,7878.00,264114.661053,215307.58327079436,-1.1901,Fornecedor com CNPJ suspeito
123,220704,Carol Dartora,PT,PR,Hotéis,"Hospedagem ,exceto Do Parlamentar No Distrito Federal.",1,Erro na consulta pública de CNPJ,ERROR,,1,1,6793.35,18419.328649,34024.43115299299,-0.3417,Fornecedor com CNPJ suspeito
499,178954,Lucio Mosquini,PL,RO,Alimentação,Fornecimento De Alimentação Do Parlamentar,1,Situação cadastral não ativa: BAIXADA,FOUND,BAIXADA,1,1,35.85,3332.884500,5228.833199412531,-0.6305,Fornecedor com CNPJ suspeito
1,220593,Abilio Brunini,PL,MT,Publicidade,Divulgação Da Atividade Parlamentar.,1,Situação cadastral não ativa: INAPTA,FOUND,INAPTA,1,3,10500.00,167205.955714,207800.9242977291,-0.7541,Fornecedor com CNPJ suspeito
26,204571,Alex Santana,REPUBLICANOS,BA,Serviços profissionais,"Consultorias, Pesquisas E Trabalhos Técnicos.",0,Sem indício cadastral crítico,FOUND,ATIVA,1,13,45500.00,64386.903226,47821.13506693795,-0.3949,Comportamento esperado
129,204496,Celso Sabino,UNIÃO,PA,Outros,"Passagens Terrestres, Marítimas Ou Fluviais",0,Sem indício cadastral crítico,FOUND,ATIVA,3,4,316.00,1078.217500,1379.000592418896,-0.5527,Comportamento esperado
232,228616,Dr. Remy Soares,PP,MA,Viagens,Passagem Aérea - Sigepa,,,,,0,12,14076.69,132207.227045,122458.5508602934,-0.9647,Comportamento esperado
760,178861,Ronaldo Carletto,PP,BA,Outros,Manutenção De Escritório De Apoio À Atividade Parlamentar,1,Situação cadastral não ativa: BAIXADA,FOUND,BAIXADA,1,3,1030.60,98257.521290,134321.8726415135,-0.7238,Fornecedor com CNPJ suspeito
878,160632,Zé Silva,SOLIDARIEDADE,MG,Outros,Manutenção De Escritório De Apoio À Atividade Parlamentar,1,Situação cadastral não ativa: BAIXADA,FOUND,BAIXADA,1,2,1279.00,123562.947566,162703.54342443834,-0.7516,Fornecedor com CNPJ suspeito
740,160653,Roberto De Lucena,REPUBLICANOS,SP,Outros,Serviços Postais,0,Sem indício cadastral crítico,FOUND,ATIVA,1,1,233.00,1015.584878,1403.5425598127083,-0.5576,Comportamento esperado
364,220568,Gustavo Gayer,PL,GO,Alimentação,Fornecimento De Alimentação Do Parlamentar,1,Situação cadastral não ativa: BAIXADA,FOUND,BAIXADA,1,1,35.90,3293.239000,7032.529544734017,-0.4632,Fornecedor com CNPJ suspeito
809,177282,Subtenente Gonzaga,PSD,MG,Publicidade,Assinatura De Publicações,0,Sem indício cadastral crítico,FOUND,ATIVA,2,3,595.40,1596.091765,1698.0009011232714,-0.5893,Comportamento esperado
320,178969,Fábio Mitidieri,PSD,SE,Viagens,Passagem Aérea - Rpa,0,Sem indício cadastral crítico,FOUND,ATIVA,1,5,2401.99,13988.180000,15171.00483116322,-0.7637,Comportamento esperado
292,72442,Felipe Carreras,PSB,PE,Viagens,Passagem Aérea - Reembolso,0,Sem indício cadastral crítico,FOUND,ATIVA,3,4,21697.77,7471.163333,10016.291980131698,1.4203,Comportamento esperado
29,220542,Alexandre Guimarães,MDB,TO,Outros,"Passagens Terrestres, Marítimas Ou Fluviais",0,Sem indício cadastral crítico,FOUND,ATIVA,2,2,609.98,2000.096667,1575.0680622838706,-0.8826,Comportamento esperado
217,227433,Douglas Viegas,UNIÃO,SP,Comunicação,Telefonia,0,Sem indício cadastral crítico,FOUND,ATIVA,2,6,2360.43,19889.940211,25751.500071775903,-0.6807,Comportamento esperado
300,204445,Fernando Mineiro,PT,RN,Alimentação,Fornecimento De Alimentação Do Parlamentar,1,Situação cadastral não ativa: BAIXADA,FOUND,BAIXADA,2,2,153.00,3041.730000,4181.690443923367,-0.6908,Fornecedor com CNPJ suspeito
419,218245,Jorielson,PL,AP,Viagens,Passagem Aérea - Rpa,0,Sem indício cadastral crítico,FOUND,ATIVA,1,2,2736.67,4617.490000,4023.3855612682983,-0.4675,Comportamento esperado
444,204420,Julian Lemos,UNIÃO,PB,Publicidade,Divulgação Da Atividade Parlamentar.,1,Situação cadastral não ativa: BAIXADA,FOUND,BAIXADA,2,5,80000.00,324815.111538,407718.48875224456,-0.6005,Fornecedor com CNPJ suspeito
141,74537,Claudio Cajado,PP,BA,Combustível,Combustíveis E Lubrificantes.,1,Situação cadastral não ativa: BAIXADA,FOUND,BAIXADA,1,9,2169.49,76280.976842,110667.4963849575,-0.6697,Fornecedor com CNPJ suspeito
426,141464,José Airton Félix Cirilo,PT,CE,Outros,Manutenção De Escritório De Apoio À Atividade Parlamentar,1,Situação cadastral não ativa: BAIXADA,FOUND,BAIXADA,1,4,459.87,68348.775082,105244.60317209057,-0.6451,Fornecedor com CNPJ suspeito
255,220589,Eduardo Velloso,SOLIDARIEDADE,AC,Viagens,Passagem Aérea - Reembolso,0,Sem indício cadastral crítico,FOUND,ATIVA,3,3,10581.25,9056.415455,5089.4459464667925,0.2996,Comportamento esperado
772,74371,Rubens Otoni,PT,GO,Publicidade,Assinatura De Publicações,0,Sem indício cadastral crítico,FOUND,ATIVA,1,2,1593.60,1246.820000,1176.5228438071229,0.2947,Comportamento esperado
87,178948,Beto Rosado,PP,RN,Viagens,Passagem Aérea - Rpa,0,Sem indício cadastral crítico,FOUND,ATIVA,2,2,3368.71,25061.406250,42423.5801004761,-0.5113,Comportamento esperado
810,204535,Sâmia Bomfim,PSOL,SP,Locomoção,Locação Ou Fretamento De Veículos Automotores,0,Sem indício cadastral crítico,FOUND,ATIVA,1,1,5358.86,147254.510948,139673.23431152088,-1.0159,Comportamento esperado
246,204562,Edilázio Júnior,PSD,MA,Viagens,Passagem Aérea - Rpa,0,Sem indício cadastral crítico,FOUND,ATIVA,2,5,10530.84,17893.360952,34179.698738222214,-0.2154,Comportamento esperado
811,73808,Sérgio Brito,PSD,BA,Outros,"Passagens Terrestres, Marítimas Ou Fluviais",0,Sem indício cadastral crítico,FOUND,ATIVA,2,3,477.19,3634.349545,9001.916528866017,-0.3507,Comportamento esperado
92,204561,Bira Do Pindaré,PSB,MA,Publicidade,Divulgação Da Atividade Parlamentar.,1,Situação cadastral não ativa: BAIXADA,FOUND,BAIXADA,1,1,69.55,299945.123175,386285.4495039867,-0.7763,Fornecedor com CNPJ suspeito
647,204570,Pastor Gil,PL,MA,Serviços profissionais,"Consultorias, Pesquisas E Trabalhos Técnicos.",0,Sem indício cadastral crítico,FOUND,ATIVA,1,5,39150.00,73247.500000,60193.25778602398,-0.5665,Comportamento esperado
392,67138,Iracema Portella,PP,PI,Serviços profissionais,"Consultorias, Pesquisas E Trabalhos Técnicos.",0,Sem indício cadastral crítico,FOUND,ATIVA,1,3,22500.00,59954.545455,42245.387053176906,-0.8866,Comportamento esperado
48,107970,Ana Paula Leão,PP,MG,Publicidade,Divulgação Da Atividade Parlamentar.,1,Situação cadastral não ativa: BAIXADA,FOUND,BAIXADA,2,9,12480.00,194891.353020,276881.75990132586,-0.6588,Fornecedor com CNPJ suspeito
674,220630,Pedro Aihara,PP,MG,Combustível,Combustíveis E Lubrificantes.,1,Situação cadastral não ativa: BAIXADA,FOUND,BAIXADA,3,6,1268.54,65306.104375,92314.0005265802,-0.6937,Fornecedor com CNPJ suspeito
209,178929,Diego Garcia,REPUBLICANOS,PR,Locomoção,Locação Ou Fretamento De Veículos Automotores,1,Situação cadastral não ativa: BAIXADA,FOUND,BAIXADA,2,6,9134.02,113439.957419,130977.93601797776,-0.7964,Fornecedor com CNPJ suspeito
561,204540,Maria Rosas,REPUBLICANOS,SP,Combustível,Combustíveis E Lubrificantes.,1,Situação cadastral não ativa: INAPTA,FOUND,INAPTA,1,1,120.02,42192.750821,64034.19773844777,-0.657,Fornecedor com CNPJ suspeito
350,152605,Glauber Braga,PSOL,RJ,Outros,Manutenção De Escritório De Apoio À Atividade Parlamentar,1,Erro na consulta pública de CNPJ,ERROR,,1,2,660.81,80988.593819,134414.71100556676,-0.5976,Fornecedor com CNPJ suspeito
509,204485,Luiz Carlos Motta,PL,SP,Publicidade,Divulgação Da Atividade Parlamentar.,1,Situação cadastral não ativa: BAIXADA,FOUND,BAIXADA,1,2,39330.00,243741.226243,313657.1515008437,-0.6517,Fornecedor com CNPJ suspeito
393,98615,Ismael,PL,SC,Comunicação,Telefonia,0,Sem indício cadastral crítico,FOUND,ATIVA,1,8,1420.93,7776.667391,7284.093764458291,-0.8726,Comportamento esperado
799,227310,Silvio Antonio,PL,MA,Viagens,Passagem Aérea - Sigepa,,,,,0,10,3126.17,132207.227045,122458.5508602934,-1.0541,Comportamento esperado
234,220528,Dr. Victor Linhalis,PODE,ES,Locomoção,Locação Ou Fretamento De Veículos Automotores,1,Situação cadastral não ativa: BAIXADA,FOUND,BAIXADA,1,1,1589.16,171214.090476,129265.73835992759,-1.3122,Fornecedor com CNPJ suspeito
250,204541,Eduardo Bismarck,PV,CE,Publicidade,Assinatura De Publicações,0,Sem indício cadastral crítico,FOUND,ATIVA,1,3,84.70,3249.055000,4250.208219057374,-0.7445,Comportamento esperado
101,93083,Cacá Leão,PP,BA,Serviços profissionais,"Consultorias, Pesquisas E Trabalhos Técnicos.",0,Sem indício cadastral crítico,FOUND,ATIVA,1,8,80000.00,64386.903226,47821.13506693795,0.3265,Comportamento esperado
589,171786,Miguel Ângelo,PT,MG,Outros,Aquisição De Tokens E Certificados Digitais,1,Situação cadastral não ativa: BAIXADA,FOUND,BAIXADA,1,1,149.00,251.133000,157.05814479216147,-0.6503,Fornecedor com CNPJ suspeito
293,204398,Felipe Francischini,UNIÃO,PR,Combustível,Combustíveis E Lubrificantes.,1,Situação cadastral não ativa: BAIXADA,FOUND,BAIXADA,1,3,425.65,57944.345500,82353.4495793919,-0.6984,Fornecedor com CNPJ suspeito
570,178843,Marx Beltrão,PP,AL,Outros,Manutenção De Escritório De Apoio À Atividade Parlamentar,0,Sem indício cadastral crítico,FOUND,ATIVA,1,4,1582.20,55960.761000,68535.24676411308,-0.7934,Comportamento esperado
200,220619,Delegado Ramagem,PL,RJ,Alimentação,Fornecimento De Alimentação Do Parlamentar,0,Sem indício cadastral crítico,FOUND,ATIVA,1,6,465.13,5314.154545,11413.915891543053,-0.4248,Comportamento esperado
787,226837,Saulo Pedroso,PSD,SP,Publicidade,Divulgação Da Atividade Parlamentar.,1,Situação cadastral não ativa: BAIXADA,FOUND,BAIXADA,3,13,50750.00,243741.226243,313657.1515008437,-0.6153,Fornecedor com CNPJ suspeito
517,204526,Luiz Philippe De Orleans E Bragança,PL,SP,Serviços profissionais,"Consultorias, Pesquisas E Trabalhos Técnicos.",0,Sem indício cadastral crítico,FOUND,ATIVA,1,3,15000.00,42478.291429,47664.49520078613,-0.5765,Comportamento esperado
768,178935,Rossoni,PSDB,PR,Alimentação,Fornecimento De Alimentação Do Parlamentar,0,Sem indício cadastral crítico,FOUND,ATIVA,1,1,130.00,4173.948542,8441.04850518495,-0.4791,Comportamento esperado
705,204467,Professora Rosa Neide,PT,MT,Combustível,Combustíveis E Lubrificantes.,1,Situação cadastral não ativa: INAPTA,FOUND,INAPTA,1,1,150.00,34330.305532,57340.29977264771,-0.5961,Fornecedor com CNPJ suspeito
696,220533,Prof. Reginaldo Veras,PV,DF,Comunicação,Telefonia,0,Sem indício cadastral crítico,FOUND,ATIVA,1,4,978.67,1663.937500,1669.7312686452474,-0.4104,Comportamento esperado
27,105534,Alexandre Figueiredo,PSD,SE,Outros,Manutenção De Escritório De Apoio À Atividade Parlamentar,0,Sem indício cadastral crítico,FOUND,ATIVA,2,5,2857.60,43647.935652,66268.36061748704,-0.6155,Comportamento esperado
824,180018,Thiago Cartaxo,PODE,RN,Serviços profissionais,"Consultorias, Pesquisas E Trabalhos Técnicos.",0,Sem indício cadastral crítico,FOUND,ATIVA,1,1,4000.00,75620.571429,70092.2679683885,-1.0218,Comportamento esperado
702,220580,Professora Goreth,PDT,AP,Viagens,Passagem Aérea - Rpa,0,Sem indício cadastral crítico,FOUND,ATIVA,1,1,1554.39,4617.490000,4023.3855612682983,-0.7613,Comportamento esperado
16,204549,Aj Albuquerque,PP,CE,Publicidade,Divulgação Da Atividade Parlamentar.,1,Situação cadastral não ativa: INAPTA,FOUND,INAPTA,1,7,34000.00,263931.285395,366906.3702021798,-0.6267,Fornecedor com CNPJ suspeito
536,204433,Marcelo Calero,PSD,RJ,Outros,Manutenção De Escritório De Apoio À Atividade Parlamentar,1,Situação cadastral não ativa: BAIXADA,FOUND,BAIXADA,1,2,515.50,80988.593819,134414.71100556676,-0.5987,Fornecedor com CNPJ suspeito
619,178896,Newton Cardoso Jr,MDB,MG,Combustível,Combustíveis E Lubrificantes.,1,Situação cadastral não ativa: BAIXADA,FOUND,BAIXADA,2,2,424.82,65306.104375,92314.0005265802,-0.7028,Fornecedor com CNPJ suspeito
834,178934,Toninho Wandscheer,PP,PR,Outros,Manutenção De Escritório De Apoio À Atividade Parlamentar,0,Documento não consultado por não ser CNPJ,NOT_APPLICABLE,,1,3,15000.00,86193.122500,116860.66498214444,-0.6092,Comportamento esperado
26,204571,Alex Santana,REPUBLICANOS,BA,Comunicação,Telefonia,0,Sem indício cadastral crítico,FOUND,ATIVA,1,1,173.88,23153.030698,23468.568952979214,-0.9791,Comportamento esperado
480,74585,Lincoln Portela,PL,MG,Comunicação,Telefonia,1,Situação cadastral não ativa: BAIXADA,FOUND,BAIXADA,1,1,193.30,15607.667083,19082.29985422686,-0.8078,Fornecedor com CNPJ suspeito
758,178930,Roman,PP,PR,Outros,"Passagens Terrestres, Marítimas Ou Fluviais",0,Sem indício cadastral crítico,FOUND,ATIVA,1,1,325.76,1895.154815,2124.8795888027494,-0.7386,Comportamento esperado
295,227370,Felipe Saliba,PRD,MG,Viagens,Passagem Aérea - Reembolso,1,Situação cadastral não ativa: BAIXADA,FOUND,BAIXADA,1,1,692.09,7020.191961,10297.188894597206,-0.6145,Fornecedor com CNPJ suspeito
550,133373,Marco Maia,PT,RS,Combustível,Combustíveis E Lubrificantes.,0,Sem indício cadastral crítico,FOUND,ATIVA,2,2,485.69,60520.148547,97388.05968907535,-0.6164,Comportamento esperado
762,163321,Ronaldo Nogueira,REPUBLICANOS,RS,Alimentação,Fornecimento De Alimentação Do Parlamentar,1,Situação cadastral não ativa: BAIXADA,FOUND,BAIXADA,3,5,199.79,7368.085075,13657.337051272762,-0.5249,Fornecedor com CNPJ suspeito
81,73701,Benedita Da Silva,PT,RJ,Viagens,Passagem Aérea - Reembolso,0,Sem indício cadastral crítico,FOUND,ATIVA,1,1,2968.85,9840.865893,10669.362639943789,-0.6441,Comportamento esperado
701,160639,Professora Dorinha Seabra Rezende,UNIÃO,TO,Publicidade,Divulgação Da Atividade Parlamentar.,1,Situação cadastral não ativa: BAIXADA,FOUND,BAIXADA,1,3,15400.00,260231.601071,329408.0872597135,-0.7432,Fornecedor com CNPJ suspeito
460,208297,Katia Dias,REPUBLICANOS,MG,Alimentação,Fornecimento De Alimentação Do Parlamentar,0,Sem indício cadastral crítico,FOUND,ATIVA,4,4,402.97,3421.773553,6721.942950865462,-0.4491,Comportamento esperado
897,,,,NA,Outros,Manutenção De Escritório De Apoio À Atividade Parlamentar,1,Erro na consulta pública de CNPJ,ERROR,,1,3,1783.68,15500.143182,23430.81961523477,-0.5854,Fornecedor com CNPJ suspeito
640,204573,Otto Alencar Filho,PSD,BA,Outros,"Serviço De Táxi, Pedágio E Estacionamento",0,Sem indício cadastral crítico,FOUND,ATIVA,2,9,241.89,7947.726552,12451.86965129915,-0.6188,Comportamento esperado
181,160552,Danrlei De Deus Hinterholz,PSD,RS,Alimentação,Fornecimento De Alimentação Do Parlamentar,1,Erro na consulta pública de CNPJ,ERROR,,1,2,241.44,7368.085075,13657.337051272762,-0.5218,Fornecedor com CNPJ suspeito
470,220600,Lebrão,UNIÃO,RO,Outros,"Serviço De Táxi, Pedágio E Estacionamento",1,Situação cadastral não ativa: INAPTA,FOUND,INAPTA,2,2,47.00,1932.761250,3462.107549787877,-0.5447,Fornecedor com CNPJ suspeito
852,141555,Vinicius Carvalho,REPUBLICANOS,SP,Locomoção,Locação Ou Fretamento De Veículos Automotores,1,Situação cadastral não ativa: BAIXADA,FOUND,BAIXADA,2,5,4666.76,147254.510948,139673.23431152088,-1.0209,Fornecedor com CNPJ suspeito
16,204549,Aj Albuquerque,PP,CE,Hotéis,"Hospedagem ,exceto Do Parlamentar No Distrito Federal.",0,Sem indício cadastral crítico,FOUND,ATIVA,1,1,15613.50,14861.399063,17345.750222182687,0.0434,Comportamento esperado
533,156190,Marcel Van Hattem,NOVO,RS,Hotéis,"Hospedagem ,exceto Do Parlamentar No Distrito Federal.",1,Situação cadastral não ativa: BAIXADA,FOUND,BAIXADA,1,1,388.00,21826.986437,35658.661568585754,-0.6012,Fornecedor com CNPJ suspeito
176,204409,Daniel Trzeciak,PSDB,RS,Viagens,Passagem Aérea - Rpa,0,Sem indício cadastral crítico,FOUND,ATIVA,2,3,109.25,23263.014545,27193.710295909314,-0.8514,Comportamento esperado
776,160635,Ruy Carneiro,PSC,PB,Serviços profissionais,"Consultorias, Pesquisas E Trabalhos Técnicos.",0,Sem indício cadastral crítico,FOUND,ATIVA,2,5,41600.00,52901.666667,54299.06776921737,-0.2081,Comportamento esperado
418,178857,Jorge Solla,PT,BA,Combustível,Combustíveis E Lubrificantes.,1,CNPJ não encontrado na API pública,NOT_FOUND,,1,1,200.01,76280.976842,110667.4963849575,-0.6875,Fornecedor com CNPJ suspeito
130,204504,Cezinha De Madureira,PSD,SP,Outros,"Serviço De Táxi, Pedágio E Estacionamento",0,Sem indício cadastral crítico,FOUND,ATIVA,1,1,32.97,11967.060840,16796.655097373645,-0.7105,Comportamento esperado
809,177282,Subtenente Gonzaga,PSD,MG,Combustível,Combustíveis E Lubrificantes.,1,Situação cadastral não ativa: BAIXADA,FOUND,BAIXADA,4,4,1020.67,65306.104375,92314.0005265802,-0.6964,Fornecedor com CNPJ suspeito
184,204511,David Soares,UNIÃO,SP,Publicidade,Divulgação Da Atividade Parlamentar.,1,Situação cadastral não ativa: BAIXADA,FOUND,BAIXADA,1,1,1000.00,243741.226243,313657.1515008437,-0.7739,Fornecedor com CNPJ suspeito
530,179587,Major Vitor Hugo,PL,GO,Comunicação,Telefonia,0,Sem indício cadastral crítico,FOUND,ATIVA,2,4,588.41,16840.076000,26049.85234640615,-0.6239,Comportamento esperado
792,167614,Severino Ninho,PSB,PE,Outros,Manutenção De Escritório De Apoio À Atividade Parlamentar,0,Sem indício cadastral crítico,FOUND,ATIVA,2,3,3760.00,90785.734524,140277.34198893898,-0.6204,Comportamento esperado
361,220664,Guilherme Uchoa,PSD,PE,Outros,Manutenção De Escritório De Apoio À Atividade Parlamentar,0,Sem indício cadastral crítico,FOUND,ATIVA,1,11,3616.10,90785.734524,140277.34198893898,-0.6214,Comportamento esperado
554,204506,Marcos Pereira,REPUBLICANOS,SP,Hotéis,"Hospedagem ,exceto Do Parlamentar No Distrito Federal.",1,Erro na consulta pública de CNPJ,ERROR,,1,1,1910.67,10014.789189,11435.329101648113,-0.7087,Fornecedor com CNPJ suspeito
11,160508,Afonso Florence,PT,BA,Alimentação,Fornecimento De Alimentação Do Parlamentar,1,Situação cadastral não ativa: BAIXADA,FOUND,BAIXADA,2,2,98.75,5334.958511,10548.888785765435,-0.4964,Fornecedor com CNPJ suspeito
302,204427,Fernando Rodolfo,PL,PE,Viagens,Passagem Aérea - Reembolso,0,Sem indício cadastral crítico,FOUND,ATIVA,3,4,4386.91,7471.163333,10016.291980131698,-0.3079,Comportamento esperado
602,81055,Márcio Jerry,PCDOB,MA,Alimentação,Fornecimento De Alimentação Do Parlamentar,0,Sem indício cadastral crítico,FOUND,ATIVA,1,1,23.00,1328.951538,1567.1502413768233,-0.8333,Comportamento esperado
85,220698,Beto Preto,PSD,PR,Outros,Serviços Postais,0,Sem indício cadastral crítico,FOUND,ATIVA,1,1,11.10,2362.262000,4411.055170390342,-0.533,Comportamento esperado
516,162332,Luiz Nishimori,PSD,PR,Hotéis,"Hospedagem ,exceto Do Parlamentar No Distrito Federal.",0,Sem indício cadastral crítico,FOUND,ATIVA,1,3,4709.10,18419.328649,34024.43115299299,-0.403,Comportamento esperado
758,178930,Roman,PP,PR,Viagens,Passagem Aérea - Rpa,0,Sem indício cadastral crítico,FOUND,ATIVA,1,3,1944.31,26722.504474,58025.433845182,-0.427,Comportamento esperado
79,220605,Bandeira De Mello,PV,RJ,Outros,Manutenção De Escritório De Apoio À Atividade Parlamentar,1,Erro na consulta pública de CNPJ,ERROR,,1,1,539.88,80988.593819,134414.71100556676,-0.5985,Fornecedor com CNPJ suspeito
159,204370,Célio Moura,PT,TO,Alimentação,Fornecimento De Alimentação Do Parlamentar,1,Situação cadastral não ativa: BAIXADA,FOUND,BAIXADA,2,3,138.46,977.828571,1259.2622814625577,-0.6666,Fornecedor com CNPJ suspeito
278,160640,Eros Biondini,PL,MG,Outros,Manutenção De Escritório De Apoio À Atividade Parlamentar,0,Documento não consultado por não ser CNPJ,NOT_APPLICABLE,,2,11,34883.22,123562.947566,162703.54342443834,-0.545,Comportamento esperado
888,,,,NA,Combustível,Combustíveis E Lubrificantes.,0,Sem indício cadastral crítico,FOUND,ATIVA,1,1,328.09,20989.039000,33381.70257372158,-0.6189,Comportamento esperado
736,213274,Ricardo Silva,PSD,SP,Combustível,Combustíveis E Lubrificantes.,1,Situação cadastral não ativa: BAIXADA,FOUND,BAIXADA,2,2,250.00,42192.750821,64034.19773844777,-0.655,Fornecedor com CNPJ suspeito
293,204398,Felipe Francischini,UNIÃO,PR,Serviços profissionais,"Consultorias, Pesquisas E Trabalhos Técnicos.",0,Sem indício cadastral crítico,FOUND,ATIVA,1,1,36000.00,58752.690645,58141.82428785019,-0.3913,Comportamento esperado
342,74270,Gilberto Nascimento,PODE,SP,Viagens,Passagem Aérea - Rpa,0,Sem indício cadastral crítico,FOUND,ATIVA,1,2,3056.62,24943.515352,36157.13967829913,-0.6053,Comportamento esperado
364,220568,Gustavo Gayer,PL,GO,Outros,Manutenção De Escritório De Apoio À Atividade Parlamentar,0,Documento não consultado por não ser CNPJ,NOT_APPLICABLE,,3,4,21692.12,100447.486545,162486.21407041358,-0.4847,Comportamento esperado
116,178962,Carlos Gomes,REPUBLICANOS,RS,Viagens,Passagem Aérea - Reembolso,0,Sem indício cadastral crítico,FOUND,ATIVA,1,1,3377.30,7846.026333,10735.105702213965,-0.4163,Comportamento esperado
848,74283,Vicentinho,PT,SP,Alimentação,Fornecimento De Alimentação Do Parlamentar,1,Situação cadastral não ativa: BAIXADA,FOUND,BAIXADA,1,1,27.00,3366.001170,5609.697337170304,-0.5952,Fornecedor com CNPJ suspeito
104,204352,Camilo Capiberibe,PSB,AP,Publicidade,Divulgação Da Atividade Parlamentar.,1,Situação cadastral não ativa: INAPTA,FOUND,INAPTA,1,4,15000.00,282209.245429,388109.6753004129,-0.6885,Fornecedor com CNPJ suspeito
562,178956,Mariana Carvalho,REPUBLICANOS,RO,Hotéis,"Hospedagem ,exceto Do Parlamentar No Distrito Federal.",0,Sem indício cadastral crítico,FOUND,ATIVA,2,2,949.43,15598.613913,18502.405565050612,-0.7917,Comportamento esperado
452,204574,Junior Lourenço,PL,MA,Serviços profissionais,"Consultorias, Pesquisas E Trabalhos Técnicos.",0,Sem indício cadastral crítico,FOUND,ATIVA,1,9,135000.00,73247.500000,60193.25778602398,1.0259,Comportamento esperado
252,204500,Eduardo Costa,PSD,PA,Outros,Manutenção De Escritório De Apoio À Atividade Parlamentar,0,Sem indício cadastral crítico,FOUND,ATIVA,2,11,1127.52,42888.542571,70113.4772677672,-0.5956,Comportamento esperado
788,178921,Sebastião Oliveira,AVANTE,PE,Serviços profissionais,"Consultorias, Pesquisas E Trabalhos Técnicos.",0,Sem indício cadastral crítico,FOUND,ATIVA,2,9,81000.00,33394.939474,25891.938420366478,1.8386,Comportamento esperado
60,73696,Angela Amin,PP,SC,Viagens,Passagem Aérea - Reembolso,0,Sem indício cadastral crítico,FOUND,ATIVA,2,2,6482.31,9023.088750,8047.509872572903,-0.3157,Comportamento esperado
319,220681,Fábio Macedo,PODE,MA,Combustível,Combustíveis E Lubrificantes.,0,Sem indício cadastral crítico,FOUND,ATIVA,7,11,2479.50,34895.172615,52384.05405357016,-0.6188,Comportamento esperado
302,204427,Fernando Rodolfo,PRD,PE,Viagens,Passagem Aérea - Reembolso,0,Sem indício cadastral crítico,FOUND,ATIVA,1,1,1223.64,7471.163333,10016.291980131698,-0.6237,Comportamento esperado
666,220685,Paulo Litro,UNIÃO,PR,Publicidade,Assinatura De Publicações,0,Sem indício cadastral crítico,FOUND,ATIVA,1,3,900.00,799.995625,610.7018274408415,0.1638,Comportamento esperado
11,160508,Afonso Florence,PT,BA,Publicidade,Divulgação Da Atividade Parlamentar.,0,Sem indício cadastral crítico,FOUND,ATIVA,2,9,139000.00,317318.910361,328157.1355142384,-0.5434,Comportamento esperado
278,160640,Eros Biondini,PL,MG,Outros,Serviços Postais,0,Sem indício cadastral crítico,FOUND,ATIVA,1,10,753.70,2049.065200,4121.470694655126,-0.3143,Comportamento esperado
45,204356,Amaro Neto,REPUBLICANOS,ES,Locomoção,Locação Ou Fretamento De Veículos Automotores,0,Sem indício cadastral crítico,FOUND,ATIVA,1,2,7000.00,171214.090476,129265.73835992759,-1.2704,Comportamento esperado
203,220705,Deltan Dallagnol,PODE,PR,Publicidade,Assinatura De Publicações,1,Erro na consulta pública de CNPJ,ERROR,,1,1,105.03,799.995625,610.7018274408415,-1.138,Fornecedor com CNPJ suspeito
192,220673,Delegado Caveira,PL,PA,Combustível,Combustíveis E Lubrificantes.,1,Situação cadastral não ativa: SUSPENSA,FOUND,SUSPENSA,1,1,280.00,39488.928400,62234.56368268833,-0.63,Fornecedor com CNPJ suspeito
15,204495,Airton Faleiro,PT,PA,Viagens,Passagem Aérea - Reembolso,0,Sem indício cadastral crítico,FOUND,ATIVA,1,1,3782.18,8897.662500,8393.75284614814,-0.6094,Comportamento esperado
676,215045,Pedro Augusto Palareti,PP,RJ,Outros,Serviços Postais,0,Sem indício cadastral crítico,FOUND,ATIVA,1,2,106.60,243.509167,238.83926913525045,-0.5732,Comportamento esperado
290,66828,Fausto Pinato,PP,SP,Hotéis,"Hospedagem ,exceto Do Parlamentar No Distrito Federal.",1,Situação cadastral não ativa: INAPTA,FOUND,INAPTA,1,4,2602.80,10014.789189,11435.329101648113,-0.6482,Fornecedor com CNPJ suspeito
788,178921,Sebastião Oliveira,AVANTE,PE,Publicidade,Divulgação Da Atividade Parlamentar.,1,Situação cadastral não ativa: BAIXADA,FOUND,BAIXADA,1,2,4000.00,241972.708182,301628.5621101344,-0.789,Fornecedor com CNPJ suspeito
198,220652,Delegado Palumbo,PODE,SP,Viagens,Passagem Aérea - Rpa,0,Sem indício cadastral crítico,FOUND,ATIVA,1,1,3521.85,24943.515352,36157.13967829913,-0.5925,Comportamento esperado
900,,,,NA,Outros,"Serviço De Táxi, Pedágio E Estacionamento",0,Sem indício cadastral crítico,FOUND,ATIVA,2,2,154.28,196.123333,97.9915324573166,-0.427,Comportamento esperado
497,227323,Luciano Galego,PL,MA,Viagens,Passagem Aérea - Reembolso,0,Sem indício cadastral crítico,FOUND,ATIVA,2,3,8456.16,10441.916667,13512.988376850404,-0.147,Comportamento esperado
383,141450,Hugo Leal,PSD,RJ,Comunicação,Telefonia,1,Situação cadastral não ativa: BAIXADA,FOUND,BAIXADA,1,1,207.31,11897.719661,18918.17939394703,-0.6179,Fornecedor com CNPJ suspeito
443,220559,Julia Zanatta,PL,SC,Combustível,Combustíveis E Lubrificantes.,1,Situação cadastral não ativa: BAIXADA,FOUND,BAIXADA,2,2,386.48,63943.250339,85631.6159933909,-0.7422,Fornecedor com CNPJ suspeito
740,160653,Roberto De Lucena,REPUBLICANOS,SP,Outros,Manutenção De Escritório De Apoio À Atividade Parlamentar,1,Situação cadastral não ativa: INAPTA,FOUND,INAPTA,1,3,2400.00,98538.487659,143509.98800071477,-0.6699,Fornecedor com CNPJ suspeito
404,74273,Jefferson Campos,PL,SP,Publicidade,Divulgação Da Atividade Parlamentar.,1,Situação cadastral não ativa: INAPTA,FOUND,INAPTA,1,5,25000.00,243741.226243,313657.1515008437,-0.6974,Fornecedor com CNPJ suspeito
470,220600,Lebrão,UNIÃO,RO,Viagens,Passagem Aérea - Reembolso,0,Sem indício cadastral crítico,FOUND,ATIVA,2,2,4724.78,7101.265556,5024.360135719054,-0.473,Comportamento esperado
686,178844,Pedro Vilela,PSDB,AL,Combustível,Combustíveis E Lubrificantes.,1,Situação cadastral não ativa: BAIXADA,FOUND,BAIXADA,1,1,517.23,41184.340741,54405.12179897842,-0.7475,Fornecedor com CNPJ suspeito
670,133968,Paulo Ramos,PDT,RJ,Comunicação,Telefonia,0,Sem indício cadastral crítico,FOUND,ATIVA,3,12,1148.43,11897.719661,18918.17939394703,-0.5682,Comportamento esperado
135,204476,Chiquinho Brazão,UNIÃO,RJ,Outros,Manutenção De Escritório De Apoio À Atividade Parlamentar,0,Sem indício cadastral crítico,FOUND,ATIVA,1,2,642.00,80988.593819,134414.71100556676,-0.5978,Comportamento esperado
815,178922,Tadeu Alencar,PSB,PE,Viagens,Passagem Aérea - Reembolso,0,Sem indício cadastral crítico,FOUND,ATIVA,4,16,17555.45,7471.163333,10016.291980131698,1.0068,Comportamento esperado
215,160758,Domingos Sávio,PL,MG,Viagens,Passagem Aérea - Rpa,0,Sem indício cadastral crítico,FOUND,ATIVA,1,4,2088.64,40253.940526,63478.97879162227,-0.6012,Comportamento esperado
145,204376,Coronel Armando,PP,SC,Outros,Manutenção De Escritório De Apoio À Atividade Parlamentar,0,Documento não consultado por não ser CNPJ,NOT_APPLICABLE,,1,4,27866.66,70964.571200,106769.4367602354,-0.4037,Comportamento esperado
885,,,,NA,Serviços profissionais,"Consultorias, Pesquisas E Trabalhos Técnicos.",1,Situação cadastral não ativa: BAIXADA,FOUND,BAIXADA,1,1,28500.00,12966.386667,11624.099921008938,1.3363,Fornecedor com CNPJ suspeito
702,220580,Professora Goreth,PDT,AP,Combustível,Combustíveis E Lubrificantes.,1,Situação cadastral não ativa: BAIXADA,FOUND,BAIXADA,2,2,200.00,24571.047667,39205.554475113444,-0.6216,Fornecedor com CNPJ suspeito
427,141470,José Guimarães,PT,CE,Publicidade,Divulgação Da Atividade Parlamentar.,1,Situação cadastral não ativa: BAIXADA,FOUND,BAIXADA,3,6,12936.10,263931.285395,366906.3702021798,-0.6841,Fornecedor com CNPJ suspeito
749,141531,Rodrigo De Castro,UNIÃO,MG,Outros,Serviços Postais,0,Sem indício cadastral crítico,FOUND,ATIVA,1,2,401.45,2049.065200,4121.470694655126,-0.3998,Comportamento esperado
122,164360,Carmen Zanotto,CIDADANIA,SC,Comunicação,Telefonia,0,Sem indício cadastral crítico,FOUND,ATIVA,1,17,5630.04,7776.667391,7284.093764458291,-0.2947,Comportamento esperado
657,220650,Paulo Alexandre Barbosa,PSDB,SP,Combustível,Combustíveis E Lubrificantes.,1,Situação cadastral não ativa: BAIXADA,FOUND,BAIXADA,1,1,228.42,42192.750821,64034.19773844777,-0.6553,Fornecedor com CNPJ suspeito
113,204507,Carla Zambelli,PL,SP,Combustível,Combustíveis E Lubrificantes.,1,Situação cadastral não ativa: INAPTA,FOUND,INAPTA,1,1,50.00,42192.750821,64034.19773844777,-0.6581,Fornecedor com CNPJ suspeito
7,204560,Adolfo Viana,PSDB,BA,Outros,Manutenção De Escritório De Apoio À Atividade Parlamentar,0,Documento não consultado por não ser CNPJ,NOT_APPLICABLE,,1,1,8036.00,98257.521290,134321.8726415135,-0.6717,Comportamento esperado
458,204497,Júnior Ferrari,PSD,PA,Combustível,Combustíveis E Lubrificantes.,1,Situação cadastral não ativa: SUSPENSA,FOUND,SUSPENSA,1,1,200.00,39488.928400,62234.56368268833,-0.6313,Fornecedor com CNPJ suspeito
2,204521,Abou Anni,UNIÃO,SP,Alimentação,Fornecimento De Alimentação Do Parlamentar,1,Situação cadastral não ativa: BAIXADA,FOUND,BAIXADA,4,4,123.19,3366.001170,5609.697337170304,-0.5781,Fornecedor com CNPJ suspeito
324,160666,Félix Mendonça Júnior,PDT,BA,Viagens,Passagem Aérea - Reembolso,0,Sem indício cadastral crítico,FOUND,ATIVA,2,3,8736.91,6722.195000,9392.208684505544,0.2145,Comportamento esperado
458,204497,Júnior Ferrari,PSD,PA,Combustível,Combustíveis E Lubrificantes.,1,Situação cadastral não ativa: BAIXADA,FOUND,BAIXADA,2,2,400.08,39488.928400,62234.56368268833,-0.6281,Fornecedor com CNPJ suspeito
185,220659,Dayany Bittencourt,UNIÃO,CE,Outros,Serviços Postais,0,Sem indício cadastral crítico,FOUND,ATIVA,1,1,256.70,3829.738750,9609.91874267183,-0.3718,Comportamento esperado
529,204458,Major Fabiana,PL,RJ,Outros,Manutenção De Escritório De Apoio À Atividade Parlamentar,0,Documento não consultado por não ser CNPJ,NOT_APPLICABLE,,1,9,14691.85,80988.593819,134414.71100556676,-0.4932,Comportamento esperado
629,74159,Odair Cunha,PT,MG,Outros,"Serviço De Táxi, Pedágio E Estacionamento",1,Erro na consulta pública de CNPJ,ERROR,,1,2,58.93,5572.245385,10370.293242628488,-0.5316,Fornecedor com CNPJ suspeito
630,204498,Olival Marques,PODE,PA,Combustível,Combustíveis E Lubrificantes.,0,Sem indício cadastral crítico,FOUND,ATIVA,8,8,2536.42,39488.928400,62234.56368268833,-0.5938,Comportamento esperado
809,177282,Subtenente Gonzaga,PSD,MG,Publicidade,Divulgação Da Atividade Parlamentar.,1,Situação cadastral não ativa: BAIXADA,FOUND,BAIXADA,1,3,6600.00,194891.353020,276881.75990132586,-0.68,Fornecedor com CNPJ suspeito
142,141408,Cleber Verde,REPUBLICANOS,MA,Outros,Manutenção De Escritório De Apoio À Atividade Parlamentar,0,Documento não consultado por não ser CNPJ,NOT_APPLICABLE,,1,13,52000.00,64195.130784,109861.24089764054,-0.111,Comportamento esperado
130,204504,Cezinha De Madureira,PSD,SP,Comunicação,Telefonia,0,Sem indício cadastral crítico,FOUND,ATIVA,1,14,13602.66,19889.940211,25751.500071775903,-0.2442,Comportamento esperado
654,141518,Paulinho Da Força,SOLIDARIEDADE,SP,Viagens,Passagem Aérea - Reembolso,0,Sem indício cadastral crítico,FOUND,ATIVA,1,1,1385.39,9758.571000,11443.414965885137,-0.7317,Comportamento esperado
531,204471,Mara Rocha,MDB,AC,Viagens,Passagem Aérea - Rpa,0,Sem indício cadastral crítico,FOUND,ATIVA,2,2,4517.60,17368.935000,20856.5816470984,-0.6162,Comportamento esperado
293,204398,Felipe Francischini,UNIÃO,PR,Publicidade,Divulgação Da Atividade Parlamentar.,0,Sem indício cadastral crítico,FOUND,ATIVA,1,1,35030.00,263664.052022,329972.5348930845,-0.6929,Comportamento esperado
479,74299,Leônidas Cristino,PDT,CE,Outros,Serviços Postais,0,Sem indício cadastral crítico,FOUND,ATIVA,1,2,201.60,3829.738750,9609.91874267183,-0.3775,Comportamento esperado
439,141459,João Maia,PP,RN,Publicidade,Divulgação Da Atividade Parlamentar.,1,Situação cadastral não ativa: BAIXADA,FOUND,BAIXADA,2,2,5000.00,246483.533462,299233.5953313259,-0.807,Fornecedor com CNPJ suspeito
566,220655,Mario Frias,PL,SP,Combustível,Combustíveis E Lubrificantes.,1,Situação cadastral não ativa: BAIXADA,FOUND,BAIXADA,2,2,377.00,42192.750821,64034.19773844777,-0.653,Fornecedor com CNPJ suspeito
568,204566,Marreca Filho,PATRIOTA,MA,Hotéis,"Hospedagem ,exceto Do Parlamentar No Distrito Federal.",0,Sem indício cadastral crítico,FOUND,ATIVA,2,2,1193.32,16546.215714,24945.906621691578,-0.6154,Comportamento esperado
399,220527,Jack Rocha,PT,ES,Publicidade,Divulgação Da Atividade Parlamentar.,1,Situação cadastral não ativa: BAIXADA,FOUND,BAIXADA,1,1,11364.00,254942.876552,301625.34822291706,-0.8076,Fornecedor com CNPJ suspeito
523,204359,Léo Moraes,PODE,RO,Comunicação,Telefonia,0,Sem indício cadastral crítico,FOUND,ATIVA,1,11,1700.95,15683.564000,17340.40119270922,-0.8064,Comportamento esperado
322,220653,Fábio Teruel,MDB,SP,Outros,Manutenção De Escritório De Apoio À Atividade Parlamentar,1,Situação cadastral não ativa: BAIXADA,FOUND,BAIXADA,1,2,762.71,98538.487659,143509.98800071477,-0.6813,Fornecedor com CNPJ suspeito
359,204531,Guilherme Derrite,PL,SP,Combustível,Combustíveis E Lubrificantes.,1,Situação cadastral não ativa: BAIXADA,FOUND,BAIXADA,2,3,630.36,42192.750821,64034.19773844777,-0.6491,Fornecedor com CNPJ suspeito
625,227660,Nitinho,PSD,SE,Viagens,Passagem Aérea - Reembolso,0,Sem indício cadastral crítico,FOUND,ATIVA,2,4,10867.46,9040.411000,11259.006637678962,0.1623,Comportamento esperado
444,204420,Julian Lemos,UNIÃO,PB,Viagens,Passagem Aérea - Rpa,0,Sem indício cadastral crítico,FOUND,ATIVA,1,1,66.57,6222.055333,8497.227830281614,-0.7244,Comportamento esperado
843,234673,Vanderlan Alves,SOLIDARIEDADE,CE,Alimentação,Fornecimento De Alimentação Do Parlamentar,0,Sem indício cadastral crítico,FOUND,ATIVA,2,2,194.60,4778.337742,9185.089924635726,-0.499,Comportamento esperado
774,73604,Rui Falcão,PT,SP,Combustível,Combustíveis E Lubrificantes.,1,Situação cadastral não ativa: BAIXADA,FOUND,BAIXADA,1,1,73.20,42192.750821,64034.19773844777,-0.6578,Fornecedor com CNPJ suspeito
8,204528,Adriana Ventura,NOVO,SP,Locomoção,Locação Ou Fretamento De Veículos Automotores,0,Sem indício cadastral crítico,FOUND,ATIVA,1,1,321.96,147254.510948,139673.23431152088,-1.052,Comportamento esperado
449,74253,Julio Lopes,PP,RJ,Serviços profissionais,"Consultorias, Pesquisas E Trabalhos Técnicos.",0,Sem indício cadastral crítico,FOUND,ATIVA,1,1,10000.00,51555.638000,51954.41216850247,-0.7998,Comportamento esperado
867,74439,Wolney Queiroz,PDT,PE,Publicidade,Divulgação Da Atividade Parlamentar.,1,Situação cadastral não ativa: BAIXADA,FOUND,BAIXADA,1,4,800.00,241972.708182,301628.5621101344,-0.7996,Fornecedor com CNPJ suspeito
376,227324,Henrique Júnior,PL,MA,Publicidade,Divulgação Da Atividade Parlamentar.,0,Sem indício cadastral crítico,FOUND,ATIVA,1,1,13000.00,299945.123175,386285.4495039867,-0.7428,Comportamento esperado
846,204505,Vavá Martins,REPUBLICANOS,PA,Outros,Manutenção De Escritório De Apoio À Atividade Parlamentar,0,Documento não consultado por não ser CNPJ,NOT_APPLICABLE,,1,10,27000.00,42888.542571,70113.4772677672,-0.2266,Comportamento esperado
601,220687,Márcio Honaiser,SOLIDARIEDADE,MA,Combustível,Combustíveis E Lubrificantes.,1,Situação cadastral não ativa: SUSPENSA,FOUND,SUSPENSA,1,2,300.00,34895.172615,52384.05405357016,-0.6604,Fornecedor com CNPJ suspeito
858,91228,Waldemar Oliveira,AVANTE,PE,Viagens,Passagem Aérea - Reembolso,0,Sem indício cadastral crítico,FOUND,ATIVA,2,2,3903.24,7471.163333,10016.291980131698,-0.3562,Comportamento esperado
586,220530,Messias Donato,UNIÃO,ES,Alimentação,Fornecimento De Alimentação Do Parlamentar,0,Sem indício cadastral crítico,FOUND,ATIVA,1,1,78.73,117.735000,55.161400000362576,-0.7071,Comportamento esperado
601,220687,Márcio Honaiser,SOLIDARIEDADE,MA,Alimentação,Fornecimento De Alimentação Do Parlamentar,0,Sem indício cadastral crítico,FOUND,ATIVA,2,4,345.17,1328.951538,1567.1502413768233,-0.6278,Comportamento esperado
533,156190,Marcel Van Hattem,NOVO,RS,Publicidade,Assinatura De Publicações,1,Erro na consulta pública de CNPJ,ERROR,,1,3,1083.39,4387.790000,5356.19612339018,-0.6169,Fornecedor com CNPJ suspeito
456,73586,Júlio Delgado,PV,MG,Locomoção,Locação Ou Fretamento De Veículos Automotores,1,Situação cadastral não ativa: INAPTA,FOUND,INAPTA,1,5,32500.00,199358.988889,190617.58878325575,-0.8754,Fornecedor com CNPJ suspeito
879,220558,Zé Trovão,PL,SC,Publicidade,Divulgação Da Atividade Parlamentar.,1,Situação cadastral não ativa: BAIXADA,FOUND,BAIXADA,1,2,15000.00,148561.773265,217765.15459275612,-0.6133,Fornecedor com CNPJ suspeito
196,220701,Delegado Matheus Laiola,UNIÃO,PR,Publicidade,Divulgação Da Atividade Parlamentar.,1,Situação cadastral não ativa: BAIXADA,FOUND,BAIXADA,1,2,12000.00,263664.052022,329972.5348930845,-0.7627,Fornecedor com CNPJ suspeito
83,141335,Beto Faro,PT,PA,Combustível,Combustíveis E Lubrificantes.,0,Sem indício cadastral crítico,FOUND,ATIVA,1,1,6000.00,39488.928400,62234.56368268833,-0.5381,Comportamento esperado
836,178863,Uldurico Junior,MDB,BA,Serviços profissionais,"Consultorias, Pesquisas E Trabalhos Técnicos.",0,Sem indício cadastral crítico,FOUND,ATIVA,1,3,120000.00,64386.903226,47821.13506693795,1.1629,Comportamento esperado
69,141391,Arnaldo Jardim,CIDADANIA,SP,Hotéis,"Hospedagem ,exceto Do Parlamentar No Distrito Federal.",1,Situação cadastral não ativa: BAIXADA,FOUND,BAIXADA,1,2,540.80,10014.789189,11435.329101648113,-0.8285,Fornecedor com CNPJ suspeito
496,178931,Luciano Ducci,PSB,PR,Viagens,Passagem Aérea - Reembolso,0,Sem indício cadastral crítico,FOUND,ATIVA,3,4,9354.92,17801.644063,39455.64199846602,-0.2141,Comportamento esperado
435,141458,João Carlos Bacelar,PL,BA,Viagens,Passagem Aérea - Reembolso,0,Sem indício cadastral crítico,FOUND,ATIVA,1,2,3170.09,6722.195000,9392.208684505544,-0.3782,Comportamento esperado
123,220704,Carol Dartora,PT,PR,Combustível,Combustíveis E Lubrificantes.,1,Situação cadastral não ativa: BAIXADA,FOUND,BAIXADA,1,1,30.00,57944.345500,82353.4495793919,-0.7032,Fornecedor com CNPJ suspeito
71,160541,Arthur Lira,PP,AL,Combustível,Combustíveis E Lubrificantes.,1,Situação cadastral não ativa: BAIXADA,FOUND,BAIXADA,2,4,900.00,41184.340741,54405.12179897842,-0.7405,Fornecedor com CNPJ suspeito
691,204529,Policial Katia Sastre,PL,SP,Combustível,Combustíveis E Lubrificantes.,1,Situação cadastral não ativa: BAIXADA,FOUND,BAIXADA,1,3,548.30,42192.750821,64034.19773844777,-0.6503,Fornecedor com CNPJ suspeito
283,234388,Fabiano Cazeca,PRD,MG,Locomoção,Locação Ou Fretamento De Veículos Automotores,0,Sem indício cadastral crítico,FOUND,ATIVA,1,4,48000.00,199358.988889,190617.58878325575,-0.794,Comportamento esperado
314,204494,Fred Costa,PRD,MG,Viagens,Passagem Aérea - Rpa,0,Sem indício cadastral crítico,FOUND,ATIVA,1,2,2027.37,40253.940526,63478.97879162227,-0.6022,Comportamento esperado
767,73806,Roseana Sarney,MDB,MA,Viagens,Passagem Aérea - Reembolso,0,Sem indício cadastral crítico,FOUND,ATIVA,1,2,5586.92,10441.916667,13512.988376850404,-0.3593,Comportamento esperado
418,178857,Jorge Solla,PT,BA,Outros,"Passagens Terrestres, Marítimas Ou Fluviais",1,Situação cadastral não ativa: BAIXADA,FOUND,BAIXADA,1,1,143.10,3634.349545,9001.916528866017,-0.3878,Fornecedor com CNPJ suspeito
180,62881,Danilo Forte,UNIÃO,CE,Alimentação,Fornecimento De Alimentação Do Parlamentar,1,Situação cadastral não ativa: BAIXADA,FOUND,BAIXADA,2,2,116.69,4778.337742,9185.089924635726,-0.5075,Fornecedor com CNPJ suspeito
20,220538,Albuquerque,REPUBLICANOS,RR,Combustível,Combustíveis E Lubrificantes.,1,Situação cadastral não ativa: BAIXADA,FOUND,BAIXADA,1,1,204.12,70971.916364,102686.34049821323,-0.6892,Fornecedor com CNPJ suspeito
413,160548,Jonas Donizette,PSB,SP,Alimentação,Fornecimento De Alimentação Do Parlamentar,1,Erro na consulta pública de CNPJ,ERROR,,1,1,419.48,3366.001170,5609.697337170304,-0.5253,Fornecedor com CNPJ suspeito
137,178928,Christiane De Souza Yared,PP,PR,Publicidade,Divulgação Da Atividade Parlamentar.,0,Sem indício cadastral crítico,FOUND,ATIVA,3,10,155000.00,263664.052022,329972.5348930845,-0.3293,Comportamento esperado
192,220673,Delegado Caveira,PL,PA,Publicidade,Divulgação Da Atividade Parlamentar.,1,Situação cadastral não ativa: BAIXADA,FOUND,BAIXADA,1,2,51000.00,319971.475333,323849.5425991789,-0.8305,Fornecedor com CNPJ suspeito
871,160592,Zeca Dirceu,PT,PR,Viagens,Passagem Aérea - Rpa,0,Sem indício cadastral crítico,FOUND,ATIVA,1,2,1779.84,26722.504474,58025.433845182,-0.4299,Comportamento esperado
8,204528,Adriana Ventura,NOVO,SP,Publicidade,Divulgação Da Atividade Parlamentar.,1,Erro na consulta pública de CNPJ,ERROR,,1,2,901.52,243741.226243,313657.1515008437,-0.7742,Fornecedor com CNPJ suspeito
133,74171,Chico Alencar,PSOL,RJ,Combustível,Combustíveis E Lubrificantes.,1,Situação cadastral não ativa: BAIXADA,FOUND,BAIXADA,1,1,175.69,44023.319398,62812.667137756165,-0.6981,Fornecedor com CNPJ suspeito
664,204492,Paulo Guedes,PT,MG,Alimentação,Fornecimento De Alimentação Do Parlamentar,0,Sem indício cadastral crítico,FOUND,ATIVA,2,7,554.71,3421.773553,6721.942950865462,-0.4265,Comportamento esperado
569,220572,Marussa Boldrin,REPUBLICANOS,GO,Alimentação,Fornecimento De Alimentação Do Parlamentar,1,Situação cadastral não ativa: BAIXADA,FOUND,BAIXADA,1,2,124.00,3293.239000,7032.529544734017,-0.4507,Fornecedor com CNPJ suspeito
20,220538,Albuquerque,REPUBLICANOS,RR,Alimentação,Fornecimento De Alimentação Do Parlamentar,1,Situação cadastral não ativa: BAIXADA,FOUND,BAIXADA,1,1,49.90,1122.687500,1895.5969672792617,-0.5659,Fornecedor com CNPJ suspeito
797,204360,Silvia Cristina,PP,RO,Outros,Manutenção De Escritório De Apoio À Atividade Parlamentar,1,Situação cadastral não ativa: BAIXADA,FOUND,BAIXADA,2,4,795.50,40149.183103,63678.43736701476,-0.618,Fornecedor com CNPJ suspeito
350,152605,Glauber Braga,PSOL,RJ,Outros,Manutenção De Escritório De Apoio À Atividade Parlamentar,1,Situação cadastral não ativa: BAIXADA,FOUND,BAIXADA,1,3,380.95,80988.593819,134414.71100556676,-0.5997,Fornecedor com CNPJ suspeito
122,164360,Carmen Zanotto,CIDADANIA,SC,Outros,Manutenção De Escritório De Apoio À Atividade Parlamentar,1,Erro na consulta pública de CNPJ,ERROR,,1,1,84.11,70964.571200,106769.4367602354,-0.6639,Fornecedor com CNPJ suspeito
394,204436,Isnaldo Bulhões Jr.,MDB,AL,Serviços profissionais,"Consultorias, Pesquisas E Trabalhos Técnicos.",0,Sem indício cadastral crítico,FOUND,ATIVA,1,1,20000.00,120762.828571,125631.35489202412,-0.8021,Comportamento esperado
137,178928,Christiane De Souza Yared,PP,PR,Viagens,Passagem Aérea - Rpa,0,Sem indício cadastral crítico,FOUND,ATIVA,1,4,8087.40,26722.504474,58025.433845182,-0.3212,Comportamento esperado
93,160538,Bohn Gass,PT,RS,Alimentação,Fornecimento De Alimentação Do Parlamentar,1,Erro na consulta pública de CNPJ,ERROR,,1,5,558.98,7368.085075,13657.337051272762,-0.4986,Fornecedor com CNPJ suspeito
529,204458,Major Fabiana,PL,RJ,Outros,"Serviço De Táxi, Pedágio E Estacionamento",0,Sem indício cadastral crítico,FOUND,ATIVA,4,6,297.08,8455.730411,14321.838989715481,-0.5697,Comportamento esperado
659,204538,Paulo Bengtson,PTB,PA,Locomoção,Locação Ou Fretamento De Veículos Automotores,0,Sem indício cadastral crítico,FOUND,ATIVA,1,11,109890.00,121907.551481,147158.0353457022,-0.0817,Comportamento esperado
192,220673,Delegado Caveira,PL,PA,Viagens,Passagem Aérea - Rpa,0,Sem indício cadastral crítico,FOUND,ATIVA,1,1,2493.85,40638.794706,54559.71826891466,-0.6991,Comportamento esperado
59,204515,André Janones,AVANTE,MG,Outros,Manutenção De Escritório De Apoio À Atividade Parlamentar,0,Sem indício cadastral crítico,FOUND,ATIVA,1,1,560.00,123562.947566,162703.54342443834,-0.756,Comportamento esperado
499,178954,Lucio Mosquini,MDB,RO,Locomoção,Locação Ou Fretamento De Veículos Automotores,0,Sem indício cadastral crítico,FOUND,ATIVA,1,12,60800.00,233590.273571,213347.19250523738,-0.8099,Comportamento esperado
302,204427,Fernando Rodolfo,PRD,PE,Outros,Manutenção De Escritório De Apoio À Atividade Parlamentar,0,Documento não consultado por não ser CNPJ,NOT_APPLICABLE,,1,14,144839.50,90785.734524,140277.34198893898,0.3853,Comportamento esperado
489,220662,Lucas Ramos,PSB,PE,Viagens,Passagem Aérea - Reembolso,0,Sem indício cadastral crítico,FOUND,ATIVA,1,1,1670.17,7471.163333,10016.291980131698,-0.5792,Comportamento esperado
691,204529,Policial Katia Sastre,PL,SP,Alimentação,Fornecimento De Alimentação Do Parlamentar,1,Situação cadastral não ativa: BAIXADA,FOUND,BAIXADA,9,12,497.95,3366.001170,5609.697337170304,-0.5113,Fornecedor com CNPJ suspeito
196,220701,Delegado Matheus Laiola,UNIÃO,PR,Combustível,Combustíveis E Lubrificantes.,1,CNPJ não encontrado na API pública,NOT_FOUND,,1,1,200.00,57944.345500,82353.4495793919,-0.7012,Fornecedor com CNPJ suspeito
8,204528,Adriana Ventura,NOVO,SP,Outros,"Passagens Terrestres, Marítimas Ou Fluviais",0,Sem indício cadastral crítico,FOUND,ATIVA,1,4,341.08,996.486667,1138.3419633085512,-0.5758,Comportamento esperado
80,220612,Bebeto,PP,RJ,Hotéis,"Hospedagem ,exceto Do Parlamentar No Distrito Federal.",1,Erro na consulta pública de CNPJ,ERROR,,1,4,4753.90,13016.628636,21468.959145470457,-0.3849,Fornecedor com CNPJ suspeito
504,204410,Luisa Canziani,UNIÃO,PR,Viagens,Passagem Aérea - Rpa,0,Sem indício cadastral crítico,FOUND,ATIVA,1,3,4754.72,26722.504474,58025.433845182,-0.3786,Comportamento esperado
767,73806,Roseana Sarney,MDB,MA,Combustível,Combustíveis E Lubrificantes.,1,Situação cadastral não ativa: BAIXADA,FOUND,BAIXADA,1,1,90.00,34895.172615,52384.05405357016,-0.6644,Fornecedor com CNPJ suspeito
338,204394,Gervásio Maia,PCDOB,PB,Hotéis,"Hospedagem ,exceto Do Parlamentar No Distrito Federal.",1,Situação cadastral não ativa: BAIXADA,FOUND,BAIXADA,1,2,270.00,9643.162222,20671.000404330745,-0.4534,Fornecedor com CNPJ suspeito
629,74159,Odair Cunha,PT,MG,Alimentação,Fornecimento De Alimentação Do Parlamentar,1,Erro na consulta pública de CNPJ,ERROR,,1,1,223.60,3421.773553,6721.942950865462,-0.4758,Fornecedor com CNPJ suspeito
724,73801,Renildo Calheiros,PCDOB,PE,Viagens,Passagem Aérea - Reembolso,0,Sem indício cadastral crítico,FOUND,ATIVA,1,1,55.00,7471.163333,10016.291980131698,-0.7404,Comportamento esperado
297,204407,Fernanda Melchionna,PSOL,RS,Outros,Serviço De Segurança Prestado Por Empresa Especializada.,0,Sem indício cadastral crítico,FOUND,ATIVA,1,2,476.00,50994.120000,102899.62785238729,-0.4909,Comportamento esperado
307,220700,Florentino Neto,PT,PI,Hotéis,"Hospedagem ,exceto Do Parlamentar No Distrito Federal.",0,Sem indício cadastral crítico,FOUND,ATIVA,1,1,688.80,7549.470769,12134.625273294365,-0.5654,Comportamento esperado
15,204495,Airton Faleiro,PT,PA,Outros,"Serviço De Táxi, Pedágio E Estacionamento",0,Sem indício cadastral crítico,FOUND,ATIVA,1,1,64.11,357.850000,369.23795491525516,-0.7955,Comportamento esperado
292,72442,Felipe Carreras,PSB,PE,Publicidade,Assinatura De Publicações,0,Sem indício cadastral crítico,FOUND,ATIVA,2,3,289.50,1262.036000,1247.3031245157156,-0.7797,Comportamento esperado
182,116379,Darci De Matos,PSD,SC,Locomoção,Locação Ou Fretamento De Veículos Automotores,1,Situação cadastral não ativa: BAIXADA,FOUND,BAIXADA,1,2,6658.00,154711.621212,151032.92349497412,-0.9803,Fornecedor com CNPJ suspeito
391,235620,Ilacir Bicalho,REPUBLICANOS,MG,Outros,"Serviço De Táxi, Pedágio E Estacionamento",0,Sem indício cadastral crítico,FOUND,ATIVA,1,1,120.00,5572.245385,10370.293242628488,-0.5258,Comportamento esperado
120,204426,Carlos Veras,PT,PE,Publicidade,Divulgação Da Atividade Parlamentar.,1,Situação cadastral não ativa: INAPTA,FOUND,INAPTA,1,5,121750.00,241972.708182,301628.5621101344,-0.3986,Fornecedor com CNPJ suspeito
764,178945,Rosangela Gomes,REPUBLICANOS,RJ,Hotéis,"Hospedagem ,exceto Do Parlamentar No Distrito Federal.",0,Sem indício cadastral crítico,FOUND,ATIVA,2,3,1101.06,13016.628636,21468.959145470457,-0.555,Comportamento esperado
842,74376,Vander Loubet,PT,MS,Hotéis,"Hospedagem ,exceto Do Parlamentar No Distrito Federal.",1,Erro na consulta pública de CNPJ,ERROR,,1,3,6250.79,14950.264286,18538.468264889183,-0.4693,Fornecedor com CNPJ suspeito
130,204504,Cezinha De Madureira,PL,SP,Outros,"Serviço De Táxi, Pedágio E Estacionamento",0,Sem indício cadastral crítico,FOUND,ATIVA,1,1,49.99,11967.060840,16796.655097373645,-0.7095,Comportamento esperado
680,229112,Pedro Jr,PL,TO,Locomoção,Locação Ou Fretamento De Veículos Automotores,0,Sem indício cadastral crítico,FOUND,ATIVA,1,4,44818.64,117209.676500,159137.4356385456,-0.4549,Comportamento esperado
26,204571,Alex Santana,REPUBLICANOS,BA,Viagens,Passagem Aérea - Rpa,0,Sem indício cadastral crítico,FOUND,ATIVA,1,6,4011.90,31763.658913,54219.86604798766,-0.5118,Comportamento esperado
250,204541,Eduardo Bismarck,PDT,CE,Serviços profissionais,"Consultorias, Pesquisas E Trabalhos Técnicos.",0,Sem indício cadastral crítico,FOUND,ATIVA,1,1,6000.00,67459.660000,60466.2251856053,-1.0164,Comportamento esperado
333,204527,Geninho Zuliani,UNIÃO,SP,Combustível,Combustíveis E Lubrificantes.,1,Situação cadastral não ativa: BAIXADA,FOUND,BAIXADA,1,1,209.13,42192.750821,64034.19773844777,-0.6556,Fornecedor com CNPJ suspeito
390,204508,Igor Timo,UNIÃO,MG,Outros,Serviços Postais,0,Sem indício cadastral crítico,FOUND,ATIVA,1,1,178.80,2049.065200,4121.470694655126,-0.4538,Comportamento esperado
675,90201,Pedro Augusto Bezerra,PDT,CE,Outros,"Passagens Terrestres, Marítimas Ou Fluviais",0,Sem indício cadastral crítico,FOUND,ATIVA,1,6,899.05,650.370000,366.5434839142553,0.6784,Comportamento esperado
97,160589,Bruna Furlan,PSDB,SP,Locomoção,Locação Ou Fretamento De Veículos Automotores,0,Sem indício cadastral crítico,FOUND,ATIVA,1,8,31875.00,147254.510948,139673.23431152088,-0.8261,Comportamento esperado
505,204448,Luiz Antonio Corrêa,PP,RJ,Publicidade,Divulgação Da Atividade Parlamentar.,1,Situação cadastral não ativa: BAIXADA,FOUND,BAIXADA,1,1,15000.00,226781.355120,259582.44863584734,-0.8159,Fornecedor com CNPJ suspeito
671,141488,Paulo Teixeira,PT,SP,Hotéis,"Hospedagem ,exceto Do Parlamentar No Distrito Federal.",0,Sem indício cadastral crítico,FOUND,ATIVA,7,8,2179.51,10014.789189,11435.329101648113,-0.6852,Comportamento esperado
18,73579,Alberto Fraga,PL,DF,Viagens,Passagem Aérea - Reembolso,0,Sem indício cadastral crítico,FOUND,ATIVA,1,1,2883.41,6465.514000,2287.387207171099,-1.566,Comportamento esperado
614,204415,Nereu Crispim,PSD,RS,Hotéis,"Hospedagem ,exceto Do Parlamentar No Distrito Federal.",1,Situação cadastral não ativa: BAIXADA,FOUND,BAIXADA,1,1,299.00,21826.986437,35658.661568585754,-0.6037,Fornecedor com CNPJ suspeito
139,178939,Clarissa Garotinho,UNIÃO,RJ,Outros,"Serviço De Táxi, Pedágio E Estacionamento",1,Situação cadastral não ativa: BAIXADA,FOUND,BAIXADA,1,1,50.00,8455.730411,14321.838989715481,-0.5869,Fornecedor com CNPJ suspeito
327,74200,Gastão Vieira,PROS,MA,Viagens,Passagem Aérea - Sigepa,,,,,0,10,18395.92,132207.227045,122458.5508602934,-0.9294,Comportamento esperado
480,74585,Lincoln Portela,PL,MG,Outros,Manutenção De Escritório De Apoio À Atividade Parlamentar,1,Situação cadastral não ativa: BAIXADA,FOUND,BAIXADA,2,3,231.82,123562.947566,162703.54342443834,-0.758,Fornecedor com CNPJ suspeito
378,204539,Hercílio Coelho Diniz,MDB,MG,Combustível,Combustíveis E Lubrificantes.,1,Situação cadastral não ativa: BAIXADA,FOUND,BAIXADA,1,1,203.10,65306.104375,92314.0005265802,-0.7052,Fornecedor com CNPJ suspeito
148,220595,Coronel Fernanda,PL,MT,Alimentação,Fornecimento De Alimentação Do Parlamentar,1,Situação cadastral não ativa: BAIXADA,FOUND,BAIXADA,2,2,239.80,2273.261250,4466.178507118996,-0.4553,Fornecedor com CNPJ suspeito
246,204562,Edilázio Júnior,PSD,MA,Publicidade,Divulgação Da Atividade Parlamentar.,1,Situação cadastral não ativa: BAIXADA,FOUND,BAIXADA,1,1,1800.00,299945.123175,386285.4495039867,-0.7718,Fornecedor com CNPJ suspeito
857,215044,Vivi Reis,PSOL,PA,Outros,"Passagens Terrestres, Marítimas Ou Fluviais",1,Situação cadastral não ativa: SUSPENSA,FOUND,SUSPENSA,1,1,745.65,1078.217500,1379.000592418896,-0.2412,Fornecedor com CNPJ suspeito
12,136811,Afonso Hamm,PP,RS,Hotéis,"Hospedagem ,exceto Do Parlamentar No Distrito Federal.",1,Situação cadastral não ativa: INAPTA,FOUND,INAPTA,1,3,390.00,21826.986437,35658.661568585754,-0.6012,Fornecedor com CNPJ suspeito
246,204562,Edilázio Júnior,PSD,MA,Outros,Manutenção De Escritório De Apoio À Atividade Parlamentar,0,Sem indício cadastral crítico,FOUND,ATIVA,3,4,1557.60,64195.130784,109861.24089764054,-0.5702,Comportamento esperado
76,74646,Aécio Neves,PSDB,MG,Outros,"Passagens Terrestres, Marítimas Ou Fluviais",0,Sem indício cadastral crítico,FOUND,ATIVA,5,8,1879.14,3858.240000,6358.142634643256,-0.3113,Comportamento esperado
231,204351,Dr. Luiz Ovando,PP,MS,Outros,Aquisição De Tokens E Certificados Digitais,0,Sem indício cadastral crítico,FOUND,ATIVA,1,1,170.00,170.000000,,,Comportamento esperado
809,177282,Subtenente Gonzaga,PSD,MG,Outros,Serviços Postais,0,Sem indício cadastral crítico,FOUND,ATIVA,1,2,233.23,2049.065200,4121.470694655126,-0.4406,Comportamento esperado
435,141458,João Carlos Bacelar,PL,BA,Combustível,Combustíveis E Lubrificantes.,1,Situação cadastral não ativa: BAIXADA,FOUND,BAIXADA,2,3,824.33,76280.976842,110667.4963849575,-0.6818,Fornecedor com CNPJ suspeito
569,220572,Marussa Boldrin,REPUBLICANOS,GO,Combustível,Combustíveis E Lubrificantes.,1,Situação cadastral não ativa: SUSPENSA,FOUND,SUSPENSA,1,1,340.01,65044.277593,95738.05404592726,-0.6758,Fornecedor com CNPJ suspeito
832,197438,Tito,AVANTE,BA,Outros,"Passagens Terrestres, Marítimas Ou Fluviais",0,Sem indício cadastral crítico,FOUND,ATIVA,3,4,766.96,3634.349545,9001.916528866017,-0.3185,Comportamento esperado
336,74374,Geraldo Resende,UNIÃO,MS,Comunicação,Telefonia,0,Sem indício cadastral crítico,FOUND,ATIVA,2,2,2064.08,12463.390000,16925.10623218233,-0.6144,Comportamento esperado
449,74253,Julio Lopes,PP,RJ,Outros,Serviço De Segurança Prestado Por Empresa Especializada.,0,Sem indício cadastral crítico,FOUND,ATIVA,1,1,550.00,20518.758000,20004.550993027562,-0.9982,Comportamento esperado
399,220527,Jack Rocha,PT,ES,Outros,Manutenção De Escritório De Apoio À Atividade Parlamentar,1,Erro na consulta pública de CNPJ,ERROR,,1,1,290.00,101936.796563,164857.25422120074,-0.6166,Fornecedor com CNPJ suspeito
44,220707,Amanda Gentil,PP,MA,Viagens,Passagem Aérea - Reembolso,0,Sem indício cadastral crítico,FOUND,ATIVA,1,1,2859.55,10441.916667,13512.988376850404,-0.5611,Comportamento esperado
498,220616,Luciano Vieira,PSDB,RJ,Locomoção,Locação Ou Fretamento De Veículos Automotores,0,Sem indício cadastral crítico,FOUND,ATIVA,2,3,12930.00,162239.394390,163272.60476613723,-0.9145,Comportamento esperado
437,178970,João Daniel,PT,SE,Publicidade,Divulgação Da Atividade Parlamentar.,1,Situação cadastral não ativa: BAIXADA,FOUND,BAIXADA,1,2,12000.00,230946.483077,301200.1033422071,-0.7269,Fornecedor com CNPJ suspeito
215,160758,Domingos Sávio,PL,MG,Outros,Manutenção De Escritório De Apoio À Atividade Parlamentar,1,Situação cadastral não ativa: INAPTA,FOUND,INAPTA,1,1,1499.00,123562.947566,162703.54342443834,-0.7502,Fornecedor com CNPJ suspeito
202,178908,Delegado Éder Mauro,PL,PA,Serviços profissionais,"Consultorias, Pesquisas E Trabalhos Técnicos.",0,Sem indício cadastral crítico,FOUND,ATIVA,1,2,45000.00,71687.224615,51239.3397316542,-0.5208,Comportamento esperado
508,73778,Luiz Carlos Hauly,PODE,PR,Outros,Manutenção De Escritório De Apoio À Atividade Parlamentar,1,Situação cadastral não ativa: BAIXADA,FOUND,BAIXADA,1,2,5000.00,86193.122500,116860.66498214444,-0.6948,Fornecedor com CNPJ suspeito
444,204420,Julian Lemos,UNIÃO,PB,Combustível,Combustíveis E Lubrificantes.,1,Situação cadastral não ativa: INAPTA,FOUND,INAPTA,1,1,190.01,61582.608974,85760.8839439169,-0.7159,Fornecedor com CNPJ suspeito
199,220654,Delegado Paulo Bilynskyj,PL,SP,Comunicação,Telefonia,0,Sem indício cadastral crítico,FOUND,ATIVA,1,4,598.30,19889.940211,25751.500071775903,-0.7491,Comportamento esperado
284,219920,Fabio Barros,PSB,PE,Outros,Manutenção De Escritório De Apoio À Atividade Parlamentar,0,Sem indício cadastral crítico,FOUND,ATIVA,1,1,5116.00,90785.734524,140277.34198893898,-0.6107,Comportamento esperado
611,233218,Nelinho Freitas,MDB,CE,Viagens,Passagem Aérea - Sigepa,,,,,0,2,1872.60,190828.457826,170630.5409255439,-1.1074,Comportamento esperado
142,141408,Cleber Verde,MDB,MA,Combustível,Combustíveis E Lubrificantes.,0,Sem indício cadastral crítico,FOUND,ATIVA,1,4,18784.00,34895.172615,52384.05405357016,-0.3076,Comportamento esperado
674,220630,Pedro Aihara,PP,MG,Combustível,Combustíveis E Lubrificantes.,1,CNPJ não encontrado na API pública,NOT_FOUND,,1,1,100.00,65306.104375,92314.0005265802,-0.7064,Fornecedor com CNPJ suspeito
232,228616,Dr. Remy Soares,PP,MA,Outros,Serviço De Segurança Prestado Por Empresa Especializada.,0,Sem indício cadastral crítico,FOUND,ATIVA,1,2,17400.00,53298.125000,58691.938342592795,-0.6116,Comportamento esperado
383,141450,Hugo Leal,PSD,RJ,Locomoção,Locação Ou Fretamento De Veículos Automotores,0,Sem indício cadastral crítico,FOUND,ATIVA,1,2,8411.43,162239.394390,163272.60476613723,-0.9422,Comportamento esperado
129,204496,Celso Sabino,PDT,PA,Combustível,Combustíveis E Lubrificantes.,1,Situação cadastral não ativa: BAIXADA,FOUND,BAIXADA,1,1,200.84,39488.928400,62234.56368268833,-0.6313,Fornecedor com CNPJ suspeito
144,98148,Cobalchini,MDB,SC,Outros,"Serviço De Táxi, Pedágio E Estacionamento",0,Sem indício cadastral crítico,FOUND,ATIVA,2,4,123.70,2658.067742,3431.982973130558,-0.7385,Comportamento esperado
580,75431,Maurício Dziedricki,PODE,RS,Alimentação,Fornecimento De Alimentação Do Parlamentar,1,Situação cadastral não ativa: BAIXADA,FOUND,BAIXADA,1,1,10.50,7368.085075,13657.337051272762,-0.5387,Fornecedor com CNPJ suspeito
862,160518,Weliton Prado,SOLIDARIEDADE,MG,Outros,"Serviço De Táxi, Pedágio E Estacionamento",1,Situação cadastral não ativa: INAPTA,FOUND,INAPTA,1,1,56.00,5572.245385,10370.293242628488,-0.5319,Fornecedor com CNPJ suspeito
706,220586,Rafael Brito,MDB,AL,Viagens,Passagem Aérea - Reembolso,0,Sem indício cadastral crítico,FOUND,ATIVA,2,2,24610.73,18884.774286,28705.906260652384,0.1995,Comportamento esperado
568,204566,Marreca Filho,PATRIOTA,MA,Publicidade,Divulgação Da Atividade Parlamentar.,1,Situação cadastral não ativa: INAPTA,FOUND,INAPTA,1,1,3000.00,299945.123175,386285.4495039867,-0.7687,Fornecedor com CNPJ suspeito
24,160511,Alessandro Molon,PSB,RJ,Hotéis,"Hospedagem ,exceto Do Parlamentar No Distrito Federal.",1,Situação cadastral não ativa: BAIXADA,FOUND,BAIXADA,1,3,1513.95,13016.628636,21468.959145470457,-0.5358,Fornecedor com CNPJ suspeito
820,220598,Tarcísio Motta,PSOL,RJ,Outros,"Passagens Terrestres, Marítimas Ou Fluviais",1,Situação cadastral não ativa: BAIXADA,FOUND,BAIXADA,1,2,304.00,1539.978571,2924.304901002727,-0.4227,Fornecedor com CNPJ suspeito
549,219585,Marco Brasil,PP,PR,Outros,"Passagens Terrestres, Marítimas Ou Fluviais",0,Sem indício cadastral crítico,FOUND,ATIVA,1,1,311.85,1895.154815,2124.8795888027494,-0.7451,Comportamento esperado
372,204444,Helio Lopes,PL,RJ,Alimentação,Fornecimento De Alimentação Do Parlamentar,1,Situação cadastral não ativa: SUSPENSA,FOUND,SUSPENSA,1,1,70.20,5314.154545,11413.915891543053,-0.4594,Fornecedor com CNPJ suspeito
338,204394,Gervásio Maia,PCDOB,PB,Combustível,Combustíveis E Lubrificantes.,1,Situação cadastral não ativa: BAIXADA,FOUND,BAIXADA,1,1,271.99,61582.608974,85760.8839439169,-0.7149,Fornecedor com CNPJ suspeito
495,74478,Luciano Bivar,MDB,PE,Outros,Manutenção De Escritório De Apoio À Atividade Parlamentar,0,Sem indício cadastral crítico,FOUND,ATIVA,1,4,2447.80,90785.734524,140277.34198893898,-0.6297,Comportamento esperado
3,204554,Abílio Santana,PSC,BA,Combustível,Combustíveis E Lubrificantes.,1,Situação cadastral não ativa: INAPTA,FOUND,INAPTA,1,1,346.17,76280.976842,110667.4963849575,-0.6862,Fornecedor com CNPJ suspeito
120,204426,Carlos Veras,PT,PE,Outros,"Passagens Terrestres, Marítimas Ou Fluviais",0,Sem indício cadastral crítico,FOUND,ATIVA,1,4,659.50,659.500000,,,Comportamento esperado
93,160538,Bohn Gass,PT,RS,Alimentação,Fornecimento De Alimentação Do Parlamentar,1,Situação cadastral não ativa: INAPTA,FOUND,INAPTA,1,2,78.00,7368.085075,13657.337051272762,-0.5338,Fornecedor com CNPJ suspeito
702,220580,Professora Goreth,PDT,AP,Viagens,Passagem Aérea - Reembolso,0,Sem indício cadastral crítico,FOUND,ATIVA,2,3,6120.52,8586.811250,7146.613846186054,-0.3451,Comportamento esperado
441,204576,João Roma,PL,BA,Outros,Manutenção De Escritório De Apoio À Atividade Parlamentar,0,Sem indício cadastral crítico,FOUND,ATIVA,2,3,3888.66,98257.521290,134321.8726415135,-0.7026,Comportamento esperado
312,204392,Francisco Jr.,PSD,GO,Outros,"Passagens Terrestres, Marítimas Ou Fluviais",0,Sem indício cadastral crítico,FOUND,ATIVA,1,1,69.99,449.695000,701.2740362155153,-0.5415,Comportamento esperado
31,220554,Alexandre Lindenmeyer,PT,RS,Outros,"Serviço De Táxi, Pedágio E Estacionamento",1,Situação cadastral não ativa: BAIXADA,FOUND,BAIXADA,4,13,268.10,10192.084923,16137.89190584743,-0.6149,Fornecedor com CNPJ suspeito
125,220699,Castro Neto,MDB,PI,Outros,"Serviço De Táxi, Pedágio E Estacionamento",0,Documento não consultado por não ser CNPJ,NOT_APPLICABLE,,1,2,1000.00,1131.130000,1001.0474213292796,-0.131,Comportamento esperado
492,138286,Luciano Alves,PSD,PR,Outros,Manutenção De Escritório De Apoio À Atividade Parlamentar,0,Sem indício cadastral crítico,FOUND,ATIVA,1,2,1177.15,86193.122500,116860.66498214444,-0.7275,Comportamento esperado
180,62881,Danilo Forte,UNIÃO,CE,Locomoção,Locação Ou Fretamento De Veículos Automotores,1,Situação cadastral não ativa: BAIXADA,FOUND,BAIXADA,1,1,460.43,139651.247778,143531.8586124825,-0.9698,Fornecedor com CNPJ suspeito
128,73441,Celso Russomanno,REPUBLICANOS,SP,Outros,Serviços Postais,0,Sem indício cadastral crítico,FOUND,ATIVA,1,2,355.70,1015.584878,1403.5425598127083,-0.4702,Comportamento esperado
469,178832,Leandre,PSD,PR,Outros,Manutenção De Escritório De Apoio À Atividade Parlamentar,1,Erro na consulta pública de CNPJ,ERROR,,1,2,147.76,86193.122500,116860.66498214444,-0.7363,Fornecedor com CNPJ suspeito
101,93083,Cacá Leão,PP,BA,Outros,Manutenção De Escritório De Apoio À Atividade Parlamentar,1,Situação cadastral não ativa: SUSPENSA,FOUND,SUSPENSA,1,1,115.00,98257.521290,134321.8726415135,-0.7307,Fornecedor com CNPJ suspeito
197,204569,Delegado Pablo,UNIÃO,AM,Outros,"Serviço De Táxi, Pedágio E Estacionamento",0,Sem indício cadastral crítico,FOUND,ATIVA,1,2,16.65,227.265000,277.6426341540506,-0.7586,Comportamento esperado
663,204461,Paulo Ganime,NOVO,RJ,Viagens,Passagem Aérea - Reembolso,0,Sem indício cadastral crítico,FOUND,ATIVA,1,3,454.98,9840.865893,10669.362639943789,-0.8797,Comportamento esperado
495,74478,Luciano Bivar,UNIÃO,PE,Viagens,Passagem Aérea - Reembolso,0,Sem indício cadastral crítico,FOUND,ATIVA,2,4,10371.89,7471.163333,10016.291980131698,0.2896,Comportamento esperado
542,160161,Marcelo Queiroz,PSDB,RJ,Viagens,Passagem Aérea - Reembolso,1,Erro na consulta pública de CNPJ,ERROR,,1,1,12829.80,9840.865893,10669.362639943789,0.2801,Fornecedor com CNPJ suspeito
76,74646,Aécio Neves,PSDB,MG,Viagens,Passagem Aérea - Reembolso,0,Sem indício cadastral crítico,FOUND,ATIVA,3,5,9575.65,7020.191961,10297.188894597206,0.2482,Comportamento esperado
542,160161,Marcelo Queiroz,PSDB,RJ,Outros,"Passagens Terrestres, Marítimas Ou Fluviais",0,Sem indício cadastral crítico,FOUND,ATIVA,1,1,75.12,1539.978571,2924.304901002727,-0.5009,Comportamento esperado
150,204514,Coronel Tadeu,PL,SP,Locomoção,Locação Ou Fretamento De Veículos Automotores,0,Sem indício cadastral crítico,FOUND,ATIVA,1,3,21000.00,147254.510948,139673.23431152088,-0.9039,Comportamento esperado
555,220547,Marcos Pollon,PL,MS,Viagens,Passagem Aérea - Reembolso,1,Erro na consulta pública de CNPJ,ERROR,,1,1,24585.00,14452.730000,23720.341588104926,0.4272,Fornecedor com CNPJ suspeito
516,162332,Luiz Nishimori,PSD,PR,Outros,Serviço De Segurança Prestado Por Empresa Especializada.,0,Sem indício cadastral crítico,FOUND,ATIVA,1,4,844.00,39044.515556,83285.32824636553,-0.4587,Comportamento esperado
450,204457,Juninho Do Pneu,PSDB,RJ,Publicidade,Divulgação Da Atividade Parlamentar.,1,Situação cadastral não ativa: BAIXADA,FOUND,BAIXADA,1,1,1850.00,226781.355120,259582.44863584734,-0.8665,Fornecedor com CNPJ suspeito
848,74283,Vicentinho,PT,SP,Outros,"Passagens Terrestres, Marítimas Ou Fluviais",0,Sem indício cadastral crítico,FOUND,ATIVA,1,1,60.85,996.486667,1138.3419633085512,-0.8219,Comportamento esperado
27,105534,Alexandre Figueiredo,PSD,SE,Serviços profissionais,"Consultorias, Pesquisas E Trabalhos Técnicos.",0,Sem indício cadastral crítico,FOUND,ATIVA,1,4,40000.00,82649.800000,100296.5049865647,-0.4252,Comportamento esperado
85,220698,Beto Preto,PSD,PR,Outros,"Serviço De Táxi, Pedágio E Estacionamento",1,Situação cadastral não ativa: BAIXADA,FOUND,BAIXADA,1,2,51.00,5713.999474,13397.131596894355,-0.4227,Fornecedor com CNPJ suspeito
56,204423,André Ferreira,PL,PE,Outros,Manutenção De Escritório De Apoio À Atividade Parlamentar,1,Erro na consulta pública de CNPJ,ERROR,,1,1,51.00,90785.734524,140277.34198893898,-0.6468,Fornecedor com CNPJ suspeito
10,141372,Aelton Freitas,PP,MG,Serviços profissionais,"Consultorias, Pesquisas E Trabalhos Técnicos.",0,Sem indício cadastral crítico,FOUND,ATIVA,1,7,95000.00,50370.301935,57079.85828457048,0.7819,Comportamento esperado
408,141456,Jilmar Tatto,PT,SP,Locomoção,Locação Ou Fretamento De Veículos Automotores,0,Sem indício cadastral crítico,FOUND,ATIVA,1,2,12783.34,147254.510948,139673.23431152088,-0.9628,Comportamento esperado
880,204517,Zé Vitor,PL,MG,Outros,Manutenção De Escritório De Apoio À Atividade Parlamentar,0,Sem indício cadastral crítico,FOUND,ATIVA,3,16,18539.65,123562.947566,162703.54342443834,-0.6455,Comportamento esperado
687,204406,Pedro Westphalen,PP,RS,Outros,"Passagens Terrestres, Marítimas Ou Fluviais",0,Sem indício cadastral crítico,FOUND,ATIVA,2,11,2036.10,4236.036552,8253.072405382596,-0.2666,Comportamento esperado
770,214477,Rrenato Queiroz,PSD,RR,Combustível,Combustíveis E Lubrificantes.,1,Situação cadastral não ativa: BAIXADA,FOUND,BAIXADA,2,8,2039.75,70971.916364,102686.34049821323,-0.6713,Fornecedor com CNPJ suspeito
505,204448,Luiz Antonio Corrêa,PP,RJ,Locomoção,Locação Ou Fretamento De Veículos Automotores,1,Situação cadastral não ativa: BAIXADA,FOUND,BAIXADA,1,2,10220.90,162239.394390,163272.60476613723,-0.9311,Fornecedor com CNPJ suspeito
26,204571,Alex Santana,REPUBLICANOS,BA,Publicidade,Divulgação Da Atividade Parlamentar.,1,Situação cadastral não ativa: BAIXADA,FOUND,BAIXADA,1,2,4400.00,317318.910361,328157.1355142384,-0.9536,Fornecedor com CNPJ suspeito
738,220693,Roberta Roma,PL,BA,Combustível,Combustíveis E Lubrificantes.,1,Situação cadastral não ativa: BAIXADA,FOUND,BAIXADA,2,2,313.23,76280.976842,110667.4963849575,-0.6865,Fornecedor com CNPJ suspeito
480,74585,Lincoln Portela,PL,MG,Combustível,Combustíveis E Lubrificantes.,1,Situação cadastral não ativa: SUSPENSA,FOUND,SUSPENSA,1,1,50.00,65306.104375,92314.0005265802,-0.7069,Fornecedor com CNPJ suspeito
415,235800,Jorge Araújo,PP,BA,Publicidade,Divulgação Da Atividade Parlamentar.,0,Sem indício cadastral crítico,FOUND,ATIVA,1,1,6000.00,317318.910361,328157.1355142384,-0.9487,Comportamento esperado
442,204474,Juarez Costa,MDB,MT,Outros,"Passagens Terrestres, Marítimas Ou Fluviais",0,Sem indício cadastral crítico,FOUND,ATIVA,1,1,112.50,342.182500,259.3180178165137,-0.8857,Comportamento esperado
783,204387,Sargento Fahur,PL,PR,Combustível,Combustíveis E Lubrificantes.,1,Situação cadastral não ativa: BAIXADA,FOUND,BAIXADA,1,1,212.03,57944.345500,82353.4495793919,-0.701,Fornecedor com CNPJ suspeito
170,74060,Daniel Almeida,PCDOB,BA,Comunicação,Telefonia,1,Situação cadastral não ativa: BAIXADA,FOUND,BAIXADA,1,1,394.64,23153.030698,23468.568952979214,-0.9697,Fornecedor com CNPJ suspeito
334,178966,Geovania De Sá,REPUBLICANOS,SC,Publicidade,Divulgação Da Atividade Parlamentar.,1,Situação cadastral não ativa: BAIXADA,FOUND,BAIXADA,1,1,2000.00,148561.773265,217765.15459275612,-0.673,Fornecedor com CNPJ suspeito
419,218245,Jorielson,PL,AP,Serviços profissionais,"Consultorias, Pesquisas E Trabalhos Técnicos.",0,Sem indício cadastral crítico,FOUND,ATIVA,1,1,11500.00,74193.690909,67500.34505342109,-0.9288,Comportamento esperado
284,219920,Fabio Barros,PSB,PE,Locomoção,Locação Ou Fretamento De Veículos Automotores,0,Sem indício cadastral crítico,FOUND,ATIVA,1,2,11430.00,220869.240392,185976.71020526288,-1.1262,Comportamento esperado
348,178996,Giovani Feltes,MDB,RS,Hotéis,"Hospedagem ,exceto Do Parlamentar No Distrito Federal.",1,Situação cadastral não ativa: BAIXADA,FOUND,BAIXADA,3,6,1086.12,21826.986437,35658.661568585754,-0.5817,Fornecedor com CNPJ suspeito
538,76874,Marcelo Freixo,PSB,RJ,Hotéis,"Hospedagem ,exceto Do Parlamentar No Distrito Federal.",0,Sem indício cadastral crítico,FOUND,ATIVA,1,1,813.75,13016.628636,21468.959145470457,-0.5684,Comportamento esperado
54,74471,André De Paula,PSD,PE,Serviços profissionais,"Consultorias, Pesquisas E Trabalhos Técnicos.",1,Situação cadastral não ativa: BAIXADA,FOUND,BAIXADA,1,1,17300.00,33394.939474,25891.938420366478,-0.6216,Fornecedor com CNPJ suspeito
210,73768,Dilceu Sperafico,PP,PR,Combustível,Combustíveis E Lubrificantes.,1,Situação cadastral não ativa: BAIXADA,FOUND,BAIXADA,1,1,200.00,57944.345500,82353.4495793919,-0.7012,Fornecedor com CNPJ suspeito
11,160508,Afonso Florence,PT,BA,Outros,Manutenção De Escritório De Apoio À Atividade Parlamentar,0,Documento não consultado por não ser CNPJ,NOT_APPLICABLE,,1,11,47304.74,98257.521290,134321.8726415135,-0.3793,Comportamento esperado
45,204356,Amaro Neto,REPUBLICANOS,ES,Outros,Manutenção De Escritório De Apoio À Atividade Parlamentar,1,Situação cadastral não ativa: BAIXADA,FOUND,BAIXADA,1,1,314.90,101936.796563,164857.25422120074,-0.6164,Fornecedor com CNPJ suspeito
308,204354,Flávia Arruda,PL,DF,Locomoção,Locação Ou Fretamento De Veículos Automotores,0,Sem indício cadastral crítico,FOUND,ATIVA,1,11,113416.46,118149.428125,89877.33858167462,-0.0527,Comportamento esperado
588,178985,Miguel Lombardi,PL,SP,Publicidade,Assinatura De Publicações,0,Sem indício cadastral crítico,FOUND,ATIVA,1,5,1816.00,3369.241333,3418.330377283657,-0.4544,Comportamento esperado
581,220607,Max Lemos,PDT,RJ,Outros,Manutenção De Escritório De Apoio À Atividade Parlamentar,1,Situação cadastral não ativa: BAIXADA,FOUND,BAIXADA,1,1,202.00,80988.593819,134414.71100556676,-0.601,Fornecedor com CNPJ suspeito
99,220635,Bruno Ganem,PODE,SP,Outros,Manutenção De Escritório De Apoio À Atividade Parlamentar,0,Documento não consultado por não ser CNPJ,NOT_APPLICABLE,,1,2,8244.81,98538.487659,143509.98800071477,-0.6292,Comportamento esperado
706,220586,Rafael Brito,MDB,AL,Viagens,Passagem Aérea - Reembolso,1,Erro na consulta pública de CNPJ,ERROR,,1,2,3622.87,18884.774286,28705.906260652384,-0.5317,Fornecedor com CNPJ suspeito
176,204409,Daniel Trzeciak,PSDB,RS,Publicidade,Assinatura De Publicações,1,Situação cadastral não ativa: INAPTA,FOUND,INAPTA,1,1,576.00,4387.790000,5356.19612339018,-0.7117,Fornecedor com CNPJ suspeito
390,204508,Igor Timo,PODE,MG,Combustível,Combustíveis E Lubrificantes.,1,Situação cadastral não ativa: BAIXADA,FOUND,BAIXADA,3,6,2302.20,65306.104375,92314.0005265802,-0.6825,Fornecedor com CNPJ suspeito
324,160666,Félix Mendonça Júnior,PDT,BA,Combustível,Combustíveis E Lubrificantes.,1,Situação cadastral não ativa: BAIXADA,FOUND,BAIXADA,2,2,525.80,76280.976842,110667.4963849575,-0.6845,Fornecedor com CNPJ suspeito
294,204371,Felipe Rigoni,UNIÃO,ES,Combustível,Combustíveis E Lubrificantes.,1,Situação cadastral não ativa: INAPTA,FOUND,INAPTA,1,1,379.25,49148.417879,67749.62213949014,-0.7198,Fornecedor com CNPJ suspeito
861,220601,Washington Quaquá,PT,RJ,Outros,"Serviço De Táxi, Pedágio E Estacionamento",0,Sem indício cadastral crítico,FOUND,ATIVA,1,1,160.00,8455.730411,14321.838989715481,-0.5792,Comportamento esperado
423,74141,Josias Gomes,PT,BA,Viagens,Passagem Aérea - Rpa,0,Sem indício cadastral crítico,FOUND,ATIVA,1,2,1088.45,31763.658913,54219.86604798766,-0.5658,Comportamento esperado
137,178928,Christiane De Souza Yared,PP,PR,Outros,Manutenção De Escritório De Apoio À Atividade Parlamentar,1,Situação cadastral não ativa: BAIXADA,FOUND,BAIXADA,1,1,105.00,86193.122500,116860.66498214444,-0.7367,Fornecedor com CNPJ suspeito
754,165470,Rodrigo Valadares,PL,SE,Hotéis,"Hospedagem ,exceto Do Parlamentar No Distrito Federal.",0,Sem indício cadastral crítico,FOUND,ATIVA,3,3,3883.64,13543.401111,21569.307793305772,-0.4478,Comportamento esperado
618,229939,Newton Bonin,UNIÃO,PR,Combustível,Combustíveis E Lubrificantes.,1,Situação cadastral não ativa: BAIXADA,FOUND,BAIXADA,1,2,569.47,57944.345500,82353.4495793919,-0.6967,Fornecedor com CNPJ suspeito
404,74273,Jefferson Campos,PL,SP,Outros,Serviços Postais,0,Sem indício cadastral crítico,FOUND,ATIVA,1,1,637.60,1015.584878,1403.5425598127083,-0.2693,Comportamento esperado
649,204553,Pastor Sargento Isidório,AVANTE,BA,Viagens,Passagem Aérea - Reembolso,0,Sem indício cadastral crítico,FOUND,ATIVA,1,1,1125.71,6722.195000,9392.208684505544,-0.5959,Comportamento esperado
872,220592,Zezinho Barbary,PP,AC,Viagens,Passagem Aérea - Reembolso,0,Sem indício cadastral crítico,FOUND,ATIVA,2,2,3609.56,9056.415455,5089.4459464667925,-1.0702,Comportamento esperado
180,62881,Danilo Forte,UNIÃO,CE,Combustível,Combustíveis E Lubrificantes.,1,Situação cadastral não ativa: BAIXADA,FOUND,BAIXADA,1,2,716.06,41977.960833,76764.60304100714,-0.5375,Fornecedor com CNPJ suspeito
57,133439,André Figueiredo,PDT,CE,Publicidade,Assinatura De Publicações,0,Sem indício cadastral crítico,FOUND,ATIVA,1,1,790.80,3249.055000,4250.208219057374,-0.5784,Comportamento esperado
634,73463,Osmar Serraglio,PP,PR,Alimentação,Fornecimento De Alimentação Do Parlamentar,1,CNPJ não encontrado na API pública,NOT_FOUND,,1,1,34.00,4173.948542,8441.04850518495,-0.4905,Fornecedor com CNPJ suspeito
741,220588,Roberto Duarte,REPUBLICANOS,AC,Locomoção,Locação Ou Fretamento De Aeronaves,0,Sem indício cadastral crítico,FOUND,ATIVA,1,1,5500.00,67020.555556,82206.99971886686,-0.7484,Comportamento esperado
471,204375,Leda Sadala,PP,AP,Hotéis,"Hospedagem ,exceto Do Parlamentar No Distrito Federal.",0,Sem indício cadastral crítico,FOUND,ATIVA,1,1,1194.10,5136.092500,6592.979949253359,-0.5979,Comportamento esperado
47,220596,Amália Barros,PL,MT,Hotéis,"Hospedagem ,exceto Do Parlamentar No Distrito Federal.",1,Situação cadastral não ativa: BAIXADA,FOUND,BAIXADA,1,1,350.00,20380.542308,35609.06873470771,-0.5625,Fornecedor com CNPJ suspeito
413,160548,Jonas Donizette,PSB,SP,Publicidade,Assinatura De Publicações,0,Sem indício cadastral crítico,FOUND,ATIVA,2,4,5983.63,3369.241333,3418.330377283657,0.7648,Comportamento esperado
265,234406,Elmano Férrer,PP,PI,Publicidade,Divulgação Da Atividade Parlamentar.,0,Sem indício cadastral crítico,FOUND,ATIVA,1,2,18000.00,255170.175556,326071.87108703476,-0.7274,Comportamento esperado
279,204482,Euclydes Pettersen,PSC,MG,Outros,Manutenção De Escritório De Apoio À Atividade Parlamentar,0,Sem indício cadastral crítico,FOUND,ATIVA,1,2,851.90,123562.947566,162703.54342443834,-0.7542,Comportamento esperado
232,228616,Dr. Remy Soares,PP,MA,Outros,Manutenção De Escritório De Apoio À Atividade Parlamentar,1,Situação cadastral não ativa: BAIXADA,FOUND,BAIXADA,1,1,4115.80,64195.130784,109861.24089764054,-0.5469,Fornecedor com CNPJ suspeito
650,205535,Patricia Ferraz,PL,AP,Hotéis,"Hospedagem ,exceto Do Parlamentar No Distrito Federal.",0,Sem indício cadastral crítico,FOUND,ATIVA,2,3,3265.61,5136.092500,6592.979949253359,-0.2837,Comportamento esperado
676,215045,Pedro Augusto Palareti,PP,RJ,Locomoção,Locação Ou Fretamento De Veículos Automotores,1,Situação cadastral não ativa: BAIXADA,FOUND,BAIXADA,3,3,4213.86,162239.394390,163272.60476613723,-0.9679,Fornecedor com CNPJ suspeito
436,230957,João Cury,MDB,SP,Outros,Serviços Postais,0,Sem indício cadastral crítico,FOUND,ATIVA,1,1,46.80,1015.584878,1403.5425598127083,-0.6902,Comportamento esperado
68,73433,Arlindo Chinaglia,PT,SP,Outros,Serviço De Segurança Prestado Por Empresa Especializada.,0,Sem indício cadastral crítico,FOUND,ATIVA,1,1,209.16,57471.443333,111341.01915358497,-0.5143,Comportamento esperado
791,204438,Sergio Toledo,PV,AL,Serviços profissionais,"Consultorias, Pesquisas E Trabalhos Técnicos.",0,Sem indício cadastral crítico,FOUND,ATIVA,1,1,74000.00,120762.828571,125631.35489202412,-0.3722,Comportamento esperado
781,160621,Sandro Alex,PSD,PR,Hotéis,"Hospedagem ,exceto Do Parlamentar No Distrito Federal.",1,Situação cadastral não ativa: BAIXADA,FOUND,BAIXADA,1,1,215.00,18419.328649,34024.43115299299,-0.535,Fornecedor com CNPJ suspeito
98,210989,Bruno Farias,REPUBLICANOS,MG,Viagens,Passagem Aérea - Reembolso,0,Sem indício cadastral crítico,FOUND,ATIVA,1,1,2841.91,7020.191961,10297.188894597206,-0.4058,Comportamento esperado
334,178966,Geovania De Sá,REPUBLICANOS,SC,Outros,"Passagens Terrestres, Marítimas Ou Fluviais",0,Sem indício cadastral crítico,FOUND,ATIVA,1,1,81.70,472.404167,456.3108967371486,-0.8562,Comportamento esperado
199,220654,Delegado Paulo Bilynskyj,PL,SP,Alimentação,Fornecimento De Alimentação Do Parlamentar,1,Situação cadastral não ativa: INAPTA,FOUND,INAPTA,1,1,94.80,3366.001170,5609.697337170304,-0.5831,Fornecedor com CNPJ suspeito
610,218879,Nelho Bezerra,UNIÃO,CE,Combustível,Combustíveis E Lubrificantes.,1,Situação cadastral não ativa: BAIXADA,FOUND,BAIXADA,2,2,509.21,41977.960833,76764.60304100714,-0.5402,Fornecedor com CNPJ suspeito
384,160674,Hugo Motta,REPUBLICANOS,PB,Hotéis,"Hospedagem ,exceto Do Parlamentar No Distrito Federal.",0,Sem indício cadastral crítico,FOUND,ATIVA,7,13,16047.01,9643.162222,20671.000404330745,0.3098,Comportamento esperado
608,204453,Natália Bonavides,PT,RN,Viagens,Passagem Aérea - Rpa,0,Sem indício cadastral crítico,FOUND,ATIVA,3,7,645.96,25061.406250,42423.5801004761,-0.5755,Comportamento esperado
658,178860,Paulo Azi,UNIÃO,BA,Locomoção,Locação Ou Fretamento De Aeronaves,0,Sem indício cadastral crítico,FOUND,ATIVA,1,1,26890.00,81359.287500,83475.1578545966,-0.6525,Comportamento esperado
814,204534,Tabata Amaral,PSB,SP,Publicidade,Assinatura De Publicações,1,Erro na consulta pública de CNPJ,ERROR,,1,2,624.89,3369.241333,3418.330377283657,-0.8028,Fornecedor com CNPJ suspeito
175,204454,Daniel Silveira,PTB,RJ,Publicidade,Divulgação Da Atividade Parlamentar.,0,Sem indício cadastral crítico,FOUND,ATIVA,3,5,65600.00,226781.355120,259582.44863584734,-0.6209,Comportamento esperado
274,204537,Enrico Misasi,MDB,SP,Combustível,Combustíveis E Lubrificantes.,1,Situação cadastral não ativa: BAIXADA,FOUND,BAIXADA,1,1,196.62,42192.750821,64034.19773844777,-0.6558,Fornecedor com CNPJ suspeito
718,205865,Reinhold Stephanes,PSD,PR,Serviços profissionais,"Consultorias, Pesquisas E Trabalhos Técnicos.",0,Sem indício cadastral crítico,FOUND,ATIVA,1,2,25000.00,58752.690645,58141.82428785019,-0.5805,Comportamento esperado
880,204517,Zé Vitor,PL,MG,Outros,"Serviço De Táxi, Pedágio E Estacionamento",1,Situação cadastral não ativa: INAPTA,FOUND,INAPTA,1,2,335.00,5572.245385,10370.293242628488,-0.505,Fornecedor com CNPJ suspeito
852,141555,Vinicius Carvalho,REPUBLICANOS,SP,Publicidade,Divulgação Da Atividade Parlamentar.,1,Situação cadastral não ativa: BAIXADA,FOUND,BAIXADA,1,1,400.00,243741.226243,313657.1515008437,-0.7758,Fornecedor com CNPJ suspeito
714,141523,Raul Henry,MDB,PE,Viagens,Passagem Aérea - Rpa,0,Sem indício cadastral crítico,FOUND,ATIVA,1,5,5142.50,15238.795000,22485.76149111043,-0.449,Comportamento esperado
566,220655,Mario Frias,PL,SP,Viagens,Passagem Aérea - Rpa,0,Sem indício cadastral crítico,FOUND,ATIVA,1,2,2048.62,24943.515352,36157.13967829913,-0.6332,Comportamento esperado
730,215042,Ricardo Da Karol,PDT,RJ,Publicidade,Divulgação Da Atividade Parlamentar.,1,Situação cadastral não ativa: INAPTA,FOUND,INAPTA,1,1,7000.00,226781.355120,259582.44863584734,-0.8467,Fornecedor com CNPJ suspeito
519,178866,Luizianne Lins,REDE,CE,Alimentação,Fornecimento De Alimentação Do Parlamentar,1,CNPJ não encontrado na API pública,NOT_FOUND,,1,1,200.00,4778.337742,9185.089924635726,-0.4985,Fornecedor com CNPJ suspeito
226,204518,Dr. Frederico,PRD,MG,Publicidade,Divulgação Da Atividade Parlamentar.,1,Situação cadastral não ativa: INAPTA,FOUND,INAPTA,1,4,10000.00,194891.353020,276881.75990132586,-0.6678,Fornecedor com CNPJ suspeito
14,160527,Aguinaldo Ribeiro,PP,PB,Combustível,Combustíveis E Lubrificantes.,1,Situação cadastral não ativa: BAIXADA,FOUND,BAIXADA,1,4,714.42,61582.608974,85760.8839439169,-0.7097,Fornecedor com CNPJ suspeito
778,233598,Samuel Santos,PODE,GO,Outros,"Serviço De Táxi, Pedágio E Estacionamento",0,Sem indício cadastral crítico,FOUND,ATIVA,2,2,650.00,4054.328571,5832.390128543895,-0.5837,Comportamento esperado
691,204529,Policial Katia Sastre,PL,SP,Outros,Serviços Postais,0,Sem indício cadastral crítico,FOUND,ATIVA,2,12,1032.19,1015.584878,1403.5425598127083,0.0118,Comportamento esperado
375,73482,Henrique Fontana,PT,RS,Viagens,Passagem Aérea - Rpa,0,Sem indício cadastral crítico,FOUND,ATIVA,1,1,527.80,23263.014545,27193.710295909314,-0.836,Comportamento esperado
215,160758,Domingos Sávio,PL,MG,Publicidade,Divulgação Da Atividade Parlamentar.,1,Situação cadastral não ativa: BAIXADA,FOUND,BAIXADA,1,2,1615.00,194891.353020,276881.75990132586,-0.698,Fornecedor com CNPJ suspeito
159,204370,Célio Moura,PT,TO,Outros,Manutenção De Escritório De Apoio À Atividade Parlamentar,1,Situação cadastral não ativa: INAPTA,FOUND,INAPTA,1,1,190.00,60332.404118,100110.53801139936,-0.6008,Fornecedor com CNPJ suspeito
131,205476,Charles Fernandes,PSD,BA,Viagens,Passagem Aérea - Reembolso,0,Sem indício cadastral crítico,FOUND,ATIVA,3,3,1856.60,6722.195000,9392.208684505544,-0.518,Comportamento esperado
429,204391,José Nelto,PP,GO,Combustível,Combustíveis E Lubrificantes.,1,Situação cadastral não ativa: SUSPENSA,FOUND,SUSPENSA,1,1,346.43,65044.277593,95738.05404592726,-0.6758,Fornecedor com CNPJ suspeito
339,74383,Giacobo,PSD,PR,Viagens,Passagem Aérea - Rpa,0,Sem indício cadastral crítico,FOUND,ATIVA,1,1,609.75,26722.504474,58025.433845182,-0.45,Comportamento esperado
107,178829,Capitão Augusto,PL,SP,Publicidade,Divulgação Da Atividade Parlamentar.,1,Situação cadastral não ativa: INAPTA,FOUND,INAPTA,1,1,13500.00,243741.226243,313657.1515008437,-0.7341,Fornecedor com CNPJ suspeito
657,220650,Paulo Alexandre Barbosa,PSDB,SP,Outros,Serviços Postais,0,Sem indício cadastral crítico,FOUND,ATIVA,1,1,305.60,1015.584878,1403.5425598127083,-0.5059,Comportamento esperado
308,204354,Flávia Arruda,PL,DF,Outros,Manutenção De Escritório De Apoio À Atividade Parlamentar,0,Sem indício cadastral crítico,FOUND,ATIVA,1,1,631.30,95246.480000,164390.52276665662,-0.5756,Comportamento esperado
518,74784,Luiza Erundina,PSOL,SP,Outros,Aquisição De Tokens E Certificados Digitais,0,Sem indício cadastral crítico,FOUND,ATIVA,1,1,153.00,237.090000,170.74249018787194,-0.4925,Comportamento esperado
563,227275,Mariana Carvalho,REPUBLICANOS,MA,Hotéis,"Hospedagem ,exceto Do Parlamentar No Distrito Federal.",0,Sem indício cadastral crítico,FOUND,ATIVA,2,4,3617.50,16546.215714,24945.906621691578,-0.5183,Comportamento esperado
448,204372,Julio Cesar Ribeiro,REPUBLICANOS,DF,Outros,"Serviço De Táxi, Pedágio E Estacionamento",0,Sem indício cadastral crítico,FOUND,ATIVA,1,2,42.93,5858.386000,12275.443917982357,-0.4737,Comportamento esperado
730,215042,Ricardo Da Karol,PDT,RJ,Outros,Manutenção De Escritório De Apoio À Atividade Parlamentar,0,Sem indício cadastral crítico,FOUND,ATIVA,1,3,1329.30,80988.593819,134414.71100556676,-0.5926,Comportamento esperado
354,74419,Gonzaga Patriota,PSB,PE,Serviços profissionais,"Consultorias, Pesquisas E Trabalhos Técnicos.",0,Sem indício cadastral crítico,FOUND,ATIVA,1,2,42000.00,33394.939474,25891.938420366478,0.3323,Comportamento esperado
711,204567,Raimundo Costa,PSD,BA,Hotéis,"Hospedagem ,exceto Do Parlamentar No Distrito Federal.",1,Situação cadastral não ativa: BAIXADA,FOUND,BAIXADA,2,2,675.00,14559.116889,26542.375379101115,-0.5231,Fornecedor com CNPJ suspeito
677,220667,Pedro Campos,PSB,PE,Outros,Aquisição De Tokens E Certificados Digitais,0,Sem indício cadastral crítico,FOUND,ATIVA,1,1,145.00,145.000000,,,Comportamento esperado
795,204557,Sidney Leite,PSD,AM,Outros,Manutenção De Escritório De Apoio À Atividade Parlamentar,1,Situação cadastral não ativa: BAIXADA,FOUND,BAIXADA,1,1,331.60,35177.838000,53399.12696043168,-0.6526,Fornecedor com CNPJ suspeito
41,178937,Altineu Côrtes,PL,RJ,Outros,Manutenção De Escritório De Apoio À Atividade Parlamentar,1,Situação cadastral não ativa: BAIXADA,FOUND,BAIXADA,1,1,6374.83,80988.593819,134414.71100556676,-0.5551,Fornecedor com CNPJ suspeito
758,178930,Roman,PP,PR,Comunicação,Telefonia,0,Sem indício cadastral crítico,FOUND,ATIVA,2,5,6259.77,10984.091277,13121.60062975809,-0.36,Comportamento esperado
806,220575,Sonize Barbosa,PL,AP,Viagens,Passagem Aérea - Rpa,0,Sem indício cadastral crítico,FOUND,ATIVA,1,1,3579.95,4617.490000,4023.3855612682983,-0.2579,Comportamento esperado
235,204412,Dr. Zacharias Calil,MDB,GO,Viagens,Passagem Aérea - Rpa,0,Sem indício cadastral crítico,FOUND,ATIVA,1,1,1091.52,7640.432500,13977.443613177566,-0.4685,Comportamento esperado
811,73808,Sérgio Brito,PSD,BA,Combustível,Combustíveis E Lubrificantes.,1,Situação cadastral não ativa: BAIXADA,FOUND,BAIXADA,1,1,2351.77,76280.976842,110667.4963849575,-0.668,Fornecedor com CNPJ suspeito
762,163321,Ronaldo Nogueira,REPUBLICANOS,RS,Outros,Serviços Postais,0,Sem indício cadastral crítico,FOUND,ATIVA,1,1,110.30,862.238182,1333.8726370935917,-0.5637,Comportamento esperado
729,73788,Ricardo Barros,PP,PR,Viagens,Passagem Aérea - Reembolso,0,Sem indício cadastral crítico,FOUND,ATIVA,2,2,8187.57,17801.644063,39455.64199846602,-0.2437,Comportamento esperado
45,204356,Amaro Neto,PP,ES,Outros,Manutenção De Escritório De Apoio À Atividade Parlamentar,1,Situação cadastral não ativa: BAIXADA,FOUND,BAIXADA,1,1,385.50,101936.796563,164857.25422120074,-0.616,Fornecedor com CNPJ suspeito
811,73808,Sérgio Brito,PSD,BA,Combustível,Combustíveis E Lubrificantes.,1,Situação cadastral não ativa: INAPTA,FOUND,INAPTA,1,1,100.00,76280.976842,110667.4963849575,-0.6884,Fornecedor com CNPJ suspeito
209,178929,Diego Garcia,REPUBLICANOS,PR,Combustível,Combustíveis E Lubrificantes.,1,CNPJ não encontrado na API pública,NOT_FOUND,,1,1,150.00,57944.345500,82353.4495793919,-0.7018,Fornecedor com CNPJ suspeito
428,204472,José Medeiros,PL,MT,Viagens,Passagem Aérea - Reembolso,1,Erro na consulta pública de CNPJ,ERROR,,1,1,8045.05,36104.208462,85065.80718840551,-0.3299,Fornecedor com CNPJ suspeito
173,204367,Daniel Freitas,PL,SC,Serviços profissionais,"Consultorias, Pesquisas E Trabalhos Técnicos.",0,Sem indício cadastral crítico,FOUND,ATIVA,1,1,10000.00,54951.871000,53748.576570772435,-0.8363,Comportamento esperado
22,204413,Alcides Rodrigues,PATRIOTA,GO,Outros,"Serviço De Táxi, Pedágio E Estacionamento",1,Situação cadastral não ativa: INAPTA,FOUND,INAPTA,1,1,29.00,4054.328571,5832.390128543895,-0.6902,Fornecedor com CNPJ suspeito
732,204362,Ricardo Guidi,PSD,SC,Publicidade,Assinatura De Publicações,0,Sem indício cadastral crítico,FOUND,ATIVA,1,1,500.00,1002.800000,856.1605048120359,-0.5873,Comportamento esperado
778,233598,Samuel Santos,PODE,GO,Outros,Manutenção De Escritório De Apoio À Atividade Parlamentar,0,Sem indício cadastral crítico,FOUND,ATIVA,1,1,1549.50,100447.486545,162486.21407041358,-0.6087,Comportamento esperado
633,204363,Osires Damaso,PSC,TO,Combustível,Combustíveis E Lubrificantes.,1,Situação cadastral não ativa: BAIXADA,FOUND,BAIXADA,2,2,948.85,73777.441071,109277.9364585353,-0.6665,Fornecedor com CNPJ suspeito
630,204498,Olival Marques,MDB,PA,Combustível,Combustíveis E Lubrificantes.,1,Situação cadastral não ativa: BAIXADA,FOUND,BAIXADA,2,2,392.10,39488.928400,62234.56368268833,-0.6282,Fornecedor com CNPJ suspeito
514,204455,Luiz Lima,NOVO,RJ,Combustível,Combustíveis E Lubrificantes.,1,Situação cadastral não ativa: BAIXADA,FOUND,BAIXADA,1,1,250.00,44023.319398,62812.667137756165,-0.6969,Fornecedor com CNPJ suspeito
872,220592,Zezinho Barbary,PP,AC,Comunicação,Telefonia,0,Sem indício cadastral crítico,FOUND,ATIVA,1,1,57.52,4341.214167,4755.124320798006,-0.9009,Comportamento esperado
782,219599,Sargento Alexandre,PODE,SP,Serviços profissionais,"Consultorias, Pesquisas E Trabalhos Técnicos.",0,Sem indício cadastral crítico,FOUND,ATIVA,1,1,20000.00,42478.291429,47664.49520078613,-0.4716,Comportamento esperado
877,204559,Zé Neto,PT,BA,Outros,Serviços Postais,0,Sem indício cadastral crítico,FOUND,ATIVA,1,2,8303.04,1465.597500,2527.93213294582,2.7048,Possível anomalia financeira
493,220581,Luciano Amaral,PSD,AL,Viagens,Passagem Aérea - Reembolso,0,Sem indício cadastral crítico,FOUND,ATIVA,1,1,3310.90,18884.774286,28705.906260652384,-0.5425,Comportamento esperado
320,178969,Fábio Mitidieri,PSD,SE,Serviços profissionais,"Consultorias, Pesquisas E Trabalhos Técnicos.",0,Sem indício cadastral crítico,FOUND,ATIVA,1,3,30000.00,82649.800000,100296.5049865647,-0.5249,Comportamento esperado
103,220548,Camila Jara,PT,MS,Combustível,Combustíveis E Lubrificantes.,1,Situação cadastral não ativa: BAIXADA,FOUND,BAIXADA,1,1,161.52,73790.692609,89494.27774679432,-0.8227,Fornecedor com CNPJ suspeito
21,160559,Alceu Moreira,MDB,RS,Viagens,Passagem Aérea - Reembolso,1,Situação cadastral não ativa: BAIXADA,FOUND,BAIXADA,1,1,1385.95,7846.026333,10735.105702213965,-0.6018,Fornecedor com CNPJ suspeito
507,141485,Luiz Carlos Busato,UNIÃO,RS,Outros,"Serviço De Táxi, Pedágio E Estacionamento",0,Documento não consultado por não ser CNPJ,NOT_APPLICABLE,,1,1,28.32,10192.084923,16137.89190584743,-0.6298,Comportamento esperado
888,,,,NA,Hotéis,"Hospedagem ,exceto Do Parlamentar No Distrito Federal.",0,Sem indício cadastral crítico,FOUND,ATIVA,2,2,807.50,3085.297500,2695.1763825691137,-0.8451,Comportamento esperado
399,220527,Jack Rocha,PT,ES,Viagens,Passagem Aérea - Reembolso,0,Sem indício cadastral crítico,FOUND,ATIVA,1,1,1929.66,10428.191818,24247.266158601393,-0.3505,Comportamento esperado
551,160535,Marcon,PT,RS,Publicidade,Divulgação Da Atividade Parlamentar.,1,Erro na consulta pública de CNPJ,ERROR,,1,1,600.00,215724.063125,265101.600265673,-0.8115,Fornecedor com CNPJ suspeito
774,73604,Rui Falcão,PT,SP,Combustível,Combustíveis E Lubrificantes.,1,CNPJ não encontrado na API pública,NOT_FOUND,,1,1,100.00,42192.750821,64034.19773844777,-0.6573,Fornecedor com CNPJ suspeito
711,204567,Raimundo Costa,PSD,BA,Outros,"Serviço De Táxi, Pedágio E Estacionamento",1,Situação cadastral não ativa: BAIXADA,FOUND,BAIXADA,1,1,180.00,7947.726552,12451.86965129915,-0.6238,Fornecedor com CNPJ suspeito
871,160592,Zeca Dirceu,PT,PR,Publicidade,Assinatura De Publicações,0,Sem indício cadastral crítico,FOUND,ATIVA,1,1,65.90,799.995625,610.7018274408415,-1.2021,Comportamento esperado
349,226179,Gisela Simona,UNIÃO,MT,Combustível,Combustíveis E Lubrificantes.,1,Situação cadastral não ativa: BAIXADA,FOUND,BAIXADA,1,1,120.02,34330.305532,57340.29977264771,-0.5966,Fornecedor com CNPJ suspeito
571,204428,Marília Arraes,SOLIDARIEDADE,PE,Locomoção,Locação Ou Fretamento De Veículos Automotores,0,Sem indício cadastral crítico,FOUND,ATIVA,1,2,10000.00,220869.240392,185976.71020526288,-1.1338,Comportamento esperado
133,74171,Chico Alencar,PSOL,RJ,Outros,Manutenção De Escritório De Apoio À Atividade Parlamentar,1,Erro na consulta pública de CNPJ,ERROR,,1,1,72.99,80988.593819,134414.71100556676,-0.602,Fornecedor com CNPJ suspeito
526,139285,Lídice Da Mata,PSB,BA,Outros,"Serviço De Táxi, Pedágio E Estacionamento",0,Documento não consultado por não ser CNPJ,NOT_APPLICABLE,,2,2,115.00,7947.726552,12451.86965129915,-0.629,Comportamento esperado
576,204486,Mauro Benevides Filho,UNIÃO,CE,Publicidade,Assinatura De Publicações,0,Sem indício cadastral crítico,FOUND,ATIVA,1,1,718.80,3249.055000,4250.208219057374,-0.5953,Comportamento esperado
164,220555,Daiana Santos,PCDOB,RS,Outros,Manutenção De Escritório De Apoio À Atividade Parlamentar,1,Situação cadastral não ativa: BAIXADA,FOUND,BAIXADA,1,1,300.00,109428.142500,149558.61424927576,-0.7297,Fornecedor com CNPJ suspeito
398,220670,Iza Arruda,MDB,PE,Viagens,Passagem Aérea - Reembolso,0,Sem indício cadastral crítico,FOUND,ATIVA,1,1,3581.57,7471.163333,10016.291980131698,-0.3883,Comportamento esperado
177,204459,Daniela Do Waguinho,REPUBLICANOS,RJ,Hotéis,"Hospedagem ,exceto Do Parlamentar No Distrito Federal.",0,Sem indício cadastral crítico,FOUND,ATIVA,2,2,1724.00,13016.628636,21468.959145470457,-0.526,Comportamento esperado
259,204364,Eli Borges,PL,TO,Alimentação,Fornecimento De Alimentação Do Parlamentar,0,Sem indício cadastral crítico,FOUND,ATIVA,1,1,41.00,977.828571,1259.2622814625577,-0.744,Comportamento esperado
450,204457,Juninho Do Pneu,UNIÃO,RJ,Publicidade,Assinatura De Publicações,0,Sem indício cadastral crítico,FOUND,ATIVA,1,2,3990.00,4317.763846,4399.037924691675,-0.0745,Comportamento esperado
559,220668,Maria Arraes,PSB,PE,Comunicação,Telefonia,0,Sem indício cadastral crítico,FOUND,ATIVA,1,1,127.45,10941.974167,12252.099914667077,-0.8827,Comportamento esperado
20,220538,Albuquerque,REPUBLICANOS,RR,Viagens,Passagem Aérea - Reembolso,0,Sem indício cadastral crítico,FOUND,ATIVA,1,1,2280.85,23419.147778,50067.63598784218,-0.4222,Comportamento esperado
491,178879,Lucas Vergilio,SOLIDARIEDADE,GO,Serviços profissionais,"Consultorias, Pesquisas E Trabalhos Técnicos.",1,Situação cadastral não ativa: BAIXADA,FOUND,BAIXADA,1,5,35000.00,99247.891538,60067.72576039702,-1.0696,Fornecedor com CNPJ suspeito
123,220704,Carol Dartora,PT,PR,Alimentação,Fornecimento De Alimentação Do Parlamentar,1,Situação cadastral não ativa: BAIXADA,FOUND,BAIXADA,1,1,35.27,4173.948542,8441.04850518495,-0.4903,Fornecedor com CNPJ suspeito
856,178992,Vitor Lippi,PSDB,SP,Publicidade,Divulgação Da Atividade Parlamentar.,1,Situação cadastral não ativa: BAIXADA,FOUND,BAIXADA,2,5,9300.00,243741.226243,313657.1515008437,-0.7474,Fornecedor com CNPJ suspeito
846,204505,Vavá Martins,REPUBLICANOS,PA,Serviços profissionais,"Consultorias, Pesquisas E Trabalhos Técnicos.",0,Sem indício cadastral crítico,FOUND,ATIVA,1,1,40000.00,71687.224615,51239.3397316542,-0.6184,Comportamento esperado
137,178928,Christiane De Souza Yared,PP,PR,Combustível,Combustíveis E Lubrificantes.,1,Situação cadastral não ativa: BAIXADA,FOUND,BAIXADA,2,3,720.70,57944.345500,82353.4495793919,-0.6949,Fornecedor com CNPJ suspeito
598,179001,Márcio Biolchi,MDB,RS,Combustível,Combustíveis E Lubrificantes.,1,CNPJ não encontrado na API pública,NOT_FOUND,,2,3,400.00,60520.148547,97388.05968907535,-0.6173,Fornecedor com CNPJ suspeito
230,204439,Dr. Leonardo,REPUBLICANOS,MT,Publicidade,Divulgação Da Atividade Parlamentar.,1,Situação cadastral não ativa: BAIXADA,FOUND,BAIXADA,2,2,1800.00,167205.955714,207800.9242977291,-0.796,Fornecedor com CNPJ suspeito
480,74585,Lincoln Portela,PL,MG,Combustível,Combustíveis E Lubrificantes.,1,Situação cadastral não ativa: BAIXADA,FOUND,BAIXADA,1,2,370.30,65306.104375,92314.0005265802,-0.7034,Fornecedor com CNPJ suspeito
674,220630,Pedro Aihara,PP,MG,Outros,"Passagens Terrestres, Marítimas Ou Fluviais",1,Erro na consulta pública de CNPJ,ERROR,,1,5,35.58,3858.240000,6358.142634643256,-0.6012,Fornecedor com CNPJ suspeito
882,74459,Átila Lira,PP,PI,Viagens,Passagem Aérea - Rpa,0,Sem indício cadastral crítico,FOUND,ATIVA,1,1,2939.64,17321.367273,29804.932291452395,-0.4825,Comportamento esperado
370,178873,Helder Salomão,PT,ES,Publicidade,Divulgação Da Atividade Parlamentar.,1,Situação cadastral não ativa: INAPTA,FOUND,INAPTA,1,1,1100.00,254942.876552,301625.34822291706,-0.8416,Fornecedor com CNPJ suspeito
887,,,,NA,Publicidade,Divulgação Da Atividade Parlamentar.,0,Sem indício cadastral crítico,FOUND,ATIVA,1,2,875.00,50979.424375,81608.46012151951,-0.614,Comportamento esperado
560,74398,Maria Do Rosário,PT,RS,Hotéis,"Hospedagem ,exceto Do Parlamentar No Distrito Federal.",1,Situação cadastral não ativa: BAIXADA,FOUND,BAIXADA,1,1,249.10,21826.986437,35658.661568585754,-0.6051,Fornecedor com CNPJ suspeito
632,178987,Orlando Silva,PCDOB,SP,Serviços profissionais,"Consultorias, Pesquisas E Trabalhos Técnicos.",0,Sem indício cadastral crítico,FOUND,ATIVA,1,1,920.00,42478.291429,47664.49520078613,-0.8719,Comportamento esperado
392,67138,Iracema Portella,PP,PI,Locomoção,Locação Ou Fretamento De Veículos Automotores,0,Sem indício cadastral crítico,FOUND,ATIVA,1,1,1750.00,264114.661053,215307.58327079436,-1.2186,Comportamento esperado
818,220682,Tadeu Veneri,PT,PR,Alimentação,Fornecimento De Alimentação Do Parlamentar,1,Erro na consulta pública de CNPJ,ERROR,,1,1,20.18,4173.948542,8441.04850518495,-0.4921,Fornecedor com CNPJ suspeito
493,220581,Luciano Amaral,PSD,AL,Viagens,Passagem Aérea - Rpa,0,Sem indício cadastral crítico,FOUND,ATIVA,1,1,2236.85,21225.077273,32156.183325062724,-0.5905,Comportamento esperado
274,204537,Enrico Misasi,MDB,SP,Serviços profissionais,"Consultorias, Pesquisas E Trabalhos Técnicos.",0,Sem indício cadastral crítico,FOUND,ATIVA,1,1,6500.00,42478.291429,47664.49520078613,-0.7548,Comportamento esperado
401,74848,Jandira Feghali,PCDOB,RJ,Viagens,Passagem Aérea - Reembolso,0,Sem indício cadastral crítico,FOUND,ATIVA,1,1,1595.27,9840.865893,10669.362639943789,-0.7728,Comportamento esperado
490,204404,Lucas Redecker,PSD,RS,Viagens,Passagem Aérea - Reembolso,1,Erro na consulta pública de CNPJ,ERROR,,1,1,5866.74,7846.026333,10735.105702213965,-0.1844,Fornecedor com CNPJ suspeito
527,166402,Magda Mofatto,PL,GO,Alimentação,Fornecimento De Alimentação Do Parlamentar,0,Sem indício cadastral crítico,FOUND,ATIVA,4,4,213.78,3293.239000,7032.529544734017,-0.4379,Comportamento esperado
179,160528,Danilo Cabral,PSB,PE,Combustível,Combustíveis E Lubrificantes.,1,Situação cadastral não ativa: BAIXADA,FOUND,BAIXADA,1,1,364.89,53506.291935,82942.380015203,-0.6407,Fornecedor com CNPJ suspeito
640,204573,Otto Alencar Filho,PSD,BA,Combustível,Combustíveis E Lubrificantes.,1,Situação cadastral não ativa: BAIXADA,FOUND,BAIXADA,1,1,260.95,76280.976842,110667.4963849575,-0.6869,Fornecedor com CNPJ suspeito
882,74459,Átila Lira,PP,PI,Outros,Manutenção De Escritório De Apoio À Atividade Parlamentar,1,Situação cadastral não ativa: BAIXADA,FOUND,BAIXADA,1,1,299.00,64892.367419,74159.10998309037,-0.871,Fornecedor com CNPJ suspeito
863,74043,Wellington Roberto,PL,PB,Viagens,Passagem Aérea - Reembolso,0,Sem indício cadastral crítico,FOUND,ATIVA,1,2,300.00,14118.253125,32577.997530279183,-0.4242,Comportamento esperado
241,220686,Duarte Jr.,AVANTE,MA,Publicidade,Divulgação Da Atividade Parlamentar.,1,Situação cadastral não ativa: BAIXADA,FOUND,BAIXADA,2,3,10844.00,299945.123175,386285.4495039867,-0.7484,Fornecedor com CNPJ suspeito
21,160559,Alceu Moreira,MDB,RS,Publicidade,Divulgação Da Atividade Parlamentar.,1,CNPJ não encontrado na API pública,NOT_FOUND,,1,1,200.00,215724.063125,265101.600265673,-0.813,Fornecedor com CNPJ suspeito
29,220542,Alexandre Guimarães,MDB,TO,Viagens,Passagem Aérea - Reembolso,0,Sem indício cadastral crítico,FOUND,ATIVA,3,3,9376.91,4645.874444,4227.848303939934,1.119,Comportamento esperado
525,220566,Lêda Borges,REPUBLICANOS,GO,Viagens,Passagem Aérea - Rpa,0,Sem indício cadastral crítico,FOUND,ATIVA,1,2,554.27,7640.432500,13977.443613177566,-0.507,Comportamento esperado
175,204454,Daniel Silveira,PTB,RJ,Combustível,Combustíveis E Lubrificantes.,1,Situação cadastral não ativa: BAIXADA,FOUND,BAIXADA,1,1,279.33,44023.319398,62812.667137756165,-0.6964,Fornecedor com CNPJ suspeito
670,133968,Paulo Ramos,PDT,RJ,Combustível,Combustíveis E Lubrificantes.,1,Situação cadastral não ativa: BAIXADA,FOUND,BAIXADA,3,3,499.78,44023.319398,62812.667137756165,-0.6929,Fornecedor com CNPJ suspeito
120,204426,Carlos Veras,PT,PE,Comunicação,Telefonia,1,Situação cadastral não ativa: BAIXADA,FOUND,BAIXADA,1,2,918.43,10941.974167,12252.099914667077,-0.8181,Fornecedor com CNPJ suspeito
255,220589,Eduardo Velloso,SOLIDARIEDADE,AC,Comunicação,Telefonia,0,Sem indício cadastral crítico,FOUND,ATIVA,1,2,309.60,4341.214167,4755.124320798006,-0.8478,Comportamento esperado
797,204360,Silvia Cristina,PP,RO,Alimentação,Fornecimento De Alimentação Do Parlamentar,1,Situação cadastral não ativa: BAIXADA,FOUND,BAIXADA,1,1,36.70,3332.884500,5228.833199412531,-0.6304,Fornecedor com CNPJ suspeito
243,220623,Duda Salabert,PSOL,MG,Outros,Serviço De Segurança Prestado Por Empresa Especializada.,0,Sem indício cadastral crítico,FOUND,ATIVA,1,2,16500.00,6910.803333,5568.322882362166,1.7221,Comportamento esperado
483,204382,Loester Trutis,PL,MS,Combustível,Combustíveis E Lubrificantes.,1,Situação cadastral não ativa: BAIXADA,FOUND,BAIXADA,1,2,479.62,73790.692609,89494.27774679432,-0.8192,Fornecedor com CNPJ suspeito
475,122195,Leonardo Gadelha,PSC,PB,Viagens,Passagem Aérea - Rpa,0,Sem indício cadastral crítico,FOUND,ATIVA,1,1,1404.90,6222.055333,8497.227830281614,-0.5669,Comportamento esperado
98,210989,Bruno Farias,REPUBLICANOS,MG,Combustível,Combustíveis E Lubrificantes.,1,Situação cadastral não ativa: BAIXADA,FOUND,BAIXADA,1,1,186.64,65306.104375,92314.0005265802,-0.7054,Fornecedor com CNPJ suspeito
218,204450,Doutor Luizinho,PP,RJ,Viagens,Passagem Aérea - Rpa,0,Sem indício cadastral crítico,FOUND,ATIVA,2,9,5929.08,24365.871064,36425.48190750471,-0.5062,Comportamento esperado
806,220575,Sonize Barbosa,PL,AP,Combustível,Combustíveis E Lubrificantes.,1,Situação cadastral não ativa: BAIXADA,FOUND,BAIXADA,1,1,279.54,24571.047667,39205.554475113444,-0.6196,Fornecedor com CNPJ suspeito
262,204389,Elias Vaz,PSB,GO,Publicidade,Assinatura De Publicações,0,Sem indício cadastral crítico,FOUND,ATIVA,1,1,27.70,1246.820000,1176.5228438071229,-1.0362,Comportamento esperado
322,220653,Fábio Teruel,MDB,SP,Publicidade,Assinatura De Publicações,0,Sem indício cadastral crítico,FOUND,ATIVA,1,1,106.90,3369.241333,3418.330377283657,-0.9544,Comportamento esperado
282,178953,Expedito Netto,PSD,RO,Outros,Manutenção De Escritório De Apoio À Atividade Parlamentar,0,Sem indício cadastral crítico,FOUND,ATIVA,1,3,473.30,40149.183103,63678.43736701476,-0.6231,Comportamento esperado
546,221147,Marcia Scherer,MDB,RS,Locomoção,Locação Ou Fretamento De Veículos Automotores,1,Situação cadastral não ativa: BAIXADA,FOUND,BAIXADA,1,1,1024.00,182736.733051,177547.8783363845,-1.0235,Fornecedor com CNPJ suspeito
821,206231,Ted Conti,PSB,ES,Comunicação,Telefonia,0,Sem indício cadastral crítico,FOUND,ATIVA,1,1,380.66,19441.733636,20791.65600073225,-0.9168,Comportamento esperado
113,204507,Carla Zambelli,PL,SP,Outros,Serviços Postais,0,Sem indício cadastral crítico,FOUND,ATIVA,1,1,140.00,1015.584878,1403.5425598127083,-0.6238,Comportamento esperado
61,220544,Antonio Andrade,PSDB,TO,Comunicação,Telefonia,0,Sem indício cadastral crítico,FOUND,ATIVA,1,1,235.60,6929.241333,13569.93291877454,-0.4933,Comportamento esperado
402,108338,Jaqueline Cassol,PP,RO,Outros,Manutenção De Escritório De Apoio À Atividade Parlamentar,1,Situação cadastral não ativa: BAIXADA,FOUND,BAIXADA,1,2,389.90,40149.183103,63678.43736701476,-0.6244,Fornecedor com CNPJ suspeito
191,220642,Delegado Bruno Lima,PODE,SP,Combustível,Combustíveis E Lubrificantes.,1,Situação cadastral não ativa: BAIXADA,FOUND,BAIXADA,1,1,234.68,42192.750821,64034.19773844777,-0.6552,Fornecedor com CNPJ suspeito
811,73808,Sérgio Brito,PSD,BA,Locomoção,Locação Ou Fretamento De Veículos Automotores,1,Situação cadastral não ativa: BAIXADA,FOUND,BAIXADA,1,1,753.48,292409.611930,213979.496522466,-1.363,Fornecedor com CNPJ suspeito
595,178997,Moses Rodrigues,UNIÃO,CE,Locomoção,Locação Ou Fretamento De Veículos Automotores,0,Sem indício cadastral crítico,FOUND,ATIVA,2,3,10323.34,139651.247778,143531.8586124825,-0.901,Comportamento esperado
845,235712,Vavá,AVANTE,MG,Combustível,Combustíveis E Lubrificantes.,0,Sem indício cadastral crítico,FOUND,ATIVA,2,2,523.05,65306.104375,92314.0005265802,-0.7018,Comportamento esperado
512,229432,Luiz Fernando Vampiro,MDB,SC,Outros,Aquisição De Tokens E Certificados Digitais,0,Sem indício cadastral crítico,FOUND,ATIVA,1,1,143.00,220.827500,119.76610131836135,-0.6498,Comportamento esperado
207,160588,Diego Andrade,PSD,MG,Outros,Serviços Postais,0,Sem indício cadastral crítico,FOUND,ATIVA,1,1,45.12,2049.065200,4121.470694655126,-0.4862,Comportamento esperado
30,160545,Alexandre Leite,UNIÃO,SP,Publicidade,Assinatura De Publicações,0,Sem indício cadastral crítico,FOUND,ATIVA,1,2,1793.50,3369.241333,3418.330377283657,-0.461,Comportamento esperado
651,218741,Patrick Dorneles,PSD,PB,Locomoção,Locação Ou Fretamento De Veículos Automotores,0,Sem indício cadastral crítico,FOUND,ATIVA,1,1,6000.00,197980.822174,165434.59936969794,-1.1605,Comportamento esperado
715,74161,Reginaldo Lopes,PT,MG,Combustível,Combustíveis E Lubrificantes.,1,CNPJ não encontrado na API pública,NOT_FOUND,,1,2,200.00,65306.104375,92314.0005265802,-0.7053,Fornecedor com CNPJ suspeito
497,227323,Luciano Galego,PL,MA,Publicidade,Divulgação Da Atividade Parlamentar.,1,Situação cadastral não ativa: BAIXADA,FOUND,BAIXADA,1,1,50000.00,299945.123175,386285.4495039867,-0.647,Fornecedor com CNPJ suspeito
39,204400,Aline Sleutjes,PROS,PR,Serviços profissionais,"Consultorias, Pesquisas E Trabalhos Técnicos.",0,Sem indício cadastral crítico,FOUND,ATIVA,1,3,60000.00,58752.690645,58141.82428785019,0.0215,Comportamento esperado
147,204378,Coronel Chrisóstomo,PL,RO,Combustível,Combustíveis E Lubrificantes.,1,CNPJ não encontrado na API pública,NOT_FOUND,,1,1,200.00,64922.175357,86632.41303886044,-0.7471,Fornecedor com CNPJ suspeito
490,204404,Lucas Redecker,PSDB,RS,Outros,Serviços Postais,0,Sem indício cadastral crítico,FOUND,ATIVA,1,1,73.50,862.238182,1333.8726370935917,-0.5913,Comportamento esperado
815,178922,Tadeu Alencar,PSB,PE,Publicidade,Divulgação Da Atividade Parlamentar.,1,Erro na consulta pública de CNPJ,ERROR,,1,2,165.74,241972.708182,301628.5621101344,-0.8017,Fornecedor com CNPJ suspeito
386,178909,Hélio Leite,UNIÃO,PA,Hotéis,"Hospedagem ,exceto Do Parlamentar No Distrito Federal.",0,Sem indício cadastral crítico,FOUND,ATIVA,1,2,441.00,12723.705217,19811.362899516178,-0.62,Comportamento esperado
487,219592,Lucas Follador,PSC,RO,Viagens,Passagem Aérea - Reembolso,0,Sem indício cadastral crítico,FOUND,ATIVA,1,1,2159.42,7101.265556,5024.360135719054,-0.9836,Comportamento esperado
64,123756,Antônia Lúcia,MDB,AC,Comunicação,Telefonia,0,Sem indício cadastral crítico,FOUND,ATIVA,1,2,2301.88,4341.214167,4755.124320798006,-0.4289,Comportamento esperado
883,123086,Átila Lira,PP,PI,Hotéis,"Hospedagem ,exceto Do Parlamentar No Distrito Federal.",0,Sem indício cadastral crítico,FOUND,ATIVA,1,1,383.55,7549.470769,12134.625273294365,-0.5905,Comportamento esperado
163,141411,Dagoberto Nogueira,PSDB,MS,Publicidade,Assinatura De Publicações,0,Sem indício cadastral crítico,FOUND,ATIVA,1,1,309.00,525.333333,187.99024797401947,-1.1508,Comportamento esperado
901,,,,NA,Publicidade,Divulgação Da Atividade Parlamentar.,0,Sem indício cadastral crítico,FOUND,ATIVA,1,1,10000.00,50979.424375,81608.46012151951,-0.5021,Comportamento esperado
193,220649,Delegado Da Cunha,UNIÃO,SP,Outros,Aquisição De Tokens E Certificados Digitais,0,Sem indício cadastral crítico,FOUND,ATIVA,1,1,350.00,237.090000,170.74249018787194,0.6613,Comportamento esperado
522,141480,Lázaro Botelho,PP,TO,Serviços profissionais,"Consultorias, Pesquisas E Trabalhos Técnicos.",0,Sem indício cadastral crítico,FOUND,ATIVA,1,1,55000.00,116859.636364,127191.31032210709,-0.4864,Comportamento esperado
861,220601,Washington Quaquá,PT,RJ,Hotéis,"Hospedagem ,exceto Do Parlamentar No Distrito Federal.",1,Situação cadastral não ativa: BAIXADA,FOUND,BAIXADA,1,1,440.00,13016.628636,21468.959145470457,-0.5858,Fornecedor com CNPJ suspeito
814,204534,Tabata Amaral,PSB,SP,Publicidade,Divulgação Da Atividade Parlamentar.,1,Situação cadastral não ativa: INAPTA,FOUND,INAPTA,1,1,450.00,243741.226243,313657.1515008437,-0.7757,Fornecedor com CNPJ suspeito
259,204364,Eli Borges,REPUBLICANOS,TO,Locomoção,Locação Ou Fretamento De Veículos Automotores,1,Situação cadastral não ativa: BAIXADA,FOUND,BAIXADA,1,1,545.60,117209.676500,159137.4356385456,-0.7331,Fornecedor com CNPJ suspeito
771,73466,Rubens Bueno,CIDADANIA,PR,Alimentação,Fornecimento De Alimentação Do Parlamentar,1,Situação cadastral não ativa: BAIXADA,FOUND,BAIXADA,1,1,39.00,4173.948542,8441.04850518495,-0.4899,Fornecedor com CNPJ suspeito
69,141391,Arnaldo Jardim,CIDADANIA,SP,Combustível,Combustíveis E Lubrificantes.,1,Situação cadastral não ativa: INAPTA,FOUND,INAPTA,1,1,110.02,42192.750821,64034.19773844777,-0.6572,Fornecedor com CNPJ suspeito
15,204495,Airton Faleiro,PT,PA,Hotéis,"Hospedagem ,exceto Do Parlamentar No Distrito Federal.",1,Situação cadastral não ativa: INAPTA,FOUND,INAPTA,1,1,172.50,12723.705217,19811.362899516178,-0.6335,Fornecedor com CNPJ suspeito
500,229082,Lucyana Genésio,PDT,MA,Outros,Manutenção De Escritório De Apoio À Atividade Parlamentar,0,Sem indício cadastral crítico,FOUND,ATIVA,2,2,360.60,64195.130784,109861.24089764054,-0.581,Comportamento esperado
284,219920,Fabio Barros,PSB,PE,Hotéis,"Hospedagem ,exceto Do Parlamentar No Distrito Federal.",0,Sem indício cadastral crítico,FOUND,ATIVA,1,1,620.26,17089.374528,23447.97906027458,-0.7024,Comportamento esperado
826,220597,Thiago Flores,UNIÃO,RO,Outros,"Serviço De Táxi, Pedágio E Estacionamento",0,Sem indício cadastral crítico,FOUND,ATIVA,1,2,389.36,1932.761250,3462.107549787877,-0.4458,Comportamento esperado
728,220543,Ricardo Ayres,REPUBLICANOS,TO,Hotéis,"Hospedagem ,exceto Do Parlamentar No Distrito Federal.",1,Situação cadastral não ativa: BAIXADA,FOUND,BAIXADA,1,1,410.00,12387.293158,19170.891927221925,-0.6248,Fornecedor com CNPJ suspeito
286,171623,Fabio Reis,PSD,SE,Outros,Serviços Postais,0,Sem indício cadastral crítico,FOUND,ATIVA,1,1,98.20,98.200000,,,Comportamento esperado
106,220690,Capitão Alden,PL,BA,Alimentação,Fornecimento De Alimentação Do Parlamentar,1,Situação cadastral não ativa: INAPTA,FOUND,INAPTA,1,1,37.83,5334.958511,10548.888785765435,-0.5022,Fornecedor com CNPJ suspeito
413,160548,Jonas Donizette,PSB,SP,Outros,"Serviço De Táxi, Pedágio E Estacionamento",1,Situação cadastral não ativa: BAIXADA,FOUND,BAIXADA,1,1,8.50,11967.060840,16796.655097373645,-0.712,Fornecedor com CNPJ suspeito
443,220559,Julia Zanatta,PL,SC,Publicidade,Assinatura De Publicações,1,Erro na consulta pública de CNPJ,ERROR,,1,1,2377.80,1002.800000,856.1605048120359,1.606,Fornecedor com CNPJ suspeito
58,178882,André Fufuca,PP,MA,Viagens,Passagem Aérea - Reembolso,0,Sem indício cadastral crítico,FOUND,ATIVA,1,2,4103.82,10441.916667,13512.988376850404,-0.469,Comportamento esperado
600,221183,Márcio Dória,PCDOB,SE,Locomoção,Locação Ou Fretamento De Veículos Automotores,0,Sem indício cadastral crítico,FOUND,ATIVA,1,1,6500.00,212589.297222,162975.5333971958,-1.2645,Comportamento esperado
555,220547,Marcos Pollon,PL,MS,Comunicação,Telefonia,0,Sem indício cadastral crítico,FOUND,ATIVA,2,2,749.79,12463.390000,16925.10623218233,-0.6921,Comportamento esperado
504,204410,Luisa Canziani,UNIÃO,PR,Publicidade,Assinatura De Publicações,0,Sem indício cadastral crítico,FOUND,ATIVA,1,1,598.80,799.995625,610.7018274408415,-0.3294,Comportamento esperado
382,178959,Hiran Gonçalves,PP,RR,Publicidade,Divulgação Da Atividade Parlamentar.,1,Situação cadastral não ativa: BAIXADA,FOUND,BAIXADA,2,3,11500.00,302008.159333,364968.0243701814,-0.796,Fornecedor com CNPJ suspeito
269,198783,Emanuel Pinheiro Neto,MDB,MT,Outros,Serviços Postais,0,Sem indício cadastral crítico,FOUND,ATIVA,1,1,39.12,523.455000,916.2006105469843,-0.5286,Comportamento esperado
650,205535,Patricia Ferraz,PL,AP,Publicidade,Divulgação Da Atividade Parlamentar.,0,Sem indício cadastral crítico,FOUND,ATIVA,2,2,20000.00,282209.245429,388109.6753004129,-0.6756,Comportamento esperado
25,178972,Alex Manente,CIDADANIA,SP,Viagens,Passagem Aérea - Reembolso,0,Sem indício cadastral crítico,FOUND,ATIVA,1,1,1866.28,9758.571000,11443.414965885137,-0.6897,Comportamento esperado
42,178881,Aluisio Mendes,REPUBLICANOS,MA,Outros,"Participação Em Curso, Palestra Ou Evento Similar",1,Erro na consulta pública de CNPJ,ERROR,,1,1,4542.65,6379.883333,6887.791517666119,-0.2667,Fornecedor com CNPJ suspeito
335,220702,Geraldo Mendes,UNIÃO,PR,Outros,"Serviço De Táxi, Pedágio E Estacionamento",0,Sem indício cadastral crítico,FOUND,ATIVA,1,1,45.99,5713.999474,13397.131596894355,-0.4231,Comportamento esperado
849,137070,Vicentinho Júnior,PP,TO,Outros,Manutenção De Escritório De Apoio À Atividade Parlamentar,0,Sem indício cadastral crítico,FOUND,ATIVA,2,2,734.07,60332.404118,100110.53801139936,-0.5953,Comportamento esperado
369,178964,Heitor Schuch,PSD,RS,Alimentação,Fornecimento De Alimentação Do Parlamentar,1,Situação cadastral não ativa: BAIXADA,FOUND,BAIXADA,2,2,83.70,7368.085075,13657.337051272762,-0.5334,Fornecedor com CNPJ suspeito
146,220594,Coronel Assis,PL,MT,Viagens,Passagem Aérea - Reembolso,0,Sem indício cadastral crítico,FOUND,ATIVA,1,3,7044.41,36104.208462,85065.80718840551,-0.3416,Comportamento esperado
648,220615,Pastor Henrique Vieira,PSOL,RJ,Outros,Aquisição De Tokens E Certificados Digitais,0,Sem indício cadastral crítico,FOUND,ATIVA,1,1,149.00,183.310000,132.1682953661732,-0.2596,Comportamento esperado
188,220625,Delegada Ione,AVANTE,MG,Viagens,Passagem Aérea - Rpa,0,Sem indício cadastral crítico,FOUND,ATIVA,2,2,3584.80,40253.940526,63478.97879162227,-0.5777,Comportamento esperado
528,151965,Maia Filho,PP,PI,Combustível,Combustíveis E Lubrificantes.,0,Sem indício cadastral crítico,FOUND,ATIVA,2,3,2376.37,73929.545357,101552.42380940972,-0.7046,Comportamento esperado
81,73701,Benedita Da Silva,PT,RJ,Publicidade,Divulgação Da Atividade Parlamentar.,1,Situação cadastral não ativa: BAIXADA,FOUND,BAIXADA,1,2,8500.00,226781.355120,259582.44863584734,-0.8409,Fornecedor com CNPJ suspeito
650,205535,Patricia Ferraz,PL,AP,Locomoção,Locação Ou Fretamento De Veículos Automotores,0,Sem indício cadastral crítico,FOUND,ATIVA,1,3,8975.00,118873.802381,121389.286590239,-0.9053,Comportamento esperado
482,204405,Liziane Bayer,REPUBLICANOS,RS,Hotéis,"Hospedagem ,exceto Do Parlamentar No Distrito Federal.",1,Situação cadastral não ativa: BAIXADA,FOUND,BAIXADA,1,4,1280.00,21826.986437,35658.661568585754,-0.5762,Fornecedor com CNPJ suspeito
615,146307,Neri Geller,PP,MT,Serviços profissionais,"Consultorias, Pesquisas E Trabalhos Técnicos.",0,Sem indício cadastral crítico,FOUND,ATIVA,1,1,20000.00,43580.003333,32567.61538092762,-0.724,Comportamento esperado
201,164359,Delegado Waldir,UNIÃO,GO,Outros,Manutenção De Escritório De Apoio À Atividade Parlamentar,0,Sem indício cadastral crítico,FOUND,ATIVA,1,1,253.80,100447.486545,162486.21407041358,-0.6166,Comportamento esperado
178,220557,Daniela Reinehr,PL,SC,Publicidade,Divulgação Da Atividade Parlamentar.,1,Situação cadastral não ativa: BAIXADA,FOUND,BAIXADA,1,1,2400.00,148561.773265,217765.15459275612,-0.6712,Fornecedor com CNPJ suspeito
145,204376,Coronel Armando,PL,SC,Combustível,Combustíveis E Lubrificantes.,1,Situação cadastral não ativa: BAIXADA,FOUND,BAIXADA,1,1,222.81,63943.250339,85631.6159933909,-0.7441,Fornecedor com CNPJ suspeito
786,220713,Saullo Vianna,MDB,AM,Outros,"Serviço De Táxi, Pedágio E Estacionamento",0,Sem indício cadastral crítico,FOUND,ATIVA,2,2,72.00,227.265000,277.6426341540506,-0.5592,Comportamento esperado
174,228941,Daniel José,PODE,SP,Viagens,Passagem Aérea - Reembolso,0,Sem indício cadastral crítico,FOUND,ATIVA,1,1,2224.85,9758.571000,11443.414965885137,-0.6583,Comportamento esperado
549,219585,Marco Brasil,PP,PR,Viagens,Passagem Aérea - Reembolso,0,Sem indício cadastral crítico,FOUND,ATIVA,1,1,966.33,17801.644063,39455.64199846602,-0.4267,Comportamento esperado
656,141516,Paulo Abi-ackel,PSDB,MG,Comunicação,Telefonia,1,Situação cadastral não ativa: BAIXADA,FOUND,BAIXADA,1,1,341.01,15607.667083,19082.29985422686,-0.8,Fornecedor com CNPJ suspeito
802,220651,Simone Marquetto,PP,SP,Outros,Aquisição De Tokens E Certificados Digitais,0,Sem indício cadastral crítico,FOUND,ATIVA,2,2,214.23,237.090000,170.74249018787194,-0.1339,Comportamento esperado
213,220602,Dimas Gadelha,PT,RJ,Combustível,Combustíveis E Lubrificantes.,1,Situação cadastral não ativa: BAIXADA,FOUND,BAIXADA,1,1,100.00,44023.319398,62812.667137756165,-0.6993,Fornecedor com CNPJ suspeito
607,178858,Mário Negromonte Jr.,PP,BA,Locomoção,Locação Ou Fretamento De Aeronaves,0,Sem indício cadastral crítico,FOUND,ATIVA,1,1,12147.80,81359.287500,83475.1578545966,-0.8291,Comportamento esperado
430,160619,José Nunes,PSD,BA,Hotéis,"Hospedagem ,exceto Do Parlamentar No Distrito Federal.",0,Sem indício cadastral crítico,FOUND,ATIVA,1,1,1276.12,14559.116889,26542.375379101115,-0.5004,Comportamento esperado
765,220644,Rosangela Moro,PL,SP,Publicidade,Divulgação Da Atividade Parlamentar.,1,Situação cadastral não ativa: INAPTA,FOUND,INAPTA,1,1,3000.00,243741.226243,313657.1515008437,-0.7675,Fornecedor com CNPJ suspeito
226,204518,Dr. Frederico,PATRIOTA,MG,Hotéis,"Hospedagem ,exceto Do Parlamentar No Distrito Federal.",1,Situação cadastral não ativa: BAIXADA,FOUND,BAIXADA,1,1,360.00,17018.453084,26330.369533202334,-0.6327,Fornecedor com CNPJ suspeito
756,204480,Rogério Correia,PT,MG,Serviços profissionais,"Consultorias, Pesquisas E Trabalhos Técnicos.",0,Sem indício cadastral crítico,FOUND,ATIVA,1,2,13420.00,50370.301935,57079.85828457048,-0.6473,Comportamento esperado
198,220652,Delegado Palumbo,PODE,SP,Outros,"Serviço De Táxi, Pedágio E Estacionamento",1,Situação cadastral não ativa: INAPTA,FOUND,INAPTA,1,1,30.00,11967.060840,16796.655097373645,-0.7107,Fornecedor com CNPJ suspeito
275,220663,Eriberto Medeiros,PSB,PE,Viagens,Passagem Aérea - Reembolso,0,Sem indício cadastral crítico,FOUND,ATIVA,1,1,1985.64,7471.163333,10016.291980131698,-0.5477,Comportamento esperado
802,220651,Simone Marquetto,PP,SP,Outros,"Serviço De Táxi, Pedágio E Estacionamento",1,Situação cadastral não ativa: BAIXADA,FOUND,BAIXADA,1,1,47.00,11967.060840,16796.655097373645,-0.7097,Fornecedor com CNPJ suspeito
139,178939,Clarissa Garotinho,UNIÃO,RJ,Outros,Manutenção De Escritório De Apoio À Atividade Parlamentar,0,Sem indício cadastral crítico,FOUND,ATIVA,1,1,354.70,80988.593819,134414.71100556676,-0.5999,Comportamento esperado
31,220554,Alexandre Lindenmeyer,PT,RS,Outros,Serviços Postais,0,Sem indício cadastral crítico,FOUND,ATIVA,1,1,3149.10,862.238182,1333.8726370935917,1.7145,Comportamento esperado
647,204570,Pastor Gil,PL,MA,Outros,Manutenção De Escritório De Apoio À Atividade Parlamentar,0,Sem indício cadastral crítico,FOUND,ATIVA,1,2,2704.50,64195.130784,109861.24089764054,-0.5597,Comportamento esperado
877,204559,Zé Neto,PT,BA,Publicidade,Divulgação Da Atividade Parlamentar.,1,Situação cadastral não ativa: BAIXADA,FOUND,BAIXADA,1,1,600.00,317318.910361,328157.1355142384,-0.9651,Fornecedor com CNPJ suspeito
377,178981,Herculano Passos,REPUBLICANOS,SP,Viagens,Passagem Aérea - Rpa,0,Sem indício cadastral crítico,FOUND,ATIVA,1,1,735.66,24943.515352,36157.13967829913,-0.6695,Comportamento esperado
818,220682,Tadeu Veneri,PT,PR,Viagens,Passagem Aérea - Reembolso,0,Sem indício cadastral crítico,FOUND,ATIVA,1,1,1108.77,17801.644063,39455.64199846602,-0.4231,Comportamento esperado
521,220669,Lula Da Fonte,PP,PE,Publicidade,Divulgação Da Atividade Parlamentar.,1,Erro na consulta pública de CNPJ,ERROR,,1,2,51.98,241972.708182,301628.5621101344,-0.802,Fornecedor com CNPJ suspeito
110,204487,Capitão Wagner,UNIÃO,CE,Viagens,Passagem Aérea - Rpa,0,Sem indício cadastral crítico,FOUND,ATIVA,1,1,3154.24,32586.001200,51600.505956913454,-0.5704,Comportamento esperado
602,81055,Márcio Jerry,PCDOB,MA,Publicidade,Assinatura De Publicações,0,Sem indício cadastral crítico,FOUND,ATIVA,1,1,34.90,2169.600000,1849.596245779062,-1.1541,Comportamento esperado
240,227800,Duarte Gonçalves Jr,REPUBLICANOS,MG,Alimentação,Fornecimento De Alimentação Do Parlamentar,1,Situação cadastral não ativa: BAIXADA,FOUND,BAIXADA,1,1,29.00,3421.773553,6721.942950865462,-0.5047,Fornecedor com CNPJ suspeito
804,104552,Socorro Neri,PP,AC,Publicidade,Divulgação Da Atividade Parlamentar.,1,Situação cadastral não ativa: BAIXADA,FOUND,BAIXADA,1,1,2000.00,295132.464706,394989.3569390969,-0.7421,Fornecedor com CNPJ suspeito
171,220582,Daniel Barbosa,PP,AL,Combustível,Combustíveis E Lubrificantes.,1,Situação cadastral não ativa: BAIXADA,FOUND,BAIXADA,1,1,150.00,41184.340741,54405.12179897842,-0.7542,Fornecedor com CNPJ suspeito
28,204544,Alexandre Frota,PROS,SP,Hotéis,"Hospedagem ,exceto Do Parlamentar No Distrito Federal.",1,Situação cadastral não ativa: INAPTA,FOUND,INAPTA,1,1,750.00,10014.789189,11435.329101648113,-0.8102,Fornecedor com CNPJ suspeito
255,220589,Eduardo Velloso,SOLIDARIEDADE,AC,Combustível,Combustíveis E Lubrificantes.,1,Erro na consulta pública de CNPJ,ERROR,,1,1,195.00,74559.202308,89345.09325877228,-0.8323,Fornecedor com CNPJ suspeito
92,204561,Bira Do Pindaré,PSB,MA,Outros,Manutenção De Escritório De Apoio À Atividade Parlamentar,1,Situação cadastral não ativa: BAIXADA,FOUND,BAIXADA,1,2,151.07,64195.130784,109861.24089764054,-0.583,Fornecedor com CNPJ suspeito
842,74376,Vander Loubet,PT,MS,Combustível,Combustíveis E Lubrificantes.,1,CNPJ não encontrado na API pública,NOT_FOUND,,1,2,200.00,73790.692609,89494.27774679432,-0.8223,Fornecedor com CNPJ suspeito
766,204357,Rose Modesto,UNIÃO,MS,Publicidade,Divulgação Da Atividade Parlamentar.,1,Situação cadastral não ativa: INAPTA,FOUND,INAPTA,1,1,1400.00,244824.753226,352025.1744174792,-0.6915,Fornecedor com CNPJ suspeito
449,74253,Julio Lopes,PP,RJ,Publicidade,Assinatura De Publicações,0,Sem indício cadastral crítico,FOUND,ATIVA,1,1,43.90,4317.763846,4399.037924691675,-0.9715,Comportamento esperado
852,141555,Vinicius Carvalho,PL,SP,Combustível,Combustíveis E Lubrificantes.,1,CNPJ não encontrado na API pública,NOT_FOUND,,1,1,100.00,42192.750821,64034.19773844777,-0.6573,Fornecedor com CNPJ suspeito
705,204467,Professora Rosa Neide,PT,MT,Combustível,Combustíveis E Lubrificantes.,1,Situação cadastral não ativa: BAIXADA,FOUND,BAIXADA,1,1,100.00,34330.305532,57340.29977264771,-0.597,Fornecedor com CNPJ suspeito
314,204494,Fred Costa,PRD,MG,Outros,Serviços Postais,0,Sem indício cadastral crítico,FOUND,ATIVA,1,1,52.40,2049.065200,4121.470694655126,-0.4845,Comportamento esperado
632,178987,Orlando Silva,PCDOB,SP,Outros,Serviços Postais,0,Sem indício cadastral crítico,FOUND,ATIVA,1,1,35.10,1015.584878,1403.5425598127083,-0.6986,Comportamento esperado
141,74537,Claudio Cajado,PP,BA,Alimentação,Fornecimento De Alimentação Do Parlamentar,1,Situação cadastral não ativa: INAPTA,FOUND,INAPTA,1,1,125.00,5334.958511,10548.888785765435,-0.4939,Fornecedor com CNPJ suspeito
783,204387,Sargento Fahur,PSD,PR,Combustível,Combustíveis E Lubrificantes.,1,Situação cadastral não ativa: BAIXADA,FOUND,BAIXADA,1,1,283.01,57944.345500,82353.4495793919,-0.7002,Fornecedor com CNPJ suspeito
